Time (s)   roll (deg)
0.00021	-0.67069
0.01885	1.01567
0.03766	1.26278
0.05631	0.31834
0.07485	0.00713
0.09358	0.54146
0.11210	1.21873
0.13061	0.74110
0.14914	-0.55426
0.16765	0.44352
0.18633	1.99458
0.20487	0.67427
0.22340	0.29918
0.24191	0.50091
0.26044	0.23289
0.27896	0.60607
0.29760	0.05825
0.31612	0.46902
0.33462	0.38783
0.35313	-0.21592
0.37164	-0.70715
0.39016	0.45418
0.40881	-0.10569
0.42732	-1.05735
0.44584	0.32749
0.46434	-0.01729
0.48285	-1.15283
0.50149	-0.73401
0.52004	-0.91121
0.53857	-0.83671
0.55709	0.32079
0.57559	-2.32296
0.59410	-0.89364
0.61274	-0.46589
0.63124	-0.80647
0.64975	-0.63572
0.66826	-1.30201
0.68677	-0.81238
0.70528	-1.62426
0.72391	-1.96575
0.74241	-1.86950
0.76114	-1.49359
0.77973	-2.17785
0.79830	-2.34983
0.81684	-2.33109
0.83552	-1.69508
0.85404	-2.90831
0.87257	-2.10540
0.89108	-1.74102
0.90960	-2.44249
0.92824	-2.58088
0.94675	-2.35417
0.96526	-2.43262
0.98376	-1.98206
1.00227	-3.50189
1.02078	-1.81505
1.03942	-2.70280
1.05794	-2.00804
1.07645	-3.06706
1.09496	-2.07886
1.11379	-1.56652
1.13270	-1.69464
1.15125	-4.43719
1.17017	-2.69210
1.18907	-3.98907
1.20796	-2.45683
1.22681	-3.33178
1.24531	-3.54363
1.26414	-2.94398
1.28297	-2.51011
1.30180	-4.58503
1.32065	-2.90134
1.33947	-3.65427
1.35795	-3.22745
1.37677	-3.53207
1.39560	-2.89910
1.41442	-3.04884
1.43326	-3.12952
1.45209	-3.71975
1.47058	-3.03562
1.48939	-3.84741
1.50823	-3.05879
1.52707	-3.49450
1.54591	-1.71983
1.56473	-3.66817
1.58321	-3.09158
1.60205	-2.63192
1.62089	-1.61719
1.63973	-4.16045
1.65858	-2.80157
1.67709	-2.93487
1.69592	-1.97792
1.71476	-3.34932
1.73359	-2.08549
1.75242	-2.74795
1.77128	-2.68130
1.78989	-3.62124
1.80876	-3.06426
1.82761	-2.07372
1.84644	-1.56923
1.86528	-2.49226
1.88414	-1.66355
1.90263	-2.28760
1.92146	-0.92490
1.94029	-2.59644
1.95912	-1.69876
1.97795	-1.89315
1.99677	-0.91758
2.01525	-3.11895
2.03408	-1.80989
2.05291	-1.89761
2.07173	-2.24942
2.09060	-2.69298
2.10910	0.00906
2.12793	-3.19814
2.14676	-1.03015
2.16558	-2.10623
2.18441	-1.13750
2.20325	-1.73586
2.22174	-1.08285
2.24058	-2.24037
2.25941	-1.56355
2.27824	-1.27362
2.29706	-0.85744
2.31590	-2.91256
2.33438	0.07264
2.35322	-1.11578
2.37204	-0.61156
2.39089	-1.84741
2.40974	-1.02199
2.42857	-1.10581
2.44758	-1.50509
2.46640	-1.73723
2.48523	-1.81855
2.50406	-2.41239
2.52290	-1.49434
2.54141	-0.53389
2.56025	-1.35087
2.57909	-2.14694
2.59793	-1.78469
2.61677	-1.47991
2.63561	-3.30991
2.65409	-1.25326
2.67292	-1.54951
2.69174	-0.90538
2.71057	-2.08742
2.72940	-1.76520
2.74822	-2.07996
2.76670	-2.28679
2.78567	-1.35624
2.80458	-1.76483
2.82345	-2.01987
2.84230	-2.32064
2.86083	-3.35082
2.87967	-2.05003
2.89849	-2.89579
2.91734	-2.54047
2.93617	-2.74274
2.95501	-1.70351
2.97351	-2.68388
2.99234	-1.65847
3.01118	-3.26001
3.03002	-2.92409
3.04886	-4.37107
3.06769	-1.77945
3.08617	-3.76667
3.10501	-2.77694
3.12384	-3.36641
3.14268	-3.81406
3.16152	-4.42465
3.18036	-2.46986
3.19884	-4.27316
3.21768	-3.64030
3.23651	-4.62296
3.25535	-3.83104
3.27420	-3.75953
3.29269	-3.04262
3.31153	-3.42368
3.33036	-4.16121
3.34920	-4.42653
3.36804	-4.36148
3.38687	-3.49686
3.40537	-3.99249
3.42422	-4.02072
3.44308	-3.49781
3.46192	-3.22987
3.48077	-3.85168
3.49966	-3.12175
3.51828	-4.48220
3.53712	-3.48810
3.55596	-2.91698
3.57480	-2.72582
3.59364	-2.77285
3.61248	-3.38789
3.63097	-3.55744
3.64978	-2.20697
3.66861	-4.23937
3.68743	-1.93192
3.70625	-2.62929
3.72472	-2.60069
3.74354	-2.89810
3.76237	-1.82400
3.78124	-2.53648
3.80014	-1.32572
3.81900	-2.72713
3.83752	-1.76204
3.85637	-3.47924
3.87520	-1.59394
3.89403	-1.92651
3.91287	-1.26287
3.93170	-1.70111
3.95020	-2.86655
3.96904	-1.58778
3.98787	-0.88516
4.00670	-2.27169
4.02553	-1.98631
4.04453	-1.26464
4.06335	0.16079
4.08219	-2.06674
4.10101	-1.01394
4.11985	-1.21070
4.13868	-0.58071
4.15716	-0.67497
4.17598	0.18484
4.19486	-0.97726
4.21374	-1.29614
4.23259	-0.84402
4.25143	-1.44607
4.26994	0.84904
4.28877	-0.70997
4.30760	-0.45934
4.32644	-0.85638
4.34526	-0.65078
4.36409	-0.28712
4.38259	-0.88753
4.40142	-0.29384
4.42026	0.89746
4.43909	0.00082
4.45792	0.11125
4.47640	-0.27719
4.49523	0.40656
4.51407	-0.09560
4.53290	-0.95524
4.55173	0.18354
4.57056	-0.17915
4.58905	-0.86179
4.60788	0.52183
4.62671	-0.49897
4.64554	0.49672
4.66436	-0.90787
4.68319	1.13368
4.70167	-0.67084
4.72051	0.60522
4.73934	-0.69156
4.75819	-0.41250
4.77708	-1.00769
4.79596	0.36103
4.81452	0.07334
4.83337	-1.31075
4.85220	-0.83328
4.87104	0.14261
4.88987	-0.81179
4.90836	-0.33208
4.92720	0.21486
4.94604	0.08593
4.96487	0.11150
4.98371	-0.74385
5.00255	-0.48464
5.02103	-0.25064
5.03986	0.26508
5.05869	-0.59745
5.07753	-0.58105
5.09635	0.13111
5.11518	-0.02719
5.13367	-0.47300
5.15249	-1.38643
5.17132	-0.46137
5.19015	-0.03643
5.20898	-2.24859
5.22782	-1.47486
5.24632	-1.49295
5.26515	-0.42311
5.28398	-1.12258
5.30281	-0.94038
5.32165	-1.59213
5.34012	-1.61895
5.35895	-2.02170
5.37778	-0.86450
5.39660	-1.79286
5.41543	-1.30753
5.43425	-2.29597
5.45274	-1.15630
5.47156	-2.85204
5.49039	-1.17235
5.50922	-3.10234
5.52807	-1.51856
5.54689	-2.97332
5.56540	-2.22793
5.58423	-3.39358
5.60307	-1.75969
5.62189	-2.77658
5.64073	-2.51649
5.65973	-3.05087
5.67856	-2.17804
5.69739	-2.63824
5.71621	-2.10879
5.73505	-3.07591
5.75388	-2.60866
5.77237	-3.39490
5.79127	-1.85547
5.81012	-2.62408
5.82898	-3.05311
5.84794	-2.85133
5.86681	-3.08184
5.88531	-2.62406
5.90417	-2.37857
5.92301	-3.18257
5.94185	-3.76562
5.96069	-2.75536
5.97952	-2.36755
5.99799	-2.01594
6.01682	-2.55046
6.03566	-1.90558
6.05449	-3.67900
6.07332	-2.28552
6.09179	-3.15379
6.11063	-2.24151
6.12946	-1.80674
6.14830	-2.58421
6.16712	-2.28146
6.18595	-1.16878
6.20445	-2.63064
6.22329	-1.98203
6.24214	-2.80465
6.26098	-1.49911
6.27982	-1.98846
6.29866	-1.61310
6.31714	-2.00125
6.33598	-1.66506
6.35481	-2.00386
6.37364	-1.03826
6.39247	-2.25707
6.41130	-0.18794
6.42979	-1.75517
6.44862	-1.01463
6.46745	-0.18923
6.48628	-0.80525
6.50511	-0.25467
6.52359	-1.09425
6.54242	-1.08073
6.56126	-0.59165
6.58010	-0.73215
6.59893	0.45251
6.61776	-0.34409
6.63625	-1.42969
6.65509	-0.75053
6.67392	-1.11011
6.69275	0.54138
6.71158	-0.96702
6.73040	-0.21050
6.74889	-1.54774
6.76772	0.93495
6.78666	1.05152
6.80556	0.51868
6.82442	0.39620
6.84329	0.50227
6.86183	-0.44401
6.88068	0.22003
6.89951	0.27744
6.91834	-0.04436
6.93719	1.09697
6.95568	0.37904
6.97451	0.45885
6.99335	1.28871
7.01218	-0.26965
7.03102	-0.28765
7.04986	-0.21858
7.06833	0.54053
7.08716	-0.23029
7.10598	1.28893
7.12481	0.76250
7.14364	-1.03269
7.16247	-0.73606
7.18095	-0.11978
7.19978	0.67452
7.21861	-0.41646
7.23746	-0.64362
7.25629	0.26740
7.27530	0.45206
7.29418	-0.11464
7.31303	0.67329
7.33187	0.36976
7.35070	-1.77651
7.36954	-0.03023
7.38803	-0.36018
7.40687	0.19544
7.42573	0.15715
7.44456	-0.61070
7.46340	-0.39708
7.48224	-0.44314
7.50073	0.10951
7.51957	-0.47225
7.53839	-0.24351
7.55712	-0.05047
7.57585	-0.40692
7.59456	-1.78122
7.61343	-0.50285
7.63215	0.11364
7.65102	-1.06272
7.66993	-0.74111
7.68883	-0.51696
7.70740	-0.10610
7.72630	-1.31950
7.74518	-0.46703
7.76401	-0.62603
7.78292	-0.44235
7.80182	-1.85361
7.82039	-1.92707
7.83923	-1.17256
7.85807	0.13659
7.87694	-1.99244
7.89582	-1.61958
7.91467	-1.60433
7.93317	-1.65951
7.95201	-1.67132
7.97084	-0.93349
7.98967	-1.43747
8.00850	-0.17897
8.02733	-1.92495
8.04582	-1.47499
8.06466	-1.82955
8.08348	-1.26652
8.10231	-2.22216
8.12114	-0.79638
8.13964	-2.15084
8.15846	-1.38410
8.17729	-2.26133
8.19618	-1.78991
8.21504	-2.45695
8.23389	-1.75239
8.25242	-2.52117
8.27125	-1.11894
8.29009	-1.72947
8.30892	-1.91876
8.32775	-0.97879
8.34659	-1.50683
8.36507	-1.75406
8.38391	-1.70615
8.40274	-1.74659
8.42157	-1.79004
8.44039	-1.90940
8.45922	-1.30273
8.47824	-0.86779
8.49707	-1.65993
8.51590	-2.32995
8.53474	-1.34955
8.55357	-2.20968
8.57205	-2.50080
8.59087	-2.07227
8.60972	-2.05267
8.62856	-1.76386
8.64740	-2.93037
8.66623	-1.57686
8.68472	-1.65048
8.70355	-1.19854
8.72237	-3.70301
8.74121	-1.28840
8.76005	-1.27553
8.77893	-2.30715
8.79752	-1.39399
8.81636	-1.42377
8.83519	-2.51361
8.85404	-1.34807
8.87289	-2.45226
8.89138	-1.56797
8.91023	-2.41806
8.92906	-0.85829
8.94789	-2.08575
8.96673	-0.33455
8.98559	-1.85436
9.00411	-1.92346
9.02294	-2.19180
9.04178	-0.91439
9.06061	-1.48979
9.07944	-2.24129
9.09827	-1.23071
9.11676	-0.06964
9.13560	-2.25737
9.15444	-0.95459
9.17327	-2.98691
9.19210	-1.59531
9.21093	-1.40870
9.22942	-0.96872
9.24826	-1.98741
9.26709	-0.34753
9.28593	-2.27849
9.30476	-1.63355
9.32325	-1.85948
9.34208	-0.38518
9.36090	-1.92139
9.37973	-1.21773
9.39856	-1.54250
9.41740	-0.50138
9.43588	-1.82900
9.45472	-1.61036
9.47355	-1.97681
9.49238	-0.29154
9.51120	-2.19625
9.53004	-1.22107
9.54852	-1.95217
9.56736	-0.76111
9.58619	-2.51393
9.60502	-1.24372
9.62385	-2.41885
9.64267	0.00543
9.66115	-1.35933
9.67998	-1.08034
9.69880	-2.07551
9.71762	-0.95574
9.73645	-2.90969
9.75494	-1.42161
9.77380	-2.25354
9.79271	-2.34176
9.81163	-2.01075
9.83051	-2.21832
9.84939	-2.22861
9.86791	-2.79065
9.88676	-2.15859
9.90560	-1.47942
9.92445	-3.61566
9.94329	-2.23578
9.96214	-2.51110
9.98063	-1.14210
9.99946	-2.22913
