Time (s)   Thrust (N)   RPM  Input
0.00020	1.87425	3522.94900	7.00000
0.03332	2.06307	3839.61400	7.00000
0.06803	2.40795	4083.40600	7.00000
0.10274	2.65885	4263.69800	7.00000
0.13742	2.84311	4296.87500	7.00000
0.17214	2.96433	4400.69900	7.00000
0.20684	3.06981	4486.60700	7.00000
0.24154	3.13922	4510.21600	7.00000
0.27625	3.19314	4570.31200	7.00000
0.31095	3.24623	4577.72900	7.00000
0.34565	3.28324	4573.24200	7.00000
0.38036	3.29987	4637.06500	7.00000
0.41506	3.30624	4669.69900	7.00000
0.44976	3.33164	4652.34400	7.00000
0.48446	3.33757	4634.76500	7.00000
0.51917	3.35218	4652.34400	7.00000
0.55388	3.35921	4681.64000	7.00000
0.58859	3.35827	4664.06200	7.00000
0.62328	3.36921	4669.92200	7.00000
0.65799	3.36998	4635.41700	7.00000
0.69269	3.37552	4678.71100	7.00000
0.72740	3.37212	4623.84300	7.00000
0.76210	3.37118	4649.88400	7.00000
0.79681	3.37151	4623.84300	7.00000
0.83151	3.37176	4678.71100	7.00000
0.86622	3.37833	4710.93700	7.00000
0.90092	3.37227	4681.64000	7.00000
0.93562	3.37316	4684.57000	7.00000
0.97034	3.37666	4658.56500	7.00000
1.00503	3.37508	4684.57000	7.00000
1.03974	3.38114	4661.45800	7.00000
1.07445	3.37333	4629.62900	7.00000
1.10915	3.37916	4684.57000	7.00000
1.14386	3.37989	4658.56500	7.00000
1.17855	3.37695	4690.42900	7.00000
1.21326	3.38405	4626.73600	7.00000
1.24796	3.38065	4652.77800	7.00000
1.28267	3.37591	4632.52300	7.00000
1.31738	3.37728	4684.57000	7.00000
1.35207	3.37634	4649.88400	7.00000
1.38678	3.37607	4687.50000	7.00000
1.42148	3.37455	4684.57000	7.00000
1.45619	3.37862	4655.67100	7.00000
1.49090	3.37576	4693.35900	7.00000
1.52559	3.38694	4629.62900	7.00000
1.56029	3.37199	4661.45800	7.00000
1.59500	3.37775	4690.42900	7.00000
1.62971	3.38292	4664.35100	7.00000
1.66440	3.38210	4690.42900	7.00000
1.69911	3.37651	4629.62900	7.00000
1.73381	3.37893	4658.56500	7.00000
1.76852	3.37624	4693.35900	7.00000
1.80322	3.37444	4632.52300	7.00000
1.83792	3.37840	4667.24500	7.00000
1.87264	3.37972	4693.35900	7.00000
1.90733	3.37762	4635.41700	7.00000
1.94204	3.38267	4661.45800	7.00000
1.97673	3.37073	4693.35900	7.00000
2.01144	3.37584	4638.31000	7.00000
2.04615	3.37476	4661.45800	7.00000
2.08085	3.37151	4696.28900	7.00000
2.11555	3.35904	4638.31000	7.00000
2.15025	3.38249	4705.07800	7.00000
2.18496	3.36566	4638.31000	7.00000
2.21966	3.37943	4722.65600	7.00000
2.25438	3.37362	4693.35900	7.00000
2.28908	3.38133	4632.52300	7.00000
2.32377	3.37725	4664.35100	7.00000
2.35848	3.37835	4693.35900	7.00000
2.39318	3.37167	4632.52300	7.00000
2.42789	3.37304	4667.24500	7.00000
2.46259	3.37660	4687.50000	7.00000
2.49729	3.37560	4632.52300	7.00000
2.53201	3.38286	4658.56500	7.00000
2.56672	3.37594	4626.73600	7.00000
2.60141	3.37439	4687.50000	7.00000
2.63612	3.38665	4655.67100	7.00000
2.67082	3.38666	4690.42900	7.00000
2.70553	3.38398	4646.99000	7.00000
2.74022	3.39588	4678.71100	7.00000
2.77494	3.39851	4623.84300	7.00000
2.80964	3.38615	4675.78100	7.00000
2.88932	3.38390	4699.21900	7.00000
2.92402	3.37959	4618.05500	7.00000
2.95873	3.38486	4678.71100	7.00000
2.99342	3.38322	4638.31000	7.00000
3.02814	3.38787	4672.85100	7.00000
3.06284	3.38464	4710.93700	7.00000
3.09755	3.38809	4672.85100	7.00000
3.13224	3.37855	4672.85100	7.00000
3.16695	3.38969	4635.41700	7.00000
3.20166	3.38439	4669.92200	7.00000
3.23636	3.39276	4672.85100	7.00000
3.27106	3.39184	4693.35900	7.00000
3.30576	3.38191	4612.26800	7.00000
3.34049	3.38860	4664.06200	7.00000
3.37517	3.38576	4632.52300	7.00000
3.40988	3.38719	4661.13300	7.00000
3.44459	3.38363	4664.06200	7.00000
3.47930	3.39453	4632.52300	7.00000
3.51400	3.38541	4661.13300	7.00000
3.54871	3.38811	4661.13300	7.00000
3.58339	3.39078	4684.57000	7.00000
3.61810	3.39124	4658.20300	7.00000
3.65281	3.38871	4655.27300	7.00000
3.68753	3.38313	4620.94900	7.00000
3.72222	3.38815	4655.27300	7.00000
3.75693	3.39743	4629.62900	7.00000
3.79164	3.39746	4652.34400	7.00000
3.82635	3.40881	4655.27300	7.00000
3.86104	3.39984	4681.64000	7.00000
3.89575	3.41507	4655.27300	7.00000
3.93046	3.40071	4655.27300	7.00000
3.96517	3.40083	4681.64000	7.00000
3.99987	3.40057	4652.34400	7.00000
4.03460	3.39469	4658.20300	7.00000
4.06929	3.39574	4620.94900	7.00000
4.10399	3.39865	4655.27300	7.00000
4.13870	3.39189	4652.34400	7.00000
4.17339	3.39263	4615.16200	7.00000
4.20810	3.38443	4652.34400	7.00000
4.24280	3.39393	4655.27300	7.00000
4.27751	3.38835	4618.05500	7.00000
4.31222	3.39198	4652.34400	7.00000
4.34692	3.39823	4649.41400	7.00000
4.42538	3.40110	4681.64000	7.00000
4.46008	3.38982	4649.41400	7.00000
4.49478	3.38537	4649.41400	7.00000
4.52949	3.38685	4675.78100	7.00000
4.56419	3.38793	4646.48400	7.00000
4.59891	3.38909	4649.41400	7.00000
4.63361	3.38233	4678.71100	7.00000
4.66832	3.39100	4655.27300	7.00000
4.70302	3.39274	4655.27300	7.00000
4.73772	3.39169	4620.94900	7.00000
4.77243	3.37569	4652.34400	7.00000
4.80714	3.38535	4620.94900	7.00000
4.84184	3.38462	4658.20300	7.00000
4.87654	3.38020	4658.20300	7.00000
4.91125	3.37586	4687.50000	7.00000
4.94597	3.38418	4658.20300	7.00000
4.98066	3.38180	4661.13300	7.00000
5.01573	3.38947	4625.97600	6.11250
5.05013	3.04403	4312.50000	6.11250
5.08478	2.73648	4072.26500	6.11250
5.11948	2.50981	3947.01100	6.11250
5.15406	2.32476	3787.91300	6.11250
5.18888	2.20329	3669.54300	6.11250
5.22359	2.09314	3593.75000	6.11250
5.25831	2.01943	3551.68200	6.11250
5.29301	1.95024	3526.61100	6.11250
5.32770	1.90800	3511.90400	6.11250
5.36241	1.86108	3463.54100	6.11250
5.39710	1.83085	3418.89800	6.11250
5.43181	1.80239	3385.41600	6.11250
5.46651	1.80396	3359.37500	6.11250
5.50123	1.75587	3371.97500	6.11250
5.53593	1.73597	3299.85100	6.11250
5.57063	1.73460	3292.41000	6.11250
5.60533	1.71260	3337.95300	6.11250
5.64003	1.70247	3330.39300	6.11250
5.67475	1.69964	3326.61200	6.11250
5.70945	1.69659	3322.83200	6.11250
5.74415	1.69723	3319.05200	6.11250
5.77885	1.70234	3315.27200	6.11250
5.81356	1.69696	3307.71100	6.11250
5.84826	1.69904	3307.71100	6.11250
5.88296	1.69182	3307.71100	6.11250
5.91766	1.69508	3307.71100	6.11250
5.95236	1.68625	3311.49200	6.11250
5.98706	1.68604	3311.49200	6.11250
6.02178	1.68503	3365.77800	6.11250
6.05648	1.68558	3311.49200	6.11250
6.09119	1.68796	3307.71100	6.11250
6.12590	1.68948	3361.93600	6.11250
6.16061	1.68799	3311.49200	6.11250
6.19530	1.68534	3311.49200	6.11250
6.23000	1.68940	3307.71100	6.11250
6.26471	1.68730	3307.71100	6.11250
6.29942	1.68406	3303.93100	6.11250
6.33407	1.69519	3307.71100	6.11250
6.36882	1.67897	3303.93100	6.11250
6.40353	1.68644	3365.77800	6.11250
6.43824	1.69170	3303.93100	6.11250
6.47294	1.68862	3303.93100	6.11250
6.50764	1.69080	3303.93100	6.11250
6.54235	1.68286	3300.15100	6.11250
6.57706	1.67588	3354.25200	6.11250
6.61175	1.68468	3303.93100	6.11250
6.64646	1.68372	3303.93100	6.11250
6.68116	1.67796	3303.93100	6.11250
6.71586	1.68457	3358.09400	6.11250
6.75058	1.69040	3303.93100	6.11250
6.78527	1.69443	3300.15100	6.11250
6.81998	1.68100	3307.71100	6.11250
6.85468	1.68480	3358.09400	6.11250
6.88939	1.68561	3300.15100	6.11250
6.92409	1.68213	3300.15100	6.11250
6.95880	1.68245	3350.41000	6.11250
6.99350	1.68275	3303.93100	6.11250
7.02821	1.68483	3303.93100	6.11250
7.06292	1.68230	3300.15100	6.11250
7.09761	1.68389	3296.37000	6.11250
7.13231	1.68412	3300.15100	6.11250
7.16703	1.68398	3300.15100	6.11250
7.20172	1.68440	3354.25200	6.11250
7.23643	1.68523	3300.15100	6.11250
7.27113	1.68345	3303.93100	6.11250
7.30584	1.68483	3354.25200	6.11250
7.34054	1.68522	3296.37000	6.11250
7.37525	1.68586	3300.15100	6.11250
7.40995	1.69172	3303.93100	6.11250
7.44466	1.68273	3303.93100	6.11250
7.47936	1.67494	3303.93100	6.11250
7.51407	1.68004	3296.37000	6.11250
7.54877	1.68510	3354.25200	6.11250
7.58347	1.68056	3300.15100	6.11250
7.61818	1.69249	3296.37000	6.11250
7.65289	1.67800	3300.15100	6.11250
7.68758	1.67599	3296.37000	6.11250
7.72229	1.67863	3292.59000	6.11250
7.75699	1.67213	3354.25200	6.11250
7.79170	1.67861	3300.15100	6.11250
7.82641	1.69303	3300.15100	6.11250
7.86111	1.68924	3350.41000	6.11250
7.89581	1.68606	3296.37000	6.11250
7.93051	1.69491	3354.25200	6.11250
7.96522	1.67706	3300.15100	6.11250
7.99993	1.67460	3300.15100	6.11250
8.03463	1.68839	3354.25200	6.11250
8.06932	1.68846	3292.59000	6.11250
8.10403	1.67986	3296.37000	6.11250
8.13874	1.68040	3354.25200	6.11250
8.17339	1.68054	3303.93100	6.11250
8.20814	1.67191	3300.15100	6.11250
8.24285	1.67166	3292.59000	6.11250
8.27756	1.67748	3292.59000	6.11250
8.31226	1.66955	3358.09400	6.11250
8.34696	1.68520	3300.15100	6.11250
8.38166	1.67906	3296.37000	6.11250
8.41637	1.67149	3354.25200	6.11250
8.45107	1.68673	3300.15100	6.11250
8.48576	1.68757	3354.25200	6.11250
8.52048	1.68427	3300.15100	6.11250
8.55518	1.67733	3303.93100	6.11250
8.58989	1.68480	3300.15100	6.11250
8.62458	1.67638	3303.93100	6.11250
8.65929	1.67483	3300.15100	6.11250
8.69400	1.68093	3303.93100	6.11250
8.72871	1.68060	3303.93100	6.11250
8.76341	1.67660	3300.15100	6.11250
8.79811	1.68271	3300.15100	6.11250
8.83282	1.68592	3303.93100	6.11250
8.86752	1.68056	3300.15100	6.11250
8.90221	1.68044	3303.93100	6.11250
8.93694	1.67855	3300.15100	6.11250
8.97164	1.67902	3300.15100	6.11250
9.00634	1.68028	3300.15100	6.11250
9.04104	1.68271	3300.15100	6.11250
9.07574	1.67553	3358.09400	6.11250
9.11044	1.67928	3300.15100	6.11250
9.14515	1.67982	3303.93100	6.11250
9.17985	1.67409	3300.15100	6.11250
9.21455	1.67592	3296.37000	6.11250
9.24926	1.67762	3300.15100	6.11250
9.28396	1.67034	3296.37000	6.11250
9.31866	1.67663	3350.41000	6.11250
9.35338	1.66865	3296.37000	6.11250
9.38808	1.67516	3292.59000	6.11250
9.42279	1.66880	3296.37000	6.11250
9.45749	1.68249	3350.41000	6.11250
9.49219	1.66990	3300.15100	6.11250
9.52689	1.66252	3350.41000	6.11250
9.56160	1.65960	3296.37000	6.11250
9.59630	1.66101	3300.15100	6.11250
9.63101	1.66986	3296.37000	6.11250
9.66571	1.67110	3300.15100	6.11250
9.70042	1.66617	3296.37000	6.11250
9.73512	1.67284	3300.15100	6.11250
9.76982	1.67782	3350.41000	6.11250
9.80452	1.67816	3296.37000	6.11250
9.83923	1.67228	3354.25200	6.11250
9.87393	1.66415	3300.15100	6.11250
9.90864	1.67231	3300.15100	6.11250
9.94334	1.67175	3350.41000	6.11250
9.97805	1.67131	3300.15100	6.11250
