Time (s)   Thrust (N)   RPM
0.00031	0.00000	5007.81200
0.00420	0.00000	5007.81200
0.00805	0.00000	5007.81200
0.01190	0.00000	5007.81200
0.01574	0.00000	5029.84500
0.01959	0.00000	5029.84500
0.02346	0.00000	5029.84500
0.02731	0.00000	5029.84500
0.03116	0.00000	5029.84500
0.03499	0.00000	5029.84500
0.03884	0.00000	4979.16600
0.04269	0.00000	4979.16600
0.04652	0.00000	4979.16600
0.05035	0.00000	4979.16600
0.05419	0.00000	4979.16600
0.05802	0.00000	4979.16600
0.06185	0.00000	4975.14200
0.06567	0.00000	4975.14200
0.06951	0.00000	4975.14200
0.07336	0.00000	4975.14200
0.07719	0.00000	4975.14200
0.08101	0.00000	4975.14200
0.08484	0.00000	4879.26100
0.08867	0.00000	4879.26100
0.09250	0.00000	4879.26100
0.09634	0.00000	4879.26100
0.10017	0.00000	4879.26100
0.10400	0.00000	4879.26100
0.10782	0.00000	4886.85300
0.11167	0.00000	4886.85300
0.11551	0.00000	4886.85300
0.11935	0.00000	4886.85300
0.12319	0.00000	4886.85300
0.12702	0.00000	4886.85300
0.13086	0.00000	4838.36200
0.13471	0.00000	4838.36200
0.13855	0.00000	4838.36200
0.14238	0.00000	4838.36200
0.14621	0.00000	4838.36200
0.15005	0.00000	4838.36200
0.15389	0.00000	4784.48300
0.15773	0.00000	4784.48300
0.16158	0.00000	4784.48300
0.16542	0.00000	4784.48300
0.16925	0.00000	4784.48300
0.17309	0.00000	4784.48300
0.17692	0.00000	4804.68700
0.18075	0.00000	4804.68700
0.18459	0.00000	4804.68700
0.18844	0.00000	4804.68700
0.19228	0.00000	4804.68700
0.19611	0.00000	4804.68700
0.19995	0.00000	4771.98400
0.20379	0.00000	4771.98400
0.20762	0.00000	4771.98400
0.21146	0.00000	4771.98400
0.21530	0.00000	4771.98400
0.21914	0.00000	4771.98400
0.22297	0.00000	4747.45600
0.22681	0.00000	4747.45600
0.23065	0.00000	4747.45600
0.23450	0.00000	4747.45600
0.23834	0.00000	4747.45600
0.24217	0.00000	4748.16100
0.24599	0.00000	4748.16100
0.24982	0.00000	4748.16100
0.25365	0.00000	4748.16100
0.25749	0.00000	4748.16100
0.26134	0.00000	4748.16100
0.26517	0.00000	4734.37500
0.26901	0.00000	4734.37500
0.27284	0.00000	4734.37500
0.27667	0.00000	4734.37500
0.28051	0.00000	4734.37500
0.28435	0.00000	4734.37500
0.28819	0.00000	4695.67600
0.29202	0.00000	4695.67600
0.29587	0.00000	4695.67600
0.29976	0.00000	4695.67600
0.30360	0.00000	4695.67600
0.30744	0.00000	4695.67600
0.31128	0.00000	4748.16100
0.31511	0.00000	4748.16100
0.31896	0.00000	4748.16100
0.32279	0.00000	4748.16100
0.32662	0.00000	4748.16100
0.33045	0.00000	4748.16100
0.33428	0.00000	4723.34500
0.33812	0.00000	4723.34500
0.34195	0.00000	4723.34500
0.34578	0.00000	4723.34500
0.34960	0.00000	4723.34500
0.35344	0.00000	4737.72300
0.35730	0.00000	4737.72300
0.36113	0.00000	4737.72300
0.36497	0.00000	4737.72300
0.36880	0.00000	4737.72300
0.37265	0.00000	4737.72300
0.37648	0.00000	4768.41500
0.38030	0.00000	4768.41500
0.38413	0.00000	4768.41500
0.38796	0.00000	4768.41500
0.39180	0.00000	4768.41500
0.39563	0.00000	4768.41500
0.39948	0.00000	4701.28600
0.40331	0.00000	4701.28600
0.40714	0.00000	4701.28600
0.41098	0.00000	4701.28600
0.41483	0.00000	4701.28600
0.41867	0.00000	4701.28600
0.42250	0.00000	4684.74200
0.42633	0.00000	4684.74200
0.43017	0.00000	4684.74200
0.43401	0.00000	4684.74200
0.43785	0.00000	4684.74200
0.44168	0.00000	4718.19200
0.44552	0.00000	4718.19200
0.44935	0.00000	4718.19200
0.45317	0.00000	4718.19200
0.45702	0.00000	4718.19200
0.46085	0.00000	4718.19200
0.46468	0.00000	4684.74200
0.46852	0.00000	4684.74200
0.47236	0.00000	4684.74200
0.47619	0.00000	4684.74200
0.48002	0.00000	4684.74200
0.48386	0.00000	4684.74200
0.48771	0.00000	4760.04500
0.49154	0.00000	4760.04500
0.49538	0.00000	4760.04500
0.49923	0.00000	4760.04500
0.50306	0.00000	4760.04500
0.50689	0.00000	4760.04500
0.51072	0.00000	4732.14200
0.51455	0.00000	4732.14200
0.51839	0.00000	4732.14200
0.52221	0.00000	4732.14200
0.52605	0.00000	4732.14200
0.52988	0.00000	4726.56200
0.53372	0.00000	4726.56200
0.53756	0.00000	4726.56200
0.54138	0.00000	4726.56200
0.54521	0.00000	4726.56200
0.54904	0.00000	4726.56200
0.55288	0.00000	4737.72300
0.55671	0.00000	4737.72300
0.56055	0.00000	4737.72300
0.56438	0.00000	4737.72300
0.56821	0.00000	4737.72300
0.57205	0.00000	4737.72300
0.57589	0.00000	4734.93300
0.57972	0.00000	4734.93300
0.58355	0.00000	4734.93300
0.58737	0.00000	4734.93300
0.59121	0.00000	4734.93300
0.59504	0.00000	4734.93300
0.59887	0.00000	4715.40200
0.60271	0.00000	4715.40200
0.60654	0.00000	4715.40200
0.61038	0.00000	4715.40200
0.61422	0.00000	4715.40200
0.61805	0.00000	4715.40200
0.62188	0.00000	4715.40200
0.62572	0.00000	4715.40200
0.62955	0.00000	4715.40200
0.63338	0.00000	4715.40200
0.63722	0.00000	4715.40200
0.64105	0.00000	4734.93300
0.64489	0.00000	4734.93300
0.64872	0.00000	4734.93300
0.65256	0.00000	4734.93300
0.65639	0.00000	4734.93300
0.66021	0.00000	4734.93300
0.66405	0.00000	4684.74200
0.66787	0.00000	4684.74200
0.67172	0.00000	4684.74200
0.67557	0.00000	4684.74200
0.67941	0.00000	4684.74200
0.68324	0.00000	4684.74200
0.68706	0.00000	4668.19800
0.69089	0.00000	4668.19800
0.69472	0.00000	4668.19800
0.69856	0.00000	4668.19800
0.70239	0.00000	4668.19800
0.70621	0.00000	4695.87000
0.71005	0.00000	4695.87000
0.71388	0.00000	4695.87000
0.71772	0.00000	4695.87000
0.72155	0.00000	4695.87000
0.72539	0.00000	4695.87000
0.72922	0.00000	4729.35200
0.73306	0.00000	4729.35200
0.73689	0.00000	4729.35200
0.74073	0.00000	4729.35200
0.74457	0.00000	4729.35200
0.74840	0.00000	4729.35200
0.75222	0.00000	4732.14200
0.75604	0.00000	4732.14200
0.75987	0.00000	4732.14200
0.76372	0.00000	4732.14200
0.76755	0.00000	4732.14200
0.77139	0.00000	4732.14200
0.77522	0.00000	4726.56200
0.77905	0.00000	4726.56200
0.78288	0.00000	4726.56200
0.78670	0.00000	4726.56200
0.79053	0.00000	4726.56200
0.79437	0.00000	4698.66000
0.79820	0.00000	4698.66000
0.80203	0.00000	4698.66000
0.80586	0.00000	4698.66000
0.80969	0.00000	4698.66000
0.81353	0.00000	4698.66000
0.81737	0.00000	4746.09400
0.82120	0.00000	4746.09400
0.82504	0.00000	4746.09400
0.82887	0.00000	4746.09400
0.83270	0.00000	4746.09400
0.83655	0.00000	4746.09400
0.84037	0.00000	4720.98200
0.84421	0.00000	4720.98200
0.84803	0.00000	4720.98200
0.85187	0.00000	4720.98200
0.85571	0.00000	4720.98200
0.85954	0.00000	4704.24100
0.86336	0.00000	4704.24100
0.86719	0.00000	4704.24100
0.87102	0.00000	4704.24100
0.87485	0.00000	4704.24100
0.87869	0.00000	4704.24100
0.88253	0.00000	4715.40200
0.88636	0.00000	4715.40200
0.89019	0.00000	4715.40200
0.89403	0.00000	4715.40200
0.89786	0.00000	4715.40200
0.90169	0.00000	4715.40200
0.90552	0.00000	4723.77200
0.90935	0.00000	4723.77200
0.91318	0.00000	4723.77200
0.91701	0.00000	4723.77200
0.92085	0.00000	4723.77200
0.92468	0.00000	4723.77200
0.92852	0.00000	4720.98200
0.93234	0.00000	4720.98200
0.93617	0.00000	4720.98200
0.94000	0.00000	4720.98200
0.94383	0.00000	4720.98200
0.94766	0.00000	4701.45100
0.95150	0.00000	4701.45100
0.95533	0.00000	4701.45100
0.95917	0.00000	4701.45100
0.96300	0.00000	4701.45100
0.96683	0.00000	4701.45100
0.97066	0.00000	4659.92600
0.97449	0.00000	4659.92600
0.97832	0.00000	4659.92600
0.98217	0.00000	4659.92600
0.98599	0.00000	4659.92600
0.98982	0.00000	4659.92600
0.99365	0.00000	4679.22800
0.99748	0.00000	4679.22800
1.00132	0.00000	4679.22800
1.00515	0.00000	4679.22800
1.00898	0.00000	4679.22800
1.01281	0.00000	4679.22800
1.01663	0.00000	4670.95500
1.02046	0.00000	4670.95500
1.02430	0.00000	4670.95500
1.02815	0.00000	4670.95500
1.03198	0.00000	4670.95500
1.03582	0.00000	4707.03100
1.03966	0.00000	4707.03100
1.04350	0.00000	4707.03100
1.04734	0.00000	4707.03100
1.05117	0.00000	4707.03100
1.05500	0.00000	4707.03100
1.05884	0.00000	4718.19200
1.06267	0.00000	4718.19200
1.06650	0.00000	4718.19200
1.07033	0.00000	4718.19200
1.07416	0.00000	4718.19200
1.07799	0.00000	4718.19200
1.08183	0.00000	4684.74200
1.08565	0.00000	4684.74200
1.08949	0.00000	4684.74200
1.09331	0.00000	4684.74200
1.09714	0.00000	4684.74200
1.10098	0.00000	4684.74200
1.10481	0.00000	4679.22800
1.10865	0.00000	4679.22800
1.11248	0.00000	4679.22800
1.11632	0.00000	4679.22800
1.12015	0.00000	4679.22800
1.12399	0.00000	4701.45100
1.12783	0.00000	4701.45100
1.13167	0.00000	4701.45100
1.13551	0.00000	4701.45100
1.13934	0.00000	4701.45100
1.14316	0.00000	4701.45100
1.14699	0.00000	4723.77200
1.15084	0.00000	4723.77200
1.15467	0.00000	4723.77200
1.15851	0.00000	4723.77200
1.16234	0.00000	4723.77200
1.16617	0.00000	4723.77200
1.17000	0.00000	4732.14200
1.17384	0.00000	4732.14200
1.17767	0.00000	4732.14200
1.18151	0.00000	4732.14200
1.18534	0.00000	4732.14200
1.18918	0.00000	4732.14200
1.19301	0.00000	4670.95500
1.19684	0.00000	4670.95500
1.20068	0.00000	4670.95500
1.20451	0.00000	4670.95500
1.20834	0.00000	4670.95500
1.21218	0.00000	4704.24100
1.21601	0.00000	4704.24100
1.21985	0.00000	4704.24100
1.22368	0.00000	4704.24100
1.22751	0.00000	4704.24100
1.23135	0.00000	4704.24100
1.23518	0.00000	4732.14200
1.23900	0.00000	4732.14200
1.24284	0.00000	4732.14200
1.24668	0.00000	4732.14200
1.25051	0.00000	4732.14200
1.25434	0.00000	4732.14200
1.25818	0.00000	4729.35200
1.26200	0.00000	4729.35200
1.26583	0.00000	4729.35200
1.26966	0.00000	4729.35200
1.27350	0.00000	4729.35200
1.27733	0.00000	4729.35200
1.28117	0.00000	4726.56200
1.28500	0.00000	4726.56200
1.28884	0.00000	4726.56200
1.29267	0.00000	4726.56200
1.29650	0.00000	4726.56200
1.30035	0.00000	4690.29000
1.30418	0.00000	4690.29000
1.30802	0.00000	4690.29000
1.31185	0.00000	4690.29000
1.31568	0.00000	4690.29000
1.31952	0.00000	4690.29000
1.32335	0.00000	4718.19200
1.32719	0.00000	4718.19200
1.33103	0.00000	4718.19200
1.33486	0.00000	4718.19200
1.33869	0.00000	4718.19200
1.34253	0.00000	4718.19200
1.34636	0.00000	4729.35200
1.35019	0.00000	4729.35200
1.35402	0.00000	4729.35200
1.35785	0.00000	4729.35200
1.36169	0.00000	4729.35200
1.36553	0.00000	4729.35200
1.36935	0.00000	4718.19200
1.37318	0.00000	4718.19200
1.37701	0.00000	4718.19200
1.38084	0.00000	4718.19200
1.38468	0.00000	4718.19200
1.38853	0.00000	4698.66000
1.39236	0.00000	4698.66000
1.39618	0.00000	4698.66000
1.40001	0.00000	4698.66000
1.40384	0.00000	4698.66000
1.40768	0.00000	4698.66000
1.41151	0.00000	4673.71300
1.41535	0.00000	4673.71300
1.41919	0.00000	4673.71300
1.42302	0.00000	4673.71300
1.42685	0.00000	4673.71300
1.43069	0.00000	4673.71300
1.43453	0.00000	4670.95500
1.43836	0.00000	4670.95500
1.44218	0.00000	4670.95500
1.44601	0.00000	4670.95500
1.44985	0.00000	4670.95500
1.45368	0.00000	4695.87000
1.45750	0.00000	4695.87000
1.46133	0.00000	4695.87000
1.46516	0.00000	4695.87000
1.46899	0.00000	4695.87000
1.47283	0.00000	4695.87000
1.47667	0.00000	4709.82100
1.48050	0.00000	4709.82100
1.48433	0.00000	4709.82100
1.48816	0.00000	4709.82100
1.49199	0.00000	4709.82100
1.49582	0.00000	4709.82100
1.49964	0.00000	4726.56200
1.50347	0.00000	4726.56200
1.50731	0.00000	4726.56200
1.51115	0.00000	4726.56200
1.51498	0.00000	4726.56200
1.51882	0.00000	4726.56200
1.52264	0.00000	4734.93300
1.52648	0.00000	4734.93300
1.53032	0.00000	4734.93300
1.53415	0.00000	4734.93300
1.53798	0.00000	4734.93300
1.54181	0.00000	4707.03100
1.54563	0.00000	4707.03100
1.54946	0.00000	4707.03100
1.55329	0.00000	4707.03100
1.55712	0.00000	4707.03100
1.56097	0.00000	4707.03100
1.56480	0.00000	4715.40200
1.56863	0.00000	4715.40200
1.57247	0.00000	4715.40200
1.57630	0.00000	4715.40200
1.58013	0.00000	4715.40200
1.58397	0.00000	4715.40200
1.58780	0.00000	4734.93300
1.59163	0.00000	4734.93300
1.59546	0.00000	4734.93300
1.59929	0.00000	4734.93300
1.60312	0.00000	4734.93300
1.60695	0.00000	4734.93300
1.61077	0.00000	4732.14200
1.61461	0.00000	4732.14200
1.61843	0.00000	4732.14200
1.62227	0.00000	4732.14200
1.62611	0.00000	4732.14200
1.62994	0.00000	4718.19200
1.63378	0.00000	4718.19200
1.63761	0.00000	4718.19200
1.64145	0.00000	4718.19200
1.64528	0.00000	4718.19200
1.64911	0.00000	4718.19200
1.65294	0.00000	4720.98200
1.65677	0.00000	4720.98200
1.66061	0.00000	4720.98200
1.66444	0.00000	4720.98200
1.66827	0.00000	4720.98200
1.67211	0.00000	4720.98200
1.67590	0.00000	4740.51300
1.67973	0.00000	4740.51300
1.68356	0.00000	4740.51300
1.68740	0.00000	4740.51300
1.69123	0.00000	4740.51300
1.69506	0.00000	4740.51300
1.69889	0.00000	4681.98500
1.70273	0.00000	4681.98500
1.70656	0.00000	4681.98500
1.71038	0.00000	4681.98500
1.71421	0.00000	4681.98500
1.71804	0.00000	4712.61200
1.72186	0.00000	4712.61200
1.72570	0.00000	4712.61200
1.72953	0.00000	4712.61200
1.73336	0.00000	4712.61200
1.73719	0.00000	4712.61200
1.74102	0.00000	4726.56200
1.74486	0.00000	4726.56200
1.74869	0.00000	4726.56200
1.75254	0.00000	4726.56200
1.75637	0.00000	4726.56200
1.76020	0.00000	4726.56200
1.76403	0.00000	4734.93300
1.76787	0.00000	4734.93300
1.77171	0.00000	4734.93300
1.77555	0.00000	4734.93300
1.77938	0.00000	4734.93300
1.78322	0.00000	4734.93300
1.78706	0.00000	4698.52900
1.79088	0.00000	4698.52900
1.79472	0.00000	4698.52900
1.79856	0.00000	4698.52900
1.80238	0.00000	4698.52900
1.80621	0.00000	4712.61200
1.81005	0.00000	4712.61200
1.81389	0.00000	4712.61200
1.81772	0.00000	4712.61200
1.82155	0.00000	4712.61200
1.82539	0.00000	4712.61200
1.82921	0.00000	4679.22800
1.83305	0.00000	4679.22800
1.83689	0.00000	4679.22800
1.84072	0.00000	4679.22800
1.84455	0.00000	4679.22800
1.84838	0.00000	4679.22800
1.85223	0.00000	4698.52900
1.85606	0.00000	4698.52900
1.85989	0.00000	4698.52900
1.86373	0.00000	4698.52900
1.86756	0.00000	4698.52900
1.87138	0.00000	4698.52900
1.87522	0.00000	4734.93300
1.87906	0.00000	4734.93300
1.88288	0.00000	4734.93300
1.88671	0.00000	4734.93300
1.89054	0.00000	4734.93300
1.89437	0.00000	4712.61200
1.89824	0.00000	4712.61200
1.90209	0.00000	4712.61200
1.90592	0.00000	4712.61200
1.90977	0.00000	4712.61200
1.91361	0.00000	4712.61200
1.91746	0.00000	4734.93300
1.92138	0.00000	4734.93300
1.92523	0.00000	4734.93300
1.92908	0.00000	4734.93300
1.93291	0.00000	4734.93300
1.93675	0.00000	4734.93300
1.94059	0.00000	4734.93300
1.94444	0.00000	4734.93300
1.94828	0.00000	4734.93300
1.95212	0.00000	4734.93300
1.95595	0.00000	4734.93300
1.95979	0.00000	4734.93300
1.96362	0.00000	4740.51300
1.96745	0.00000	4740.51300
1.97129	0.00000	4740.51300
1.97513	0.00000	4740.51300
1.97897	0.00000	4740.51300
1.98281	0.00000	4723.77200
1.98666	0.00000	4723.77200
1.99049	0.00000	4723.77200
1.99432	0.00000	4723.77200
1.99816	0.00000	4723.77200
2.00199	0.00000	4723.77200
2.00583	0.00000	4734.93300
2.00967	0.00000	4734.93300
2.01350	0.00000	4734.93300
2.01734	0.00000	4734.93300
2.02117	0.00000	4734.93300
2.02500	0.00000	4734.93300
2.02885	0.00000	4737.72300
2.03269	0.00000	4737.72300
2.03652	0.00000	4737.72300
2.04036	0.00000	4737.72300
2.04420	0.00000	4737.72300
2.04802	0.00000	4737.72300
2.05185	0.00000	4729.35200
2.05569	0.00000	4729.35200
2.05953	0.00000	4729.35200
2.06336	0.00000	4729.35200
2.06719	0.00000	4729.35200
2.07104	0.00000	4720.98200
2.07487	0.00000	4720.98200
2.07870	0.00000	4720.98200
2.08254	0.00000	4720.98200
2.08638	0.00000	4720.98200
2.09021	0.00000	4720.98200
2.09405	0.00000	4734.93300
2.09787	0.00000	4734.93300
2.10171	0.00000	4734.93300
2.10555	0.00000	4734.93300
2.10939	0.00000	4734.93300
2.11322	0.00000	4734.93300
2.11705	0.00000	4687.50000
2.12088	0.00000	4687.50000
2.12471	0.00000	4687.50000
2.12854	0.00000	4687.50000
2.13237	0.00000	4687.50000
2.13620	0.00000	4687.50000
2.14003	0.00000	4679.22800
2.14387	0.00000	4679.22800
2.14771	0.00000	4679.22800
2.15155	0.00000	4679.22800
2.15537	0.00000	4679.22800
2.15921	0.00000	4718.19200
2.16303	0.00000	4718.19200
2.16687	0.00000	4718.19200
2.17071	0.00000	4718.19200
2.17454	0.00000	4718.19200
2.17837	0.00000	4718.19200
2.18219	0.00000	4676.47000
2.18603	0.00000	4676.47000
2.18986	0.00000	4676.47000
2.19368	0.00000	4676.47000
2.19751	0.00000	4676.47000
2.20134	0.00000	4676.47000
2.20517	0.00000	4676.47000
2.20901	0.00000	4676.47000
2.21286	0.00000	4676.47000
2.21670	0.00000	4676.47000
2.22053	0.00000	4676.47000
2.22437	0.00000	4676.47000
2.22820	0.00000	4732.14200
2.23203	0.00000	4732.14200
2.23586	0.00000	4732.14200
2.23971	0.00000	4732.14200
2.24354	0.00000	4732.14200
2.24737	0.00000	4712.61200
2.25121	0.00000	4712.61200
2.25504	0.00000	4712.61200
2.25888	0.00000	4712.61200
2.26272	0.00000	4712.61200
2.26655	0.00000	4712.61200
2.27039	0.00000	4687.50000
2.27422	0.00000	4687.50000
2.27805	0.00000	4687.50000
2.28188	0.00000	4687.50000
2.28571	0.00000	4687.50000
2.28954	0.00000	4687.50000
2.29337	0.00000	4734.93300
2.29720	0.00000	4734.93300
2.30104	0.00000	4734.93300
2.30487	0.00000	4734.93300
2.30870	0.00000	4734.93300
2.31253	0.00000	4734.93300
2.31636	0.00000	4723.77200
2.32019	0.00000	4723.77200
2.32403	0.00000	4723.77200
2.32785	0.00000	4723.77200
2.33169	0.00000	4723.77200
2.33552	0.00000	4718.19200
2.33936	0.00000	4718.19200
2.34319	0.00000	4718.19200
2.34702	0.00000	4718.19200
2.35086	0.00000	4718.19200
2.35469	0.00000	4718.19200
2.35853	0.00000	4690.25700
2.36238	0.00000	4690.25700
2.36622	0.00000	4690.25700
2.37005	0.00000	4690.25700
2.37389	0.00000	4690.25700
2.37771	0.00000	4690.25700
2.38155	0.00000	4757.25400
2.38538	0.00000	4757.25400
2.38922	0.00000	4757.25400
2.39305	0.00000	4757.25400
2.39688	0.00000	4757.25400
2.40071	0.00000	4757.25400
2.40453	0.00000	4734.93300
2.40836	0.00000	4734.93300
2.41219	0.00000	4734.93300
2.41603	0.00000	4734.93300
2.41985	0.00000	4734.93300
2.42370	0.00000	4712.61200
2.42753	0.00000	4712.61200
2.43136	0.00000	4712.61200
2.43520	0.00000	4712.61200
2.43904	0.00000	4712.61200
2.44286	0.00000	4712.61200
2.44670	0.00000	4687.50000
2.45053	0.00000	4687.50000
2.45436	0.00000	4687.50000
2.45819	0.00000	4687.50000
2.46202	0.00000	4687.50000
2.46585	0.00000	4687.50000
2.46968	0.00000	4681.98500
2.47352	0.00000	4681.98500
2.47736	0.00000	4681.98500
2.48119	0.00000	4681.98500
2.48502	0.00000	4681.98500
2.48885	0.00000	4681.98500
2.49267	0.00000	4662.68300
2.49651	0.00000	4662.68300
2.50034	0.00000	4662.68300
2.50417	0.00000	4662.68300
2.50800	0.00000	4662.68300
2.51184	0.00000	4718.19200
2.51567	0.00000	4718.19200
2.51951	0.00000	4718.19200
2.52334	0.00000	4718.19200
2.52719	0.00000	4718.19200
2.53102	0.00000	4718.19200
2.53487	0.00000	4681.98500
2.53870	0.00000	4681.98500
2.54255	0.00000	4681.98500
2.54638	0.00000	4681.98500
2.55022	0.00000	4681.98500
2.55406	0.00000	4681.98500
2.55789	0.00000	4681.98500
2.56173	0.00000	4681.98500
2.56557	0.00000	4681.98500
2.56940	0.00000	4681.98500
2.57323	0.00000	4681.98500
2.57706	0.00000	4707.03100
2.58089	0.00000	4707.03100
2.58474	0.00000	4707.03100
2.58858	0.00000	4707.03100
2.59241	0.00000	4707.03100
2.59625	0.00000	4707.03100
2.60008	0.00000	4712.61200
2.60390	0.00000	4712.61200
2.60772	0.00000	4712.61200
2.61156	0.00000	4712.61200
2.61539	0.00000	4712.61200
2.61923	0.00000	4712.61200
2.62306	0.00000	4690.25700
2.62689	0.00000	4690.25700
2.63072	0.00000	4690.25700
2.63455	0.00000	4690.25700
2.63838	0.00000	4690.25700
2.64222	0.00000	4690.25700
2.64605	0.00000	4679.22800
2.64989	0.00000	4679.22800
2.65372	0.00000	4679.22800
2.65755	0.00000	4679.22800
2.66139	0.00000	4679.22800
2.66523	0.00000	4662.68300
2.66906	0.00000	4662.68300
2.67290	0.00000	4662.68300
2.67672	0.00000	4662.68300
2.68057	0.00000	4662.68300
2.68440	0.00000	4662.68300
2.68823	0.00000	4715.40200
2.69207	0.00000	4715.40200
2.69590	0.00000	4715.40200
2.69973	0.00000	4715.40200
2.70356	0.00000	4715.40200
2.70740	0.00000	4715.40200
2.71122	0.00000	4670.95500
2.71505	0.00000	4670.95500
2.71888	0.00000	4670.95500
2.72271	0.00000	4670.95500
2.72655	0.00000	4670.95500
2.73038	0.00000	4670.95500
2.73422	0.00000	4684.74200
2.73805	0.00000	4684.74200
2.74189	0.00000	4684.74200
2.74573	0.00000	4684.74200
2.74956	0.00000	4684.74200
2.75341	0.00000	4709.82100
2.75725	0.00000	4709.82100
2.76108	0.00000	4709.82100
2.76491	0.00000	4709.82100
2.76875	0.00000	4709.82100
2.77259	0.00000	4709.82100
2.77642	0.00000	4718.19200
2.78025	0.00000	4718.19200
2.78408	0.00000	4718.19200
2.78790	0.00000	4718.19200
2.79173	0.00000	4718.19200
2.79557	0.00000	4718.19200
2.79940	0.00000	4687.50000
2.80322	0.00000	4687.50000
2.80706	0.00000	4687.50000
2.81090	0.00000	4687.50000
2.81474	0.00000	4687.50000
2.81857	0.00000	4687.50000
2.82240	0.00000	4676.47000
2.82624	0.00000	4676.47000
2.83007	0.00000	4676.47000
2.83391	0.00000	4676.47000
2.83773	0.00000	4676.47000
2.84156	0.00000	4709.82100
2.84541	0.00000	4709.82100
2.84925	0.00000	4709.82100
2.85309	0.00000	4709.82100
2.85692	0.00000	4709.82100
2.86074	0.00000	4709.82100
2.86458	0.00000	4720.98200
2.86840	0.00000	4720.98200
2.87225	0.00000	4720.98200
2.87612	0.00000	4720.98200
2.87997	0.00000	4720.98200
2.88381	0.00000	4720.98200
2.88766	0.00000	4673.71300
2.89149	0.00000	4673.71300
2.89533	0.00000	4673.71300
2.89916	0.00000	4673.71300
2.90299	0.00000	4673.71300
2.90681	0.00000	4673.71300
2.91065	0.00000	4681.98500
2.91448	0.00000	4681.98500
2.91832	0.00000	4681.98500
2.92216	0.00000	4681.98500
2.92599	0.00000	4681.98500
2.92983	0.00000	4701.45100
2.93369	0.00000	4701.45100
2.93753	0.00000	4701.45100
2.94138	0.00000	4701.45100
2.94522	0.00000	4701.45100
2.94905	0.00000	4701.45100
2.95289	0.00000	4687.50000
2.95673	0.00000	4687.50000
2.96057	0.00000	4687.50000
2.96440	0.00000	4687.50000
2.96824	0.00000	4687.50000
2.97207	0.00000	4687.50000
2.97590	0.00000	4687.50000
2.97972	0.00000	4687.50000
2.98356	0.00000	4687.50000
2.98738	0.00000	4687.50000
2.99120	0.00000	4687.50000
2.99503	0.00000	4687.50000
2.99886	0.00000	4668.19800
3.00269	0.00000	4668.19800
3.00652	0.00000	4668.19800
3.01035	0.00000	4668.19800
3.01418	0.00000	4668.19800
3.01802	0.00000	4763.74200
3.02185	0.00000	4763.74200
3.02568	0.00000	4763.74200
3.02952	0.00000	4763.74200
3.03335	0.00000	4763.74200
3.03717	0.00000	4763.74200
3.04101	0.00000	4673.71300
3.04485	0.00000	4673.71300
3.04868	0.00000	4673.71300
3.05252	0.00000	4673.71300
3.05634	0.00000	4673.71300
3.06017	0.00000	4673.71300
3.06401	0.00000	4679.22800
3.06784	0.00000	4679.22800
3.07168	0.00000	4679.22800
3.07551	0.00000	4679.22800
3.07936	0.00000	4679.22800
3.08320	0.00000	4679.22800
3.08702	0.00000	4679.22800
3.09086	0.00000	4679.22800
3.09469	0.00000	4679.22800
3.09852	0.00000	4679.22800
3.10235	0.00000	4679.22800
3.10618	0.00000	4760.91900
3.11002	0.00000	4760.91900
3.11385	0.00000	4760.91900
3.11767	0.00000	4760.91900
3.12151	0.00000	4760.91900
3.12535	0.00000	4760.91900
3.12918	0.00000	4668.19800
3.13302	0.00000	4668.19800
3.13684	0.00000	4668.19800
3.14067	0.00000	4668.19800
3.14450	0.00000	4668.19800
3.14834	0.00000	4668.19800
3.15217	0.00000	4684.74200
3.15601	0.00000	4684.74200
3.15985	0.00000	4684.74200
3.16368	0.00000	4684.74200
3.16752	0.00000	4684.74200
3.17135	0.00000	4684.74200
3.17518	0.00000	4659.92600
3.17900	0.00000	4659.92600
3.18284	0.00000	4659.92600
3.18669	0.00000	4659.92600
3.19052	0.00000	4659.92600
3.19436	0.00000	4720.98200
3.19819	0.00000	4720.98200
3.20203	0.00000	4720.98200
3.20586	0.00000	4720.98200
3.20969	0.00000	4720.98200
3.21352	0.00000	4720.98200
3.21736	0.00000	4681.98500
3.22119	0.00000	4681.98500
3.22502	0.00000	4681.98500
3.22885	0.00000	4681.98500
3.23267	0.00000	4681.98500
3.23651	0.00000	4681.98500
3.24035	0.00000	4684.74200
3.24418	0.00000	4684.74200
3.24802	0.00000	4684.74200
3.25185	0.00000	4684.74200
3.25569	0.00000	4684.74200
3.25952	0.00000	4684.74200
3.26334	0.00000	4712.61200
3.26717	0.00000	4712.61200
3.27100	0.00000	4712.61200
3.27483	0.00000	4712.61200
3.27867	0.00000	4712.61200
3.28250	0.00000	4712.61200
3.28634	0.00000	4712.61200
3.29017	0.00000	4712.61200
3.29400	0.00000	4712.61200
3.29783	0.00000	4712.61200
3.30169	0.00000	4712.61200
3.30552	0.00000	4693.01400
3.30934	0.00000	4693.01400
3.31319	0.00000	4693.01400
3.31702	0.00000	4693.01400
3.32085	0.00000	4693.01400
3.32468	0.00000	4693.01400
3.32852	0.00000	4690.25700
3.33235	0.00000	4690.25700
3.33619	0.00000	4690.25700
3.34003	0.00000	4690.25700
3.34386	0.00000	4690.25700
3.34770	0.00000	4707.03100
3.35153	0.00000	4707.03100
3.35535	0.00000	4707.03100
3.35918	0.00000	4707.03100
3.36301	0.00000	4707.03100
3.36684	0.00000	4707.03100
3.37068	0.00000	4701.45100
3.37453	0.00000	4701.45100
3.37836	0.00000	4701.45100
3.38220	0.00000	4701.45100
3.38603	0.00000	4701.45100
3.38987	0.00000	4701.45100
3.39370	0.00000	4679.22800
3.39753	0.00000	4679.22800
3.40136	0.00000	4679.22800
3.40519	0.00000	4679.22800
3.40902	0.00000	4679.22800
3.41286	0.00000	4679.22800
3.41669	0.00000	4676.47000
3.42052	0.00000	4676.47000
3.42435	0.00000	4676.47000
3.42818	0.00000	4676.47000
3.43201	0.00000	4676.47000
3.43584	0.00000	4707.03100
3.43967	0.00000	4707.03100
3.44350	0.00000	4707.03100
3.44734	0.00000	4707.03100
3.45119	0.00000	4707.03100
3.45503	0.00000	4707.03100
3.45887	0.00000	4712.61200
3.46271	0.00000	4712.61200
3.46654	0.00000	4712.61200
3.47038	0.00000	4712.61200
3.47421	0.00000	4712.61200
3.47804	0.00000	4712.61200
3.48187	0.00000	4726.56200
3.48571	0.00000	4726.56200
3.48955	0.00000	4726.56200
3.49339	0.00000	4726.56200
3.49723	0.00000	4726.56200
3.50105	0.00000	4726.56200
3.50488	0.00000	4684.74200
3.50872	0.00000	4684.74200
3.51254	0.00000	4684.74200
3.51638	0.00000	4684.74200
3.52021	0.00000	4684.74200
3.52404	0.00000	4715.40200
3.52788	0.00000	4715.40200
3.53172	0.00000	4715.40200
3.53556	0.00000	4715.40200
3.53938	0.00000	4715.40200
3.54321	0.00000	4715.40200
3.54704	0.00000	4723.77200
3.55088	0.00000	4723.77200
3.55472	0.00000	4723.77200
3.55856	0.00000	4723.77200
3.56239	0.00000	4723.77200
3.56624	0.00000	4723.77200
3.57007	0.00000	4679.22800
3.57390	0.00000	4679.22800
3.57773	0.00000	4679.22800
3.58157	0.00000	4679.22800
3.58540	0.00000	4679.22800
3.58924	0.00000	4679.22800
3.59308	0.00000	4684.74200
3.59691	0.00000	4684.74200
3.60074	0.00000	4684.74200
3.60457	0.00000	4684.74200
3.60841	0.00000	4684.74200
3.61224	0.00000	4763.74200
3.61608	0.00000	4763.74200
3.61990	0.00000	4763.74200
3.62373	0.00000	4763.74200
3.62756	0.00000	4763.74200
3.63138	0.00000	4763.74200
3.63521	0.00000	4665.44100
3.63905	0.00000	4665.44100
3.64288	0.00000	4665.44100
3.64672	0.00000	4665.44100
3.65054	0.00000	4665.44100
3.65438	0.00000	4665.44100
3.65821	0.00000	4676.47000
3.66204	0.00000	4676.47000
3.66587	0.00000	4676.47000
3.66970	0.00000	4676.47000
3.67354	0.00000	4676.47000
3.67737	0.00000	4676.47000
3.68119	0.00000	4676.47000
3.68503	0.00000	4676.47000
3.68886	0.00000	4676.47000
3.69269	0.00000	4676.47000
3.69653	0.00000	4676.47000
3.70035	0.00000	4701.45100
3.70420	0.00000	4701.45100
3.70804	0.00000	4701.45100
3.71187	0.00000	4701.45100
3.71571	0.00000	4701.45100
3.71956	0.00000	4701.45100
3.72340	0.00000	4679.22800
3.72724	0.00000	4679.22800
3.73107	0.00000	4679.22800
3.73490	0.00000	4679.22800
3.73873	0.00000	4679.22800
3.74257	0.00000	4679.22800
3.74642	0.00000	4690.25700
3.75025	0.00000	4690.25700
3.75408	0.00000	4690.25700
3.75792	0.00000	4690.25700
3.76175	0.00000	4690.25700
3.76560	0.00000	4690.25700
3.76944	0.00000	4670.95500
3.77328	0.00000	4670.95500
3.77712	0.00000	4670.95500
3.78096	0.00000	4670.95500
3.78479	0.00000	4670.95500
3.78862	0.00000	4707.03100
3.79245	0.00000	4707.03100
3.79628	0.00000	4707.03100
3.80012	0.00000	4707.03100
3.80395	0.00000	4707.03100
3.80777	0.00000	4707.03100
3.81160	0.00000	4676.47000
3.81544	0.00000	4676.47000
3.81928	0.00000	4676.47000
3.82310	0.00000	4676.47000
3.82693	0.00000	4676.47000
3.83076	0.00000	4676.47000
3.83459	0.00000	4690.25700
3.83842	0.00000	4690.25700
3.84225	0.00000	4690.25700
3.84609	0.00000	4690.25700
3.84993	0.00000	4690.25700
3.85377	0.00000	4690.25700
3.85760	0.00000	4740.51300
3.86143	0.00000	4740.51300
3.86526	0.00000	4740.51300
3.86909	0.00000	4740.51300
3.87292	0.00000	4740.51300
3.87677	0.00000	4712.61200
3.88062	0.00000	4712.61200
3.88449	0.00000	4712.61200
3.88833	0.00000	4712.61200
3.89217	0.00000	4712.61200
3.89601	0.00000	4712.61200
3.89985	0.00000	4687.50000
3.90370	0.00000	4687.50000
3.90754	0.00000	4687.50000
3.91137	0.00000	4687.50000
3.91521	0.00000	4687.50000
3.91905	0.00000	4687.50000
3.92289	0.00000	4751.67400
3.92674	0.00000	4751.67400
3.93057	0.00000	4751.67400
3.93440	0.00000	4751.67400
3.93824	0.00000	4751.67400
3.94207	0.00000	4751.67400
3.94589	0.00000	4718.19200
3.94973	0.00000	4718.19200
3.95356	0.00000	4718.19200
3.95739	0.00000	4718.19200
3.96123	0.00000	4718.19200
3.96506	0.00000	4709.82100
3.96889	0.00000	4709.82100
3.97272	0.00000	4709.82100
3.97656	0.00000	4709.82100
3.98039	0.00000	4709.82100
3.98422	0.00000	4709.82100
3.98805	0.00000	4740.51300
3.99189	0.00000	4740.51300
3.99573	0.00000	4740.51300
3.99957	0.00000	4740.51300
4.00339	0.00000	4740.51300
4.00722	0.00000	4740.51300
4.01107	0.00000	4737.72300
4.01490	0.00000	4737.72300
4.01873	0.00000	4737.72300
4.02256	0.00000	4737.72300
4.02640	0.00000	4737.72300
4.03024	0.00000	4737.72300
4.03406	0.00000	4723.77200
4.03790	0.00000	4723.77200
4.04173	0.00000	4723.77200
4.04556	0.00000	4723.77200
4.04940	0.00000	4723.77200
4.05324	0.00000	4712.61200
4.05707	0.00000	4712.61200
4.06090	0.00000	4712.61200
4.06474	0.00000	4712.61200
4.06858	0.00000	4712.61200
4.07241	0.00000	4712.61200
4.07624	0.00000	4751.67400
4.08007	0.00000	4751.67400
4.08390	0.00000	4751.67400
4.08772	0.00000	4751.67400
4.09155	0.00000	4751.67400
4.09539	0.00000	4751.67400
4.09922	0.00000	4676.47000
4.10305	0.00000	4676.47000
4.10687	0.00000	4676.47000
4.11072	0.00000	4676.47000
4.11455	0.00000	4676.47000
4.11839	0.00000	4676.47000
4.12222	0.00000	4693.01400
4.12606	0.00000	4693.01400
4.12989	0.00000	4693.01400
4.13372	0.00000	4693.01400
4.13755	0.00000	4693.01400
4.14138	0.00000	4670.95500
4.14521	0.00000	4670.95500
4.14904	0.00000	4670.95500
4.15288	0.00000	4670.95500
4.15671	0.00000	4670.95500
4.16054	0.00000	4670.95500
4.16438	0.00000	4690.25700
4.16821	0.00000	4690.25700
4.17205	0.00000	4690.25700
4.17588	0.00000	4690.25700
4.17972	0.00000	4690.25700
4.18355	0.00000	4690.25700
4.18738	0.00000	4720.98200
4.19121	0.00000	4720.98200
4.19505	0.00000	4720.98200
4.19887	0.00000	4720.98200
4.20270	0.00000	4720.98200
4.20653	0.00000	4720.98200
4.21036	0.00000	4732.14200
4.21419	0.00000	4732.14200
4.21803	0.00000	4732.14200
4.22186	0.00000	4732.14200
4.22570	0.00000	4732.14200
4.22953	0.00000	4707.03100
4.23336	0.00000	4707.03100
4.23719	0.00000	4707.03100
4.24102	0.00000	4707.03100
4.24487	0.00000	4707.03100
4.24870	0.00000	4707.03100
4.25252	0.00000	4687.50000
4.25635	0.00000	4687.50000
4.26019	0.00000	4687.50000
4.26403	0.00000	4687.50000
4.26786	0.00000	4687.50000
4.27170	0.00000	4687.50000
4.27552	0.00000	4723.77200
4.27935	0.00000	4723.77200
4.28319	0.00000	4723.77200
4.28703	0.00000	4723.77200
4.29086	0.00000	4723.77200
4.29470	0.00000	4709.82100
4.29856	0.00000	4709.82100
4.30240	0.00000	4709.82100
4.30624	0.00000	4709.82100
4.31008	0.00000	4709.82100
4.31392	0.00000	4709.82100
4.31775	0.00000	4763.74200
4.32159	0.00000	4763.74200
4.32542	0.00000	4763.74200
4.32925	0.00000	4763.74200
4.33309	0.00000	4763.74200
4.33692	0.00000	4763.74200
4.34076	0.00000	4687.50000
4.34459	0.00000	4687.50000
4.34842	0.00000	4687.50000
4.35226	0.00000	4687.50000
4.35611	0.00000	4687.50000
4.35990	0.00000	4687.50000
4.36374	0.00000	4676.47000
4.36756	0.00000	4676.47000
4.37140	0.00000	4676.47000
4.37522	0.00000	4676.47000
4.37905	0.00000	4676.47000
4.38288	0.00000	4760.91900
4.38672	0.00000	4760.91900
4.39055	0.00000	4760.91900
4.39438	0.00000	4760.91900
4.39821	0.00000	4760.91900
4.40204	0.00000	4760.91900
4.40587	0.00000	4723.77200
4.40970	0.00000	4723.77200
4.41353	0.00000	4723.77200
4.41737	0.00000	4723.77200
4.42120	0.00000	4723.77200
4.42502	0.00000	4723.77200
4.42886	0.00000	4679.22800
4.43269	0.00000	4679.22800
4.43652	0.00000	4679.22800
4.44036	0.00000	4679.22800
4.44420	0.00000	4679.22800
4.44802	0.00000	4679.22800
4.45185	0.00000	4670.95500
4.45569	0.00000	4670.95500
4.45952	0.00000	4670.95500
4.46335	0.00000	4670.95500
4.46718	0.00000	4670.95500
4.47102	0.00000	4701.45100
4.47485	0.00000	4701.45100
4.47869	0.00000	4701.45100
4.48252	0.00000	4701.45100
4.48636	0.00000	4701.45100
4.49019	0.00000	4701.45100
4.49402	0.00000	4723.77200
4.49785	0.00000	4723.77200
4.50169	0.00000	4723.77200
4.50551	0.00000	4723.77200
4.50935	0.00000	4723.77200
4.51319	0.00000	4723.77200
4.51702	0.00000	4729.35200
4.52085	0.00000	4729.35200
4.52469	0.00000	4729.35200
4.52853	0.00000	4729.35200
4.53236	0.00000	4729.35200
4.53619	0.00000	4729.35200
4.54002	0.00000	4679.22800
4.54385	0.00000	4679.22800
4.54769	0.00000	4679.22800
4.55153	0.00000	4679.22800
4.55536	0.00000	4679.22800
4.55920	0.00000	4718.19200
4.56304	0.00000	4718.19200
4.56688	0.00000	4718.19200
4.57070	0.00000	4718.19200
4.57453	0.00000	4718.19200
4.57837	0.00000	4718.19200
4.58220	0.00000	4723.77200
4.58604	0.00000	4723.77200
4.58986	0.00000	4723.77200
4.59370	0.00000	4723.77200
4.59754	0.00000	4723.77200
4.60136	0.00000	4723.77200
4.60520	0.00000	4690.25700
4.60903	0.00000	4690.25700
4.61286	0.00000	4690.25700
4.61669	0.00000	4690.25700
4.62052	0.00000	4690.25700
4.62435	0.00000	4690.25700
4.62818	0.00000	4681.98500
4.63201	0.00000	4681.98500
4.63585	0.00000	4681.98500
4.63969	0.00000	4681.98500
4.64353	0.00000	4681.98500
4.64736	0.00000	4709.82100
4.65122	0.00000	4709.82100
4.65505	0.00000	4709.82100
4.65888	0.00000	4709.82100
4.66271	0.00000	4709.82100
4.66654	0.00000	4709.82100
4.67038	0.00000	4684.74200
4.67422	0.00000	4684.74200
4.67805	0.00000	4684.74200
4.68188	0.00000	4684.74200
4.68573	0.00000	4684.74200
4.68956	0.00000	4684.74200
4.69339	0.00000	4698.52900
4.69722	0.00000	4698.52900
4.70105	0.00000	4698.52900
4.70488	0.00000	4698.52900
4.70871	0.00000	4698.52900
4.71254	0.00000	4698.52900
4.71637	0.00000	4734.93300
4.72020	0.00000	4734.93300
4.72403	0.00000	4734.93300
4.72786	0.00000	4734.93300
4.73170	0.00000	4734.93300
4.73553	0.00000	4715.40200
4.73940	0.00000	4715.40200
4.74323	0.00000	4715.40200
4.74705	0.00000	4715.40200
4.75088	0.00000	4715.40200
4.75471	0.00000	4715.40200
4.75854	0.00000	4734.93300
4.76236	0.00000	4734.93300
4.76620	0.00000	4734.93300
4.77003	0.00000	4734.93300
4.77386	0.00000	4734.93300
4.77770	0.00000	4734.93300
4.78153	0.00000	4737.72300
4.78536	0.00000	4737.72300
4.78920	0.00000	4737.72300
4.79304	0.00000	4737.72300
4.79687	0.00000	4737.72300
4.80070	0.00000	4737.72300
4.80454	0.00000	4687.50000
4.80836	0.00000	4687.50000
4.81220	0.00000	4687.50000
4.81604	0.00000	4687.50000
4.81989	0.00000	4687.50000
4.82374	0.00000	4704.24100
4.82758	0.00000	4704.24100
4.83142	0.00000	4704.24100
4.83525	0.00000	4704.24100
4.83909	0.00000	4704.24100
4.84292	0.00000	4704.24100
4.84675	0.00000	4746.09400
4.85059	0.00000	4746.09400
4.85442	0.00000	4746.09400
4.85826	0.00000	4746.09400
4.86210	0.00000	4746.09400
4.86593	0.00000	4746.09400
4.86976	0.00000	4684.74200
4.87359	0.00000	4684.74200
4.87743	0.00000	4684.74200
4.88127	0.00000	4684.74200
4.88510	0.00000	4684.74200
4.88892	0.00000	4684.74200
4.89275	0.00000	4684.74200
4.89657	0.00000	4684.74200
4.90040	0.00000	4684.74200
4.90423	0.00000	4684.74200
4.90806	0.00000	4684.74200
4.91190	0.00000	4715.40200
4.91574	0.00000	4715.40200
4.91957	0.00000	4715.40200
4.92341	0.00000	4715.40200
4.92725	0.00000	4715.40200
4.93109	0.00000	4715.40200
4.93492	0.00000	4695.77200
4.93875	0.00000	4695.77200
4.94258	0.00000	4695.77200
4.94641	0.00000	4695.77200
4.95024	0.00000	4695.77200
4.95408	0.00000	4695.77200
4.95791	0.00000	4693.01400
4.96174	0.00000	4693.01400
4.96558	0.00000	4693.01400
4.96942	0.00000	4693.01400
4.97326	0.00000	4693.01400
4.97709	0.00000	4693.01400
4.98092	0.00000	4743.30300
4.98476	0.00000	4743.30300
4.98859	0.00000	4743.30300
4.99244	0.00000	4743.30300
4.99627	0.00000	4743.30300
5.00065	0.00000	4715.40200
5.00454	0.00000	4715.40200
5.00839	0.00000	4715.40200
5.01223	0.00000	4715.40200
5.01607	0.00000	4715.40200
5.01990	0.00000	4715.40200
5.02374	0.00000	4751.67400
5.02759	0.00000	4751.67400
5.03149	0.00000	4751.67400
5.03536	0.00000	4751.67400
5.03921	0.00000	4751.67400
5.04306	0.00000	4751.67400
5.04690	0.00000	4769.25900
5.05075	0.00000	4769.25900
5.05460	0.00000	4769.25900
5.05843	0.00000	4769.25900
5.06228	0.00000	4769.25900
5.06611	0.00000	4769.25900
5.06996	0.00000	4799.36100
5.07381	0.00000	4799.36100
5.07764	0.00000	4799.36100
5.08148	0.00000	4799.36100
5.08532	0.00000	4799.36100
5.08916	0.00000	4799.36100
5.09300	0.00000	4858.67300
5.09684	0.00000	4858.67300
5.10068	0.00000	4858.67300
5.10452	0.00000	4858.67300
5.10835	0.00000	4858.67300
5.11219	0.00000	4858.67300
5.11603	0.00000	4956.10900
5.11987	0.00000	4956.10900
5.12372	0.00000	4956.10900
5.12755	0.00000	4956.10900
5.13138	0.00000	4956.10900
5.13522	0.00000	4956.10900
5.13905	0.00000	4989.58300
5.14289	0.00000	4989.58300
5.14673	0.00000	4989.58300
5.15056	0.00000	4989.58300
5.15441	0.00000	4989.58300
5.15823	0.00000	4989.58300
5.16207	0.00000	5004.29200
5.16592	0.00000	5004.29200
5.16976	0.00000	5004.29200
5.17360	0.00000	5004.29200
5.17744	0.00000	5004.29200
5.18126	0.00000	5004.29200
5.18510	0.00000	5000.84900
5.18895	0.00000	5000.84900
5.19279	0.00000	5000.84900
5.19663	0.00000	5000.84900
5.20047	0.00000	5000.84900
5.20431	0.00000	5000.84900
5.20815	0.00000	5051.80000
5.21197	0.00000	5051.80000
5.21581	0.00000	5051.80000
5.21965	0.00000	5051.80000
5.22348	0.00000	5051.80000
5.22733	0.00000	5051.80000
5.23116	0.00000	5051.80000
5.23499	0.00000	5102.75100
5.23883	0.00000	5102.75100
5.24266	0.00000	5102.75100
5.24650	0.00000	5102.75100
5.25033	0.00000	5102.75100
5.25416	0.00000	5102.75100
5.25799	0.00000	5070.56400
5.26183	0.00000	5070.56400
5.26566	0.00000	5070.56400
5.26950	0.00000	5070.56400
5.27335	0.00000	5070.56400
5.27719	0.00000	5070.56400
5.28103	0.00000	5098.28600
5.28488	0.00000	5098.28600
5.28872	0.00000	5098.28600
5.29255	0.00000	5098.28600
5.29639	0.00000	5098.28600
5.30023	0.00000	5098.28600
5.30407	0.00000	5098.28600
5.30790	0.00000	5141.12900
5.31174	0.00000	5141.12900
5.31557	0.00000	5141.12900
5.31940	0.00000	5141.12900
5.32324	0.00000	5141.12900
5.32710	0.00000	5141.12900
5.33093	0.00000	5123.48800
5.33477	0.00000	5123.48800
5.33860	0.00000	5123.48800
5.34243	0.00000	5123.48800
5.34626	0.00000	5123.48800
5.35010	0.00000	5123.48800
5.35393	0.00000	5131.04800
5.35778	0.00000	5131.04800
5.36162	0.00000	5131.04800
5.36546	0.00000	5131.04800
5.36930	0.00000	5131.04800
5.37313	0.00000	5131.04800
5.37696	0.00000	5131.04800
5.38081	0.00000	5111.36900
5.38465	0.00000	5111.36900
5.38851	0.00000	5111.36900
5.39235	0.00000	5111.36900
5.39619	0.00000	5111.36900
5.40004	0.00000	5111.36900
5.40387	0.00000	5141.12900
5.40772	0.00000	5141.12900
5.41155	0.00000	5141.12900
5.41538	0.00000	5141.12900
5.41922	0.00000	5141.12900
5.42306	0.00000	5141.12900
5.42690	0.00000	5146.16900
5.43075	0.00000	5146.16900
5.43459	0.00000	5146.16900
5.43842	0.00000	5146.16900
5.44225	0.00000	5146.16900
5.44611	0.00000	5146.16900
5.44995	0.00000	5146.16900
5.45379	0.00000	5118.84900
5.45764	0.00000	5118.84900
5.46148	0.00000	5118.84900
5.46531	0.00000	5118.84900
5.46915	0.00000	5118.84900
5.47299	0.00000	5118.84900
5.47684	0.00000	5093.91600
5.48068	0.00000	5093.91600
5.48451	0.00000	5093.91600
5.48835	0.00000	5093.91600
5.49220	0.00000	5093.91600
5.49603	0.00000	5093.91600
5.49987	0.00000	5093.91600
5.50371	0.00000	5093.91600
5.50755	0.00000	5093.91600
5.51138	0.00000	5093.91600
5.51521	0.00000	5093.91600
5.51904	0.00000	5093.91600
5.52288	0.00000	5093.91600
5.52671	0.00000	5113.86300
5.53055	0.00000	5113.86300
5.53440	0.00000	5113.86300
5.53825	0.00000	5113.86300
5.54210	0.00000	5113.86300
5.54595	0.00000	5113.86300
5.54979	0.00000	5146.16900
5.55364	0.00000	5146.16900
5.55748	0.00000	5146.16900
5.56132	0.00000	5146.16900
5.56516	0.00000	5146.16900
5.56900	0.00000	5146.16900
5.57284	0.00000	5151.20900
5.57669	0.00000	5151.20900
5.58054	0.00000	5151.20900
5.58437	0.00000	5151.20900
5.58821	0.00000	5151.20900
5.59206	0.00000	5151.20900
5.59588	0.00000	5151.20900
5.59974	0.00000	5106.38300
5.60357	0.00000	5106.38300
5.60740	0.00000	5106.38300
5.61125	0.00000	5106.38300
5.61508	0.00000	5106.38300
5.61891	0.00000	5106.38300
5.62274	0.00000	5091.42300
5.62657	0.00000	5091.42300
5.63042	0.00000	5091.42300
5.63426	0.00000	5091.42300
5.63809	0.00000	5091.42300
5.64193	0.00000	5091.42300
5.64576	0.00000	5096.40900
5.64959	0.00000	5096.40900
5.65342	0.00000	5096.40900
5.65726	0.00000	5096.40900
5.66110	0.00000	5096.40900
5.66494	0.00000	5096.40900
5.66877	0.00000	5096.40900
5.67260	0.00000	5098.90300
5.67644	0.00000	5098.90300
5.68028	0.00000	5098.90300
5.68412	0.00000	5098.90300
5.68796	0.00000	5098.90300
5.69179	0.00000	5098.90300
5.69562	0.00000	5151.20900
5.69946	0.00000	5151.20900
5.70330	0.00000	5151.20900
5.70713	0.00000	5151.20900
5.71097	0.00000	5151.20900
5.71481	0.00000	5151.20900
5.71864	0.00000	5151.20900
5.72249	0.00000	5163.81000
5.72633	0.00000	5163.81000
5.73017	0.00000	5163.81000
5.73400	0.00000	5163.81000
5.73785	0.00000	5163.81000
5.74168	0.00000	5163.81000
5.74552	0.00000	5148.68900
5.74937	0.00000	5148.68900
5.75322	0.00000	5148.68900
5.75705	0.00000	5148.68900
5.76089	0.00000	5148.68900
5.76473	0.00000	5148.68900
5.76857	0.00000	5146.16900
5.77241	0.00000	5146.16900
5.77625	0.00000	5146.16900
5.78010	0.00000	5146.16900
5.78390	0.00000	5146.16900
5.78774	0.00000	5146.16900
5.79157	0.00000	5146.16900
5.79541	0.00000	5113.86300
5.79925	0.00000	5113.86300
5.80309	0.00000	5113.86300
5.80694	0.00000	5113.86300
5.81077	0.00000	5113.86300
5.81461	0.00000	5113.86300
5.81846	0.00000	5093.91600
5.82229	0.00000	5093.91600
5.82614	0.00000	5093.91600
5.82998	0.00000	5093.91600
5.83382	0.00000	5093.91600
5.83766	0.00000	5093.91600
5.84150	0.00000	5088.92900
5.84534	0.00000	5088.92900
5.84918	0.00000	5088.92900
5.85301	0.00000	5088.92900
5.85685	0.00000	5088.92900
5.86068	0.00000	5088.92900
5.86452	0.00000	5088.92900
5.86836	0.00000	5113.86300
5.87220	0.00000	5113.86300
5.87603	0.00000	5113.86300
5.87987	0.00000	5113.86300
5.88371	0.00000	5113.86300
5.88756	0.00000	5113.86300
5.89140	0.00000	5143.64900
5.89524	0.00000	5143.64900
5.89908	0.00000	5143.64900
5.90292	0.00000	5143.64900
5.90675	0.00000	5143.64900
5.91058	0.00000	5143.64900
5.91441	0.00000	5148.68900
5.91826	0.00000	5148.68900
5.92210	0.00000	5148.68900
5.92594	0.00000	5148.68900
5.92978	0.00000	5148.68900
5.93362	0.00000	5148.68900
5.93747	0.00000	5148.68900
5.94131	0.00000	5123.83600
5.94515	0.00000	5123.83600
5.94899	0.00000	5123.83600
5.95283	0.00000	5123.83600
5.95667	0.00000	5123.83600
5.96051	0.00000	5123.83600
5.96434	0.00000	5086.43600
5.96819	0.00000	5086.43600
5.97202	0.00000	5086.43600
5.97586	0.00000	5086.43600
5.97970	0.00000	5086.43600
5.98355	0.00000	5086.43600
5.98739	0.00000	5086.43600
5.99123	0.00000	5086.43600
5.99506	0.00000	5086.43600
5.99890	0.00000	5086.43600
6.00273	0.00000	5086.43600
6.00656	0.00000	5086.43600
6.01039	0.00000	5086.43600
6.01425	0.00000	5121.34300
6.01809	0.00000	5121.34300
6.02193	0.00000	5121.34300
6.02576	0.00000	5121.34300
6.02961	0.00000	5121.34300
6.03345	0.00000	5121.34300
6.03729	0.00000	5146.16900
6.04112	0.00000	5146.16900
6.04495	0.00000	5146.16900
6.04879	0.00000	5146.16900
6.05262	0.00000	5146.16900
6.05646	0.00000	5146.16900
6.06030	0.00000	5148.68900
6.06416	0.00000	5148.68900
6.06800	0.00000	5148.68900
6.07183	0.00000	5148.68900
6.07566	0.00000	5148.68900
6.07951	0.00000	5148.68900
6.08335	0.00000	5148.68900
6.08719	0.00000	5116.35600
6.09103	0.00000	5116.35600
6.09486	0.00000	5116.35600
6.09870	0.00000	5116.35600
6.10253	0.00000	5116.35600
6.10637	0.00000	5116.35600
6.11020	0.00000	5088.92900
6.11403	0.00000	5088.92900
6.11787	0.00000	5088.92900
6.12171	0.00000	5088.92900
6.12556	0.00000	5088.92900
6.12940	0.00000	5088.92900
6.13325	0.00000	5091.42300
6.13709	0.00000	5091.42300
6.14092	0.00000	5091.42300
6.14476	0.00000	5091.42300
6.14861	0.00000	5091.42300
6.15245	0.00000	5091.42300
6.15630	0.00000	5091.42300
6.16013	0.00000	5111.36900
6.16398	0.00000	5111.36900
6.16781	0.00000	5111.36900
6.17166	0.00000	5111.36900
6.17549	0.00000	5111.36900
6.17934	0.00000	5111.36900
6.18318	0.00000	5148.68900
6.18701	0.00000	5148.68900
6.19084	0.00000	5148.68900
6.19468	0.00000	5148.68900
6.19851	0.00000	5148.68900
6.20235	0.00000	5148.68900
6.20619	0.00000	5148.68900
6.21002	0.00000	5148.68900
6.21386	0.00000	5148.68900
6.21770	0.00000	5148.68900
6.22154	0.00000	5148.68900
6.22538	0.00000	5148.68900
6.22922	0.00000	5148.68900
6.23305	0.00000	5156.25000
6.23689	0.00000	5156.25000
6.24073	0.00000	5156.25000
6.24456	0.00000	5156.25000
6.24841	0.00000	5156.25000
6.25225	0.00000	5156.25000
6.25608	0.00000	5151.20900
6.25990	0.00000	5151.20900
6.26373	0.00000	5151.20900
6.26757	0.00000	5151.20900
6.27140	0.00000	5151.20900
6.27526	0.00000	5151.20900
6.27910	0.00000	5146.16900
6.28293	0.00000	5146.16900
6.28677	0.00000	5146.16900
6.29061	0.00000	5146.16900
6.29444	0.00000	5146.16900
6.29827	0.00000	5146.16900
6.30211	0.00000	5146.16900
6.30595	0.00000	5093.91600
6.30978	0.00000	5093.91600
6.31361	0.00000	5093.91600
6.31744	0.00000	5093.91600
6.32127	0.00000	5093.91600
6.32511	0.00000	5093.91600
6.32895	0.00000	5141.12900
6.33278	0.00000	5141.12900
6.33661	0.00000	5141.12900
6.34044	0.00000	5141.12900
6.34428	0.00000	5141.12900
6.34812	0.00000	5141.12900
6.35195	0.00000	5141.12900
6.35578	0.00000	5096.40900
6.35962	0.00000	5096.40900
6.36345	0.00000	5096.40900
6.36729	0.00000	5096.40900
6.37112	0.00000	5096.40900
6.37496	0.00000	5096.40900
6.37879	0.00000	5091.42300
6.38263	0.00000	5091.42300
6.38647	0.00000	5091.42300
6.39031	0.00000	5091.42300
6.39416	0.00000	5091.42300
6.39799	0.00000	5091.42300
6.40183	0.00000	5088.92900
6.40568	0.00000	5088.92900
6.40952	0.00000	5088.92900
6.41335	0.00000	5088.92900
6.41718	0.00000	5088.92900
6.42102	0.00000	5088.92900
6.42485	0.00000	5088.92900
6.42869	0.00000	5101.39600
6.43253	0.00000	5101.39600
6.43638	0.00000	5101.39600
6.44022	0.00000	5101.39600
6.44405	0.00000	5101.39600
6.44789	0.00000	5101.39600
6.45174	0.00000	5138.60900
6.45558	0.00000	5138.60900
6.45943	0.00000	5138.60900
6.46326	0.00000	5138.60900
6.46711	0.00000	5138.60900
6.47096	0.00000	5138.60900
6.47479	0.00000	5143.64900
6.47862	0.00000	5143.64900
6.48245	0.00000	5143.64900
6.48630	0.00000	5143.64900
6.49013	0.00000	5143.64900
6.49396	0.00000	5143.64900
6.49782	0.00000	5143.64900
6.50165	0.00000	5163.81000
6.50549	0.00000	5163.81000
6.50932	0.00000	5163.81000
6.51317	0.00000	5163.81000
6.51701	0.00000	5163.81000
6.52085	0.00000	5163.81000
6.52468	0.00000	5143.64900
6.52853	0.00000	5143.64900
6.53236	0.00000	5143.64900
6.53619	0.00000	5143.64900
6.54002	0.00000	5143.64900
6.54387	0.00000	5143.64900
6.54771	0.00000	5143.64900
6.55155	0.00000	5143.64900
6.55539	0.00000	5143.64900
6.55922	0.00000	5143.64900
6.56305	0.00000	5143.64900
6.56689	0.00000	5143.64900
6.57072	0.00000	5143.64900
6.57457	0.00000	5116.35600
6.57841	0.00000	5116.35600
6.58224	0.00000	5116.35600
6.58608	0.00000	5116.35600
6.58992	0.00000	5116.35600
6.59375	0.00000	5116.35600
6.59758	0.00000	5088.92900
6.60142	0.00000	5088.92900
6.60526	0.00000	5088.92900
6.60909	0.00000	5088.92900
6.61293	0.00000	5088.92900
6.61677	0.00000	5088.92900
6.62060	0.00000	5088.92900
6.62445	0.00000	5088.92900
6.62829	0.00000	5088.92900
6.63213	0.00000	5088.92900
6.63596	0.00000	5088.92900
6.63980	0.00000	5088.92900
6.64365	0.00000	5088.92900
6.64748	0.00000	5116.35600
6.65132	0.00000	5116.35600
6.65516	0.00000	5116.35600
6.65899	0.00000	5116.35600
6.66283	0.00000	5116.35600
6.66666	0.00000	5116.35600
6.67049	0.00000	5143.64900
6.67433	0.00000	5143.64900
6.67820	0.00000	5143.64900
6.68205	0.00000	5143.64900
6.68589	0.00000	5143.64900
6.68973	0.00000	5143.64900
6.69356	0.00000	5148.68900
6.69742	0.00000	5148.68900
6.70125	0.00000	5148.68900
6.70509	0.00000	5148.68900
6.70892	0.00000	5148.68900
6.71277	0.00000	5148.68900
6.71660	0.00000	5148.68900
6.72044	0.00000	5123.83600
6.72427	0.00000	5123.83600
6.72813	0.00000	5123.83600
6.73198	0.00000	5123.83600
6.73582	0.00000	5123.83600
6.73966	0.00000	5123.83600
6.74351	0.00000	5091.42300
6.74734	0.00000	5091.42300
6.75117	0.00000	5091.42300
6.75501	0.00000	5091.42300
6.75885	0.00000	5091.42300
6.76268	0.00000	5091.42300
6.76652	0.00000	5091.42300
6.77036	0.00000	5091.42300
6.77421	0.00000	5091.42300
6.77806	0.00000	5091.42300
6.78189	0.00000	5091.42300
6.78573	0.00000	5091.42300
6.78958	0.00000	5091.42300
6.79342	0.00000	5118.84900
6.79725	0.00000	5118.84900
6.80109	0.00000	5118.84900
6.80493	0.00000	5118.84900
6.80877	0.00000	5118.84900
6.81260	0.00000	5118.84900
6.81644	0.00000	5153.72900
6.82028	0.00000	5153.72900
6.82412	0.00000	5153.72900
6.82796	0.00000	5153.72900
6.83179	0.00000	5153.72900
6.83563	0.00000	5153.72900
6.83947	0.00000	5156.25000
6.84332	0.00000	5156.25000
6.84716	0.00000	5156.25000
6.85099	0.00000	5156.25000
6.85483	0.00000	5156.25000
6.85868	0.00000	5156.25000
6.86253	0.00000	5156.25000
6.86638	0.00000	5113.86300
6.87022	0.00000	5113.86300
6.87407	0.00000	5113.86300
6.87793	0.00000	5113.86300
6.88178	0.00000	5113.86300
6.88564	0.00000	5113.86300
6.88948	0.00000	5101.39600
6.89332	0.00000	5101.39600
6.89715	0.00000	5101.39600
6.90099	0.00000	5101.39600
6.90484	0.00000	5101.39600
6.90867	0.00000	5101.39600
6.91251	0.00000	5096.40900
6.91634	0.00000	5096.40900
6.92019	0.00000	5096.40900
6.92403	0.00000	5096.40900
6.92787	0.00000	5096.40900
6.93171	0.00000	5096.40900
6.93556	0.00000	5096.40900
6.93940	0.00000	5173.89100
6.94323	0.00000	5173.89100
6.94708	0.00000	5173.89100
6.95092	0.00000	5173.89100
6.95474	0.00000	5173.89100
6.95858	0.00000	5173.89100
6.96244	0.00000	5158.77000
6.96628	0.00000	5158.77000
6.97011	0.00000	5158.77000
6.97395	0.00000	5158.77000
6.97780	0.00000	5158.77000
6.98163	0.00000	5158.77000
6.98546	0.00000	5106.38300
6.98928	0.00000	5106.38300
6.99312	0.00000	5106.38300
6.99696	0.00000	5106.38300
7.00079	0.00000	5106.38300
7.00463	0.00000	5106.38300
7.00847	0.00000	5106.38300
7.01230	0.00000	5103.88900
7.01614	0.00000	5103.88900
7.01999	0.00000	5103.88900
7.02382	0.00000	5103.88900
7.02767	0.00000	5103.88900
7.03151	0.00000	5103.88900
7.03535	0.00000	5156.25000
7.03918	0.00000	5156.25000
7.04302	0.00000	5156.25000
7.04686	0.00000	5156.25000
7.05070	0.00000	5156.25000
7.05455	0.00000	5156.25000
7.05838	0.00000	5156.25000
7.06221	0.00000	5176.41100
7.06605	0.00000	5176.41100
7.06989	0.00000	5176.41100
7.07373	0.00000	5176.41100
7.07755	0.00000	5176.41100
7.08140	0.00000	5176.41100
7.08523	0.00000	5106.38300
7.08907	0.00000	5106.38300
7.09291	0.00000	5106.38300
7.09676	0.00000	5106.38300
7.10060	0.00000	5106.38300
7.10443	0.00000	5106.38300
7.10827	0.00000	5101.39600
7.11213	0.00000	5101.39600
7.11597	0.00000	5101.39600
7.11981	0.00000	5101.39600
7.12365	0.00000	5101.39600
7.12748	0.00000	5101.39600
7.13132	0.00000	5101.39600
7.13515	0.00000	5126.33000
7.13899	0.00000	5126.33000
7.14283	0.00000	5126.33000
7.14668	0.00000	5126.33000
7.15052	0.00000	5126.33000
7.15435	0.00000	5126.33000
7.15819	0.00000	5156.25000
7.16204	0.00000	5156.25000
7.16587	0.00000	5156.25000
7.16970	0.00000	5156.25000
7.17354	0.00000	5156.25000
7.17740	0.00000	5156.25000
7.18123	0.00000	5156.25000
7.18509	0.00000	5156.25000
7.18892	0.00000	5156.25000
7.19277	0.00000	5156.25000
7.19661	0.00000	5156.25000
7.20044	0.00000	5156.25000
7.20428	0.00000	5156.25000
7.20812	0.00000	5128.82300
7.21195	0.00000	5128.82300
7.21578	0.00000	5128.82300
7.21961	0.00000	5128.82300
7.22345	0.00000	5128.82300
7.22729	0.00000	5128.82300
7.23112	0.00000	5158.77000
7.23497	0.00000	5158.77000
7.23880	0.00000	5158.77000
7.24264	0.00000	5158.77000
7.24647	0.00000	5158.77000
7.25031	0.00000	5158.77000
7.25416	0.00000	5153.72900
7.25800	0.00000	5153.72900
7.26183	0.00000	5153.72900
7.26568	0.00000	5153.72900
7.26950	0.00000	5153.72900
7.27334	0.00000	5153.72900
7.27718	0.00000	5153.72900
7.28102	0.00000	5128.82300
7.28485	0.00000	5128.82300
7.28869	0.00000	5128.82300
7.29253	0.00000	5128.82300
7.29637	0.00000	5128.82300
7.30021	0.00000	5128.82300
7.30405	0.00000	5103.88900
7.30790	0.00000	5103.88900
7.31174	0.00000	5103.88900
7.31558	0.00000	5103.88900
7.31942	0.00000	5103.88900
7.32326	0.00000	5103.88900
7.32711	0.00000	5158.77000
7.33094	0.00000	5158.77000
7.33477	0.00000	5158.77000
7.33861	0.00000	5158.77000
7.34244	0.00000	5158.77000
7.34627	0.00000	5158.77000
7.35011	0.00000	5158.77000
7.35396	0.00000	5123.83600
7.35780	0.00000	5123.83600
7.36165	0.00000	5123.83600
7.36549	0.00000	5123.83600
7.36932	0.00000	5123.83600
7.37315	0.00000	5123.83600
7.37699	0.00000	5101.39600
7.38083	0.00000	5101.39600
7.38466	0.00000	5101.39600
7.38850	0.00000	5101.39600
7.39232	0.00000	5101.39600
7.39616	0.00000	5101.39600
7.40001	0.00000	5108.87600
7.40384	0.00000	5108.87600
7.40768	0.00000	5108.87600
7.41151	0.00000	5108.87600
7.41534	0.00000	5108.87600
7.41918	0.00000	5108.87600
7.42302	0.00000	5108.87600
7.42685	0.00000	5161.29000
7.43069	0.00000	5161.29000
7.43453	0.00000	5161.29000
7.43838	0.00000	5161.29000
7.44221	0.00000	5161.29000
7.44604	0.00000	5161.29000
7.44987	0.00000	5156.25000
7.45371	0.00000	5156.25000
7.45754	0.00000	5156.25000
7.46138	0.00000	5156.25000
7.46522	0.00000	5156.25000
7.46906	0.00000	5156.25000
7.47289	0.00000	5156.25000
7.47673	0.00000	5118.84900
7.48057	0.00000	5118.84900
7.48441	0.00000	5118.84900
7.48824	0.00000	5118.84900
7.49209	0.00000	5118.84900
7.49590	0.00000	5118.84900
7.49973	0.00000	5101.39600
7.50357	0.00000	5101.39600
7.50740	0.00000	5101.39600
7.51124	0.00000	5101.39600
7.51508	0.00000	5101.39600
7.51891	0.00000	5101.39600
7.52273	0.00000	5153.72900
7.52659	0.00000	5153.72900
7.53042	0.00000	5153.72900
7.53428	0.00000	5153.72900
7.53812	0.00000	5153.72900
7.54197	0.00000	5153.72900
7.54581	0.00000	5153.72900
7.54966	0.00000	5131.31600
7.55350	0.00000	5131.31600
7.55734	0.00000	5131.31600
7.56118	0.00000	5131.31600
7.56501	0.00000	5131.31600
7.56885	0.00000	5131.31600
7.57269	0.00000	5103.88900
7.57653	0.00000	5103.88900
7.58036	0.00000	5103.88900
7.58420	0.00000	5103.88900
7.58803	0.00000	5103.88900
7.59186	0.00000	5103.88900
7.59572	0.00000	5101.39600
7.59958	0.00000	5101.39600
7.60342	0.00000	5101.39600
7.60727	0.00000	5101.39600
7.61110	0.00000	5101.39600
7.61494	0.00000	5101.39600
7.61878	0.00000	5101.39600
7.62261	0.00000	5133.80900
7.62645	0.00000	5133.80900
7.63028	0.00000	5133.80900
7.63411	0.00000	5133.80900
7.63795	0.00000	5133.80900
7.64178	0.00000	5133.80900
7.64561	0.00000	5158.77000
7.64945	0.00000	5158.77000
7.65329	0.00000	5158.77000
7.65714	0.00000	5158.77000
7.66097	0.00000	5158.77000
7.66480	0.00000	5158.77000
7.66865	0.00000	5103.88900
7.67248	0.00000	5103.88900
7.67632	0.00000	5103.88900
7.68016	0.00000	5103.88900
7.68399	0.00000	5103.88900
7.68783	0.00000	5103.88900
7.69166	0.00000	5103.88900
7.69549	0.00000	5121.34300
7.69934	0.00000	5121.34300
7.70317	0.00000	5121.34300
7.70700	0.00000	5121.34300
7.71085	0.00000	5121.34300
7.71470	0.00000	5121.34300
7.71854	0.00000	5156.25000
7.72238	0.00000	5156.25000
7.72622	0.00000	5156.25000
7.73005	0.00000	5156.25000
7.73390	0.00000	5156.25000
7.73774	0.00000	5156.25000
7.74158	0.00000	5153.72900
7.74541	0.00000	5153.72900
7.74925	0.00000	5153.72900
7.75308	0.00000	5153.72900
7.75693	0.00000	5153.72900
7.76076	0.00000	5153.72900
7.76460	0.00000	5153.72900
7.76844	0.00000	5111.36900
7.77227	0.00000	5111.36900
7.77611	0.00000	5111.36900
7.77996	0.00000	5111.36900
7.78381	0.00000	5111.36900
7.78764	0.00000	5111.36900
7.79149	0.00000	5101.39600
7.79533	0.00000	5101.39600
7.79917	0.00000	5101.39600
7.80300	0.00000	5101.39600
7.80685	0.00000	5101.39600
7.81069	0.00000	5101.39600
7.81453	0.00000	5101.39600
7.81835	0.00000	5101.39600
7.82218	0.00000	5101.39600
7.82603	0.00000	5101.39600
7.82987	0.00000	5101.39600
7.83370	0.00000	5101.39600
7.83753	0.00000	5101.39600
7.84139	0.00000	5156.25000
7.84523	0.00000	5156.25000
7.84907	0.00000	5156.25000
7.85291	0.00000	5156.25000
7.85676	0.00000	5156.25000
7.86058	0.00000	5156.25000
7.86442	0.00000	5151.20900
7.86826	0.00000	5151.20900
7.87212	0.00000	5151.20900
7.87595	0.00000	5151.20900
7.87979	0.00000	5151.20900
7.88363	0.00000	5151.20900
7.88747	0.00000	5151.20900
7.89130	0.00000	5161.29000
7.89515	0.00000	5161.29000
7.89898	0.00000	5161.29000
7.90283	0.00000	5161.29000
7.90666	0.00000	5161.29000
7.91050	0.00000	5161.29000
7.91434	0.00000	5096.40900
7.91819	0.00000	5096.40900
7.92203	0.00000	5096.40900
7.92586	0.00000	5096.40900
7.92969	0.00000	5096.40900
7.93352	0.00000	5096.40900
7.93735	0.00000	5098.90300
7.94119	0.00000	5098.90300
7.94503	0.00000	5098.90300
7.94887	0.00000	5098.90300
7.95270	0.00000	5098.90300
7.95654	0.00000	5098.90300
7.96037	0.00000	5098.90300
7.96421	0.00000	5118.84900
7.96805	0.00000	5118.84900
7.97190	0.00000	5118.84900
7.97574	0.00000	5118.84900
7.97957	0.00000	5118.84900
7.98340	0.00000	5118.84900
7.98724	0.00000	5153.72900
7.99107	0.00000	5153.72900
7.99490	0.00000	5153.72900
7.99874	0.00000	5153.72900
8.00258	0.00000	5153.72900
8.00642	0.00000	5153.72900
8.01026	0.00000	5151.20900
8.01412	0.00000	5151.20900
8.01796	0.00000	5151.20900
8.02179	0.00000	5151.20900
8.02564	0.00000	5151.20900
8.02948	0.00000	5151.20900
8.03331	0.00000	5151.20900
8.03715	0.00000	5121.34300
8.04099	0.00000	5121.34300
8.04482	0.00000	5121.34300
8.04867	0.00000	5121.34300
8.05252	0.00000	5121.34300
8.05635	0.00000	5121.34300
8.06020	0.00000	5148.68900
8.06404	0.00000	5148.68900
8.06788	0.00000	5148.68900
8.07172	0.00000	5148.68900
8.07555	0.00000	5148.68900
8.07939	0.00000	5148.68900
8.08322	0.00000	5093.91600
8.08707	0.00000	5093.91600
8.09090	0.00000	5093.91600
8.09475	0.00000	5093.91600
8.09858	0.00000	5093.91600
8.10243	0.00000	5093.91600
8.10627	0.00000	5093.91600
8.11010	0.00000	5121.34300
8.11394	0.00000	5121.34300
8.11777	0.00000	5121.34300
8.12161	0.00000	5121.34300
8.12544	0.00000	5121.34300
8.12927	0.00000	5121.34300
8.13310	0.00000	5146.16900
8.13695	0.00000	5146.16900
8.14078	0.00000	5146.16900
8.14462	0.00000	5146.16900
8.14846	0.00000	5146.16900
8.15229	0.00000	5146.16900
8.15614	0.00000	5143.64900
8.16001	0.00000	5143.64900
8.16385	0.00000	5143.64900
8.16769	0.00000	5143.64900
8.17153	0.00000	5143.64900
8.17536	0.00000	5143.64900
8.17919	0.00000	5143.64900
8.18301	0.00000	5118.84900
8.18686	0.00000	5118.84900
8.19071	0.00000	5118.84900
8.19456	0.00000	5118.84900
8.19840	0.00000	5118.84900
8.20223	0.00000	5118.84900
8.20606	0.00000	5091.42300
8.20990	0.00000	5091.42300
8.21373	0.00000	5091.42300
8.21757	0.00000	5091.42300
8.22140	0.00000	5091.42300
8.22523	0.00000	5091.42300
8.22906	0.00000	5086.43600
8.23289	0.00000	5086.43600
8.23673	0.00000	5086.43600
8.24058	0.00000	5086.43600
8.24441	0.00000	5086.43600
8.24825	0.00000	5086.43600
8.25209	0.00000	5086.43600
8.25590	0.00000	5106.38300
8.25974	0.00000	5106.38300
8.26358	0.00000	5106.38300
8.26743	0.00000	5106.38300
8.27127	0.00000	5106.38300
8.27510	0.00000	5106.38300
8.27894	0.00000	5146.16900
8.28278	0.00000	5146.16900
8.28662	0.00000	5146.16900
8.29046	0.00000	5146.16900
8.29432	0.00000	5146.16900
8.29820	0.00000	5146.16900
8.30204	0.00000	5141.12900
8.30590	0.00000	5141.12900
8.30974	0.00000	5141.12900
8.31359	0.00000	5141.12900
8.31743	0.00000	5141.12900
8.32128	0.00000	5141.12900
8.32513	0.00000	5141.12900
8.32897	0.00000	5163.81000
8.33281	0.00000	5163.81000
8.33665	0.00000	5163.81000
8.34049	0.00000	5163.81000
8.34432	0.00000	5163.81000
8.34816	0.00000	5163.81000
8.35201	0.00000	5141.12900
8.35584	0.00000	5141.12900
8.35968	0.00000	5141.12900
8.36352	0.00000	5141.12900
8.36737	0.00000	5141.12900
8.37121	0.00000	5141.12900
8.37506	0.00000	5136.08900
8.37891	0.00000	5136.08900
8.38275	0.00000	5136.08900
8.38659	0.00000	5136.08900
8.39043	0.00000	5136.08900
8.39426	0.00000	5136.08900
8.39810	0.00000	5136.08900
8.40194	0.00000	5103.88900
8.40577	0.00000	5103.88900
8.40961	0.00000	5103.88900
8.41345	0.00000	5103.88900
8.41729	0.00000	5103.88900
8.42113	0.00000	5103.88900
8.42498	0.00000	5141.12900
8.42882	0.00000	5141.12900
8.43265	0.00000	5141.12900
8.43649	0.00000	5141.12900
8.44033	0.00000	5141.12900
8.44417	0.00000	5141.12900
8.44800	0.00000	5141.12900
8.45185	0.00000	5141.12900
8.45570	0.00000	5141.12900
8.45954	0.00000	5141.12900
8.46338	0.00000	5141.12900
8.46723	0.00000	5141.12900
8.47107	0.00000	5141.12900
8.47490	0.00000	5101.39600
8.47873	0.00000	5101.39600
8.48257	0.00000	5101.39600
8.48641	0.00000	5101.39600
8.49025	0.00000	5101.39600
8.49409	0.00000	5101.39600
8.49792	0.00000	5088.92900
8.50175	0.00000	5088.92900
8.50560	0.00000	5088.92900
8.50944	0.00000	5088.92900
8.51328	0.00000	5088.92900
8.51711	0.00000	5088.92900
8.52095	0.00000	5088.92900
8.52478	0.00000	5088.92900
8.52862	0.00000	5088.92900
8.53246	0.00000	5088.92900
8.53629	0.00000	5088.92900
8.54013	0.00000	5088.92900
8.54397	0.00000	5088.92900
8.54780	0.00000	5153.72900
8.55163	0.00000	5153.72900
8.55547	0.00000	5153.72900
8.55934	0.00000	5153.72900
8.56318	0.00000	5153.72900
8.56702	0.00000	5153.72900
8.57086	0.00000	5141.12900
8.57470	0.00000	5141.12900
8.57854	0.00000	5141.12900
8.58238	0.00000	5141.12900
8.58621	0.00000	5141.12900
8.59004	0.00000	5141.12900
8.59388	0.00000	5136.08900
8.59771	0.00000	5136.08900
8.60155	0.00000	5136.08900
8.60539	0.00000	5136.08900
8.60922	0.00000	5136.08900
8.61306	0.00000	5136.08900
8.61690	0.00000	5136.08900
8.62073	0.00000	5151.20900
8.62456	0.00000	5151.20900
8.62841	0.00000	5151.20900
8.63225	0.00000	5151.20900
8.63609	0.00000	5151.20900
8.63990	0.00000	5151.20900
8.64373	0.00000	5141.12900
8.64757	0.00000	5141.12900
8.65143	0.00000	5141.12900
8.65527	0.00000	5141.12900
8.65911	0.00000	5141.12900
8.66294	0.00000	5141.12900
8.66676	0.00000	5141.12900
8.67059	0.00000	5153.72900
8.67442	0.00000	5153.72900
8.67828	0.00000	5153.72900
8.68211	0.00000	5153.72900
8.68595	0.00000	5153.72900
8.68979	0.00000	5153.72900
8.69362	0.00000	5148.68900
8.69745	0.00000	5148.68900
8.70129	0.00000	5148.68900
8.70513	0.00000	5148.68900
8.70897	0.00000	5148.68900
8.71281	0.00000	5148.68900
8.71665	0.00000	5146.16900
8.72049	0.00000	5146.16900
8.72433	0.00000	5146.16900
8.72817	0.00000	5146.16900
8.73201	0.00000	5146.16900
8.73584	0.00000	5146.16900
8.73968	0.00000	5146.16900
8.74352	0.00000	5113.86300
8.74736	0.00000	5113.86300
8.75120	0.00000	5113.86300
8.75503	0.00000	5113.86300
8.75886	0.00000	5113.86300
8.76270	0.00000	5113.86300
8.76653	0.00000	5088.92900
8.77037	0.00000	5088.92900
8.77420	0.00000	5088.92900
8.77804	0.00000	5088.92900
8.78187	0.00000	5088.92900
8.78570	0.00000	5088.92900
8.78954	0.00000	5088.92900
8.79338	0.00000	5088.92900
8.79723	0.00000	5088.92900
8.80106	0.00000	5088.92900
8.80491	0.00000	5088.92900
8.80875	0.00000	5088.92900
8.81260	0.00000	5088.92900
8.81643	0.00000	5111.36900
8.82029	0.00000	5111.36900
8.82413	0.00000	5111.36900
8.82797	0.00000	5111.36900
8.83181	0.00000	5111.36900
8.83564	0.00000	5111.36900
8.83947	0.00000	5151.20900
8.84333	0.00000	5151.20900
8.84716	0.00000	5151.20900
8.85099	0.00000	5151.20900
8.85483	0.00000	5151.20900
8.85867	0.00000	5151.20900
8.86252	0.00000	5151.20900
8.86639	0.00000	5151.20900
8.87024	0.00000	5151.20900
8.87407	0.00000	5151.20900
8.87791	0.00000	5151.20900
8.88176	0.00000	5151.20900
8.88560	0.00000	5151.20900
8.88943	0.00000	5118.84900
8.89326	0.00000	5118.84900
8.89712	0.00000	5118.84900
8.90095	0.00000	5118.84900
8.90479	0.00000	5118.84900
8.90863	0.00000	5118.84900
8.91248	0.00000	5086.43600
8.91632	0.00000	5086.43600
8.92017	0.00000	5086.43600
8.92401	0.00000	5086.43600
8.92785	0.00000	5086.43600
8.93169	0.00000	5086.43600
8.93554	0.00000	5088.92900
8.93938	0.00000	5088.92900
8.94322	0.00000	5088.92900
8.94706	0.00000	5088.92900
8.95089	0.00000	5088.92900
8.95472	0.00000	5088.92900
8.95856	0.00000	5088.92900
8.96239	0.00000	5118.84900
8.96623	0.00000	5118.84900
8.97007	0.00000	5118.84900
8.97391	0.00000	5118.84900
8.97776	0.00000	5118.84900
8.98159	0.00000	5118.84900
8.98543	0.00000	5146.16900
8.98926	0.00000	5146.16900
8.99310	0.00000	5146.16900
8.99694	0.00000	5146.16900
9.00078	0.00000	5146.16900
9.00464	0.00000	5146.16900
9.00848	0.00000	5141.12900
9.01233	0.00000	5141.12900
9.01617	0.00000	5141.12900
9.02000	0.00000	5141.12900
9.02385	0.00000	5141.12900
9.02770	0.00000	5141.12900
9.03155	0.00000	5141.12900
9.03539	0.00000	5168.85100
9.03922	0.00000	5168.85100
9.04307	0.00000	5168.85100
9.04690	0.00000	5168.85100
9.05073	0.00000	5168.85100
9.05457	0.00000	5168.85100
9.05841	0.00000	5146.16900
9.06225	0.00000	5146.16900
9.06609	0.00000	5146.16900
9.06993	0.00000	5146.16900
9.07376	0.00000	5146.16900
9.07760	0.00000	5146.16900
9.08144	0.00000	5146.16900
9.08530	0.00000	5146.16900
9.08913	0.00000	5146.16900
9.09297	0.00000	5146.16900
9.09682	0.00000	5146.16900
9.10066	0.00000	5146.16900
9.10451	0.00000	5146.16900
9.10834	0.00000	5118.84900
9.11218	0.00000	5118.84900
9.11602	0.00000	5118.84900
9.11986	0.00000	5118.84900
9.12370	0.00000	5118.84900
9.12753	0.00000	5118.84900
9.13137	0.00000	5146.16900
9.13521	0.00000	5146.16900
9.13905	0.00000	5146.16900
9.14289	0.00000	5146.16900
9.14672	0.00000	5146.16900
9.15055	0.00000	5146.16900
9.15438	0.00000	5143.64900
9.15825	0.00000	5143.64900
9.16209	0.00000	5143.64900
9.16593	0.00000	5143.64900
9.16976	0.00000	5143.64900
9.17360	0.00000	5143.64900
9.17745	0.00000	5143.64900
9.18128	0.00000	5176.41100
9.18511	0.00000	5176.41100
9.18895	0.00000	5176.41100
9.19278	0.00000	5176.41100
9.19662	0.00000	5176.41100
9.20045	0.00000	5176.41100
9.20429	0.00000	5148.68900
9.20813	0.00000	5148.68900
9.21196	0.00000	5148.68900
9.21581	0.00000	5148.68900
9.21965	0.00000	5148.68900
9.22349	0.00000	5148.68900
9.22732	0.00000	5146.16900
9.23116	0.00000	5146.16900
9.23500	0.00000	5146.16900
9.23883	0.00000	5146.16900
9.24266	0.00000	5146.16900
9.24649	0.00000	5146.16900
9.25033	0.00000	5146.16900
9.25418	0.00000	5103.88900
9.25801	0.00000	5103.88900
9.26185	0.00000	5103.88900
9.26570	0.00000	5103.88900
9.26954	0.00000	5103.88900
9.27338	0.00000	5103.88900
9.27721	0.00000	5086.43600
9.28104	0.00000	5086.43600
9.28488	0.00000	5086.43600
9.28872	0.00000	5086.43600
9.29257	0.00000	5086.43600
9.29640	0.00000	5086.43600
9.30024	0.00000	5091.42300
9.30407	0.00000	5091.42300
9.30790	0.00000	5091.42300
9.31173	0.00000	5091.42300
9.31557	0.00000	5091.42300
9.31941	0.00000	5091.42300
9.32326	0.00000	5091.42300
9.32708	0.00000	5091.42300
9.33092	0.00000	5091.42300
9.33476	0.00000	5091.42300
9.33860	0.00000	5091.42300
9.34244	0.00000	5091.42300
9.34628	0.00000	5091.42300
9.35011	0.00000	5138.60900
9.35396	0.00000	5138.60900
9.35779	0.00000	5138.60900
9.36162	0.00000	5138.60900
9.36546	0.00000	5138.60900
9.36930	0.00000	5138.60900
9.37313	0.00000	5088.92900
9.37695	0.00000	5088.92900
9.38079	0.00000	5088.92900
9.38463	0.00000	5088.92900
9.38847	0.00000	5088.92900
9.39231	0.00000	5088.92900
9.39615	0.00000	5088.92900
9.39998	0.00000	5148.68900
9.40382	0.00000	5148.68900
9.40767	0.00000	5148.68900
9.41150	0.00000	5148.68900
9.41534	0.00000	5148.68900
9.41919	0.00000	5148.68900
9.42302	0.00000	5141.12900
9.42685	0.00000	5141.12900
9.43068	0.00000	5141.12900
9.43452	0.00000	5141.12900
9.43835	0.00000	5141.12900
9.44218	0.00000	5141.12900
9.44601	0.00000	5141.12900
9.44984	0.00000	5151.20900
9.45367	0.00000	5151.20900
9.45752	0.00000	5151.20900
9.46135	0.00000	5151.20900
9.46518	0.00000	5151.20900
9.46902	0.00000	5151.20900
9.47285	0.00000	5141.12900
9.47668	0.00000	5141.12900
9.48051	0.00000	5141.12900
9.48435	0.00000	5141.12900
9.48820	0.00000	5141.12900
9.49203	0.00000	5141.12900
9.49587	0.00000	5143.64900
9.49972	0.00000	5143.64900
9.50356	0.00000	5143.64900
9.50739	0.00000	5143.64900
9.51123	0.00000	5143.64900
9.51508	0.00000	5143.64900
9.51892	0.00000	5143.64900
9.52275	0.00000	5158.77000
9.52658	0.00000	5158.77000
9.53043	0.00000	5158.77000
9.53426	0.00000	5158.77000
9.53810	0.00000	5158.77000
9.54193	0.00000	5158.77000
9.54577	0.00000	5138.60900
9.54959	0.00000	5138.60900
9.55342	0.00000	5138.60900
9.55726	0.00000	5138.60900
9.56110	0.00000	5138.60900
9.56493	0.00000	5138.60900
9.56877	0.00000	5141.12900
9.57260	0.00000	5141.12900
9.57645	0.00000	5141.12900
9.58028	0.00000	5141.12900
9.58411	0.00000	5141.12900
9.58797	0.00000	5141.12900
9.59179	0.00000	5141.12900
9.59565	0.00000	5111.36900
9.59949	0.00000	5111.36900
9.60333	0.00000	5111.36900
9.60716	0.00000	5111.36900
9.61100	0.00000	5111.36900
9.61483	0.00000	5111.36900
9.61866	0.00000	5088.92900
9.62250	0.00000	5088.92900
9.62635	0.00000	5088.92900
9.63018	0.00000	5088.92900
9.63401	0.00000	5088.92900
9.63784	0.00000	5088.92900
9.64168	0.00000	5088.92900
9.64552	0.00000	5088.92900
9.64937	0.00000	5088.92900
9.65320	0.00000	5088.92900
9.65704	0.00000	5088.92900
9.66087	0.00000	5088.92900
9.66471	0.00000	5088.92900
9.66854	0.00000	5113.86300
9.67238	0.00000	5113.86300
9.67623	0.00000	5113.86300
9.68007	0.00000	5113.86300
9.68390	0.00000	5113.86300
9.68773	0.00000	5113.86300
9.69158	0.00000	5143.64900
9.69541	0.00000	5143.64900
9.69924	0.00000	5143.64900
9.70307	0.00000	5143.64900
9.70693	0.00000	5143.64900
9.71076	0.00000	5143.64900
9.71459	0.00000	5146.16900
9.71845	0.00000	5146.16900
9.72229	0.00000	5146.16900
9.72612	0.00000	5146.16900
9.72996	0.00000	5146.16900
9.73379	0.00000	5146.16900
9.73764	0.00000	5146.16900
9.74148	0.00000	5121.34300
9.74532	0.00000	5121.34300
9.74915	0.00000	5121.34300
9.75300	0.00000	5121.34300
9.75683	0.00000	5121.34300
9.76066	0.00000	5121.34300
9.76450	0.00000	5143.64900
9.76833	0.00000	5143.64900
9.77217	0.00000	5143.64900
9.77601	0.00000	5143.64900
9.77985	0.00000	5143.64900
9.78369	0.00000	5143.64900
9.78753	0.00000	5146.16900
9.79137	0.00000	5146.16900
9.79520	0.00000	5146.16900
9.79903	0.00000	5146.16900
9.80286	0.00000	5146.16900
9.80670	0.00000	5146.16900
9.81055	0.00000	5146.16900
9.81446	0.00000	5116.35600
9.81832	0.00000	5116.35600
9.82216	0.00000	5116.35600
9.82602	0.00000	5116.35600
9.82987	0.00000	5116.35600
9.83371	0.00000	5116.35600
9.83755	0.00000	5148.68900
9.84140	0.00000	5148.68900
9.84524	0.00000	5148.68900
9.84908	0.00000	5148.68900
9.85291	0.00000	5148.68900
9.85676	0.00000	5148.68900
9.86060	0.00000	5141.12900
9.86447	0.00000	5141.12900
9.86829	0.00000	5141.12900
9.87214	0.00000	5141.12900
9.87599	0.00000	5141.12900
9.87984	0.00000	5141.12900
9.88373	0.00000	5141.12900
9.88757	0.00000	5168.85100
9.89141	0.00000	5168.85100
9.89526	0.00000	5168.85100
9.89910	0.00000	5168.85100
9.90296	0.00000	5168.85100
9.90680	0.00000	5168.85100
9.91064	0.00000	5146.16900
9.91449	0.00000	5146.16900
9.91832	0.00000	5146.16900
9.92218	0.00000	5146.16900
9.92602	0.00000	5146.16900
9.92986	0.00000	5146.16900
9.93371	0.00000	5148.68900
9.93755	0.00000	5148.68900
9.94138	0.00000	5148.68900
9.94523	0.00000	5148.68900
9.94906	0.00000	5148.68900
9.95291	0.00000	5148.68900
9.95674	0.00000	5148.68900
9.96058	0.00000	5121.34300
9.96441	0.00000	5121.34300
9.96825	0.00000	5121.34300
9.97209	0.00000	5121.34300
9.97590	0.00000	5121.34300
9.97973	0.00000	5121.34300
9.98366	0.00000	5088.92900
9.98750	0.00000	5088.92900
9.99135	0.00000	5088.92900
9.99518	0.00000	5088.92900
9.99901	0.00000	5088.92900
