Time (s)   Thrust (N)   RPM
0.00030	0.00000	5739.02000
0.00419	0.00000	5739.02000
0.00808	0.00000	5739.02000
0.01194	0.00000	5739.02000
0.01582	0.00000	5726.99600
0.01967	0.00000	5726.99600
0.02360	0.00000	5726.99600
0.02745	0.00000	5726.99600
0.03130	0.00000	5726.99600
0.03515	0.00000	5726.99600
0.03899	0.00000	5726.99600
0.04282	0.00000	5508.92800
0.04664	0.00000	5508.92800
0.05048	0.00000	5508.92800
0.05432	0.00000	5508.92800
0.05815	0.00000	5508.92800
0.06199	0.00000	5508.92800
0.06585	0.00000	5508.92800
0.06969	0.00000	5350.78100
0.07353	0.00000	5350.78100
0.07736	0.00000	5350.78100
0.08120	0.00000	5350.78100
0.08504	0.00000	5350.78100
0.08888	0.00000	5350.78100
0.09272	0.00000	5350.78100
0.09655	0.00000	5290.52700
0.10038	0.00000	5290.52700
0.10421	0.00000	5290.52700
0.10806	0.00000	5290.52700
0.11188	0.00000	5290.52700
0.11572	0.00000	5290.52700
0.11955	0.00000	5138.79600
0.12339	0.00000	5138.79600
0.12722	0.00000	5138.79600
0.13105	0.00000	5138.79600
0.13488	0.00000	5138.79600
0.13871	0.00000	5138.79600
0.14253	0.00000	5022.68100
0.14636	0.00000	5022.68100
0.15018	0.00000	5022.68100
0.15401	0.00000	5022.68100
0.15785	0.00000	5022.68100
0.16167	0.00000	5022.68100
0.16550	0.00000	5022.68100
0.16933	0.00000	5006.86800
0.17315	0.00000	5006.86800
0.17698	0.00000	5006.86800
0.18080	0.00000	5006.86800
0.18463	0.00000	5006.86800
0.18845	0.00000	5006.86800
0.19228	0.00000	4947.91600
0.19613	0.00000	4947.91600
0.19996	0.00000	4947.91600
0.20379	0.00000	4947.91600
0.20762	0.00000	4947.91600
0.21145	0.00000	4947.91600
0.21529	0.00000	4911.34100
0.21913	0.00000	4911.34100
0.22296	0.00000	4911.34100
0.22679	0.00000	4911.34100
0.23062	0.00000	4911.34100
0.23445	0.00000	4911.34100
0.23828	0.00000	4897.90500
0.24211	0.00000	4897.90500
0.24594	0.00000	4897.90500
0.24978	0.00000	4897.90500
0.25361	0.00000	4897.90500
0.25744	0.00000	4897.90500
0.26128	0.00000	4913.79300
0.26511	0.00000	4913.79300
0.26894	0.00000	4913.79300
0.27275	0.00000	4913.79300
0.27659	0.00000	4913.79300
0.28042	0.00000	4913.79300
0.28424	0.00000	4846.44400
0.28807	0.00000	4846.44400
0.29190	0.00000	4846.44400
0.29573	0.00000	4846.44400
0.29958	0.00000	4846.44400
0.30340	0.00000	4846.44400
0.30723	0.00000	4856.46800
0.31106	0.00000	4856.46800
0.31490	0.00000	4856.46800
0.31873	0.00000	4856.46800
0.32256	0.00000	4856.46800
0.32640	0.00000	4810.13800
0.33023	0.00000	4810.13800
0.33406	0.00000	4810.13800
0.33789	0.00000	4810.13800
0.34173	0.00000	4810.13800
0.34556	0.00000	4810.13800
0.34939	0.00000	4788.33600
0.35322	0.00000	4788.33600
0.35706	0.00000	4788.33600
0.36089	0.00000	4788.33600
0.36471	0.00000	4788.33600
0.36855	0.00000	4788.33600
0.37238	0.00000	4785.61000
0.37621	0.00000	4785.61000
0.38005	0.00000	4785.61000
0.38388	0.00000	4785.61000
0.38772	0.00000	4785.61000
0.39154	0.00000	4785.61000
0.39538	0.00000	4774.70900
0.39922	0.00000	4774.70900
0.40305	0.00000	4774.70900
0.40689	0.00000	4774.70900
0.41073	0.00000	4774.70900
0.41457	0.00000	4774.70900
0.41840	0.00000	4811.58000
0.42223	0.00000	4811.58000
0.42607	0.00000	4811.58000
0.42991	0.00000	4811.58000
0.43374	0.00000	4811.58000
0.43757	0.00000	4811.58000
0.44141	0.00000	4739.28000
0.44524	0.00000	4739.28000
0.44908	0.00000	4739.28000
0.45290	0.00000	4739.28000
0.45673	0.00000	4739.28000
0.46057	0.00000	4756.43300
0.46441	0.00000	4756.43300
0.46826	0.00000	4756.43300
0.47210	0.00000	4756.43300
0.47593	0.00000	4756.43300
0.47976	0.00000	4756.43300
0.48359	0.00000	4761.94800
0.48743	0.00000	4761.94800
0.49125	0.00000	4761.94800
0.49510	0.00000	4761.94800
0.49894	0.00000	4761.94800
0.50278	0.00000	4761.94800
0.50660	0.00000	4772.97800
0.51043	0.00000	4772.97800
0.51426	0.00000	4772.97800
0.51808	0.00000	4772.97800
0.52192	0.00000	4772.97800
0.52576	0.00000	4772.97800
0.52959	0.00000	4761.94800
0.53343	0.00000	4761.94800
0.53727	0.00000	4761.94800
0.54110	0.00000	4761.94800
0.54493	0.00000	4761.94800
0.54875	0.00000	4761.94800
0.55258	0.00000	4764.70600
0.55642	0.00000	4764.70600
0.56025	0.00000	4764.70600
0.56407	0.00000	4764.70600
0.56791	0.00000	4764.70600
0.57173	0.00000	4771.20500
0.57558	0.00000	4771.20500
0.57941	0.00000	4771.20500
0.58324	0.00000	4771.20500
0.58707	0.00000	4771.20500
0.59090	0.00000	4771.20500
0.59474	0.00000	4717.83100
0.59858	0.00000	4717.83100
0.60241	0.00000	4717.83100
0.60624	0.00000	4717.83100
0.61008	0.00000	4717.83100
0.61391	0.00000	4717.83100
0.61776	0.00000	4748.16100
0.62159	0.00000	4748.16100
0.62543	0.00000	4748.16100
0.62926	0.00000	4748.16100
0.63310	0.00000	4748.16100
0.63692	0.00000	4748.16100
0.64075	0.00000	4750.91900
0.64458	0.00000	4750.91900
0.64840	0.00000	4750.91900
0.65223	0.00000	4750.91900
0.65606	0.00000	4750.91900
0.65989	0.00000	4750.91900
0.66372	0.00000	4734.37500
0.66754	0.00000	4734.37500
0.67138	0.00000	4734.37500
0.67521	0.00000	4734.37500
0.67904	0.00000	4734.37500
0.68287	0.00000	4768.41500
0.68671	0.00000	4768.41500
0.69054	0.00000	4768.41500
0.69437	0.00000	4768.41500
0.69821	0.00000	4768.41500
0.70203	0.00000	4768.41500
0.70586	0.00000	4739.88900
0.70970	0.00000	4739.88900
0.71353	0.00000	4739.88900
0.71736	0.00000	4739.88900
0.72120	0.00000	4739.88900
0.72502	0.00000	4739.88900
0.72885	0.00000	4698.40100
0.73268	0.00000	4698.40100
0.73651	0.00000	4698.40100
0.74035	0.00000	4698.40100
0.74417	0.00000	4698.40100
0.74801	0.00000	4698.40100
0.75185	0.00000	4734.37500
0.75568	0.00000	4734.37500
0.75951	0.00000	4734.37500
0.76334	0.00000	4734.37500
0.76717	0.00000	4734.37500
0.77101	0.00000	4734.37500
0.77483	0.00000	4715.07300
0.77866	0.00000	4715.07300
0.78250	0.00000	4715.07300
0.78633	0.00000	4715.07300
0.79016	0.00000	4715.07300
0.79400	0.00000	4717.83100
0.79784	0.00000	4717.83100
0.80167	0.00000	4717.83100
0.80551	0.00000	4717.83100
0.80934	0.00000	4717.83100
0.81317	0.00000	4717.83100
0.81701	0.00000	4748.16100
0.82087	0.00000	4748.16100
0.82472	0.00000	4748.16100
0.82856	0.00000	4748.16100
0.83241	0.00000	4748.16100
0.83624	0.00000	4748.16100
0.84008	0.00000	4782.36600
0.84391	0.00000	4782.36600
0.84775	0.00000	4782.36600
0.85158	0.00000	4782.36600
0.85542	0.00000	4782.36600
0.85925	0.00000	4782.36600
0.86310	0.00000	4745.40400
0.86693	0.00000	4745.40400
0.87077	0.00000	4745.40400
0.87460	0.00000	4745.40400
0.87844	0.00000	4745.40400
0.88227	0.00000	4762.83500
0.88613	0.00000	4762.83500
0.88996	0.00000	4762.83500
0.89380	0.00000	4762.83500
0.89763	0.00000	4762.83500
0.90146	0.00000	4762.83500
0.90530	0.00000	4720.58800
0.90913	0.00000	4720.58800
0.91298	0.00000	4720.58800
0.91681	0.00000	4720.58800
0.92064	0.00000	4720.58800
0.92447	0.00000	4720.58800
0.92830	0.00000	4734.37500
0.93214	0.00000	4734.37500
0.93597	0.00000	4734.37500
0.93981	0.00000	4734.37500
0.94363	0.00000	4734.37500
0.94746	0.00000	4734.37500
0.95129	0.00000	4726.10300
0.95512	0.00000	4726.10300
0.95897	0.00000	4726.10300
0.96281	0.00000	4726.10300
0.96666	0.00000	4726.10300
0.97049	0.00000	4771.20500
0.97431	0.00000	4771.20500
0.97814	0.00000	4771.20500
0.98197	0.00000	4771.20500
0.98579	0.00000	4771.20500
0.98962	0.00000	4771.20500
0.99346	0.00000	4709.55900
0.99730	0.00000	4709.55900
1.00114	0.00000	4709.55900
1.00497	0.00000	4709.55900
1.00880	0.00000	4709.55900
1.01264	0.00000	4709.55900
1.01648	0.00000	4684.77500
1.02031	0.00000	4684.77500
1.02415	0.00000	4684.77500
1.02798	0.00000	4684.77500
1.03182	0.00000	4684.77500
1.03564	0.00000	4684.77500
1.03947	0.00000	4728.86000
1.04330	0.00000	4728.86000
1.04714	0.00000	4728.86000
1.05098	0.00000	4728.86000
1.05481	0.00000	4728.86000
1.05864	0.00000	4728.86000
1.06248	0.00000	4728.86000
1.06631	0.00000	4728.86000
1.07015	0.00000	4728.86000
1.07397	0.00000	4728.86000
1.07781	0.00000	4728.86000
1.08163	0.00000	4701.28600
1.08549	0.00000	4701.28600
1.08932	0.00000	4701.28600
1.09315	0.00000	4701.28600
1.09698	0.00000	4701.28600
1.10080	0.00000	4701.28600
1.10464	0.00000	4782.36600
1.10846	0.00000	4782.36600
1.11228	0.00000	4782.36600
1.11612	0.00000	4782.36600
1.11995	0.00000	4782.36600
1.12379	0.00000	4782.36600
1.12762	0.00000	4734.37500
1.13145	0.00000	4734.37500
1.13528	0.00000	4734.37500
1.13911	0.00000	4734.37500
1.14294	0.00000	4734.37500
1.14678	0.00000	4734.37500
1.15062	0.00000	4739.88900
1.15445	0.00000	4739.88900
1.15828	0.00000	4739.88900
1.16211	0.00000	4739.88900
1.16595	0.00000	4739.88900
1.16978	0.00000	4739.88900
1.17360	0.00000	4776.78500
1.17744	0.00000	4776.78500
1.18127	0.00000	4776.78500
1.18510	0.00000	4776.78500
1.18893	0.00000	4776.78500
1.19275	0.00000	4717.83100
1.19659	0.00000	4717.83100
1.20042	0.00000	4717.83100
1.20425	0.00000	4717.83100
1.20808	0.00000	4717.83100
1.21192	0.00000	4717.83100
1.21575	0.00000	4748.16100
1.21958	0.00000	4748.16100
1.22341	0.00000	4748.16100
1.22725	0.00000	4748.16100
1.23108	0.00000	4748.16100
1.23492	0.00000	4748.16100
1.23876	0.00000	4748.16100
1.24260	0.00000	4748.16100
1.24644	0.00000	4748.16100
1.25027	0.00000	4748.16100
1.25409	0.00000	4748.16100
1.25792	0.00000	4748.16100
1.26176	0.00000	4731.61700
1.26559	0.00000	4731.61700
1.26942	0.00000	4731.61700
1.27326	0.00000	4731.61700
1.27710	0.00000	4731.61700
1.28093	0.00000	4757.25400
1.28475	0.00000	4757.25400
1.28859	0.00000	4757.25400
1.29242	0.00000	4757.25400
1.29624	0.00000	4757.25400
1.30008	0.00000	4757.25400
1.30391	0.00000	4768.41500
1.30775	0.00000	4768.41500
1.31159	0.00000	4768.41500
1.31542	0.00000	4768.41500
1.31925	0.00000	4768.41500
1.32307	0.00000	4768.41500
1.32690	0.00000	4737.13200
1.33073	0.00000	4737.13200
1.33455	0.00000	4737.13200
1.33839	0.00000	4737.13200
1.34221	0.00000	4737.13200
1.34604	0.00000	4737.13200
1.34987	0.00000	4731.61700
1.35371	0.00000	4731.61700
1.35754	0.00000	4731.61700
1.36136	0.00000	4731.61700
1.36519	0.00000	4731.61700
1.36903	0.00000	4731.61700
1.37286	0.00000	4726.10300
1.37668	0.00000	4726.10300
1.38053	0.00000	4726.10300
1.38435	0.00000	4726.10300
1.38818	0.00000	4726.10300
1.39200	0.00000	4757.25400
1.39585	0.00000	4757.25400
1.39968	0.00000	4757.25400
1.40353	0.00000	4757.25400
1.40736	0.00000	4757.25400
1.41119	0.00000	4757.25400
1.41503	0.00000	4734.37500
1.41888	0.00000	4734.37500
1.42271	0.00000	4734.37500
1.42655	0.00000	4734.37500
1.43038	0.00000	4734.37500
1.43421	0.00000	4734.37500
1.43805	0.00000	4728.86000
1.44187	0.00000	4728.86000
1.44571	0.00000	4728.86000
1.44954	0.00000	4728.86000
1.45338	0.00000	4728.86000
1.45721	0.00000	4728.86000
1.46104	0.00000	4717.83100
1.46486	0.00000	4717.83100
1.46869	0.00000	4717.83100
1.47252	0.00000	4717.83100
1.47635	0.00000	4717.83100
1.48017	0.00000	4754.46400
1.48399	0.00000	4754.46400
1.48783	0.00000	4754.46400
1.49166	0.00000	4754.46400
1.49550	0.00000	4754.46400
1.49932	0.00000	4754.46400
1.50316	0.00000	4726.10300
1.50700	0.00000	4726.10300
1.51085	0.00000	4726.10300
1.51467	0.00000	4726.10300
1.51850	0.00000	4726.10300
1.52233	0.00000	4726.10300
1.52616	0.00000	4717.83100
1.53000	0.00000	4717.83100
1.53384	0.00000	4717.83100
1.53769	0.00000	4717.83100
1.54153	0.00000	4717.83100
1.54536	0.00000	4717.83100
1.54920	0.00000	4739.88900
1.55303	0.00000	4739.88900
1.55687	0.00000	4739.88900
1.56071	0.00000	4739.88900
1.56456	0.00000	4739.88900
1.56840	0.00000	4739.88900
1.57221	0.00000	4765.62500
1.57604	0.00000	4765.62500
1.57988	0.00000	4765.62500
1.58371	0.00000	4765.62500
1.58756	0.00000	4765.62500
1.59138	0.00000	4709.55900
1.59522	0.00000	4709.55900
1.59905	0.00000	4709.55900
1.60288	0.00000	4709.55900
1.60672	0.00000	4709.55900
1.61057	0.00000	4709.55900
1.61440	0.00000	4737.13200
1.61823	0.00000	4737.13200
1.62205	0.00000	4737.13200
1.62588	0.00000	4737.13200
1.62971	0.00000	4737.13200
1.63356	0.00000	4737.13200
1.63739	0.00000	4726.10300
1.64121	0.00000	4726.10300
1.64504	0.00000	4726.10300
1.64890	0.00000	4726.10300
1.65272	0.00000	4726.10300
1.65657	0.00000	4726.10300
1.66040	0.00000	4734.37500
1.66423	0.00000	4734.37500
1.66806	0.00000	4734.37500
1.67189	0.00000	4734.37500
1.67573	0.00000	4734.37500
1.67955	0.00000	4704.04400
1.68340	0.00000	4704.04400
1.68723	0.00000	4704.04400
1.69105	0.00000	4704.04400
1.69488	0.00000	4704.04400
1.69871	0.00000	4704.04400
1.70256	0.00000	4726.10300
1.70639	0.00000	4726.10300
1.71022	0.00000	4726.10300
1.71405	0.00000	4726.10300
1.71789	0.00000	4726.10300
1.72172	0.00000	4726.10300
1.72555	0.00000	4734.37500
1.72938	0.00000	4734.37500
1.73321	0.00000	4734.37500
1.73704	0.00000	4734.37500
1.74086	0.00000	4734.37500
1.74469	0.00000	4734.37500
1.74853	0.00000	4773.99500
1.75236	0.00000	4773.99500
1.75619	0.00000	4773.99500
1.76003	0.00000	4773.99500
1.76386	0.00000	4773.99500
1.76769	0.00000	4773.99500
1.77152	0.00000	4709.55900
1.77536	0.00000	4709.55900
1.77920	0.00000	4709.55900
1.78305	0.00000	4709.55900
1.78689	0.00000	4709.55900
1.79072	0.00000	4776.78500
1.79455	0.00000	4776.78500
1.79839	0.00000	4776.78500
1.80222	0.00000	4776.78500
1.80604	0.00000	4776.78500
1.80988	0.00000	4776.78500
1.81371	0.00000	4742.64700
1.81754	0.00000	4742.64700
1.82137	0.00000	4742.64700
1.82521	0.00000	4742.64700
1.82906	0.00000	4742.64700
1.83291	0.00000	4742.64700
1.83674	0.00000	4737.13200
1.84059	0.00000	4737.13200
1.84443	0.00000	4737.13200
1.84827	0.00000	4737.13200
1.85210	0.00000	4737.13200
1.85592	0.00000	4737.13200
1.85977	0.00000	4737.13200
1.86360	0.00000	4737.13200
1.86743	0.00000	4737.13200
1.87126	0.00000	4737.13200
1.87509	0.00000	4737.13200
1.87892	0.00000	4762.83500
1.88275	0.00000	4762.83500
1.88659	0.00000	4762.83500
1.89042	0.00000	4762.83500
1.89425	0.00000	4762.83500
1.89809	0.00000	4762.83500
1.90192	0.00000	4734.37500
1.90575	0.00000	4734.37500
1.90958	0.00000	4734.37500
1.91342	0.00000	4734.37500
1.91725	0.00000	4734.37500
1.92109	0.00000	4734.37500
1.92492	0.00000	4742.64700
1.92875	0.00000	4742.64700
1.93259	0.00000	4742.64700
1.93643	0.00000	4742.64700
1.94026	0.00000	4742.64700
1.94409	0.00000	4742.64700
1.94793	0.00000	4742.64700
1.95176	0.00000	4742.64700
1.95559	0.00000	4742.64700
1.95942	0.00000	4742.64700
1.96325	0.00000	4742.64700
1.96708	0.00000	4742.64700
1.97091	0.00000	4723.34500
1.97475	0.00000	4723.34500
1.97857	0.00000	4723.34500
1.98241	0.00000	4723.34500
1.98624	0.00000	4723.34500
1.99007	0.00000	4760.04500
1.99392	0.00000	4760.04500
1.99775	0.00000	4760.04500
2.00160	0.00000	4760.04500
2.00543	0.00000	4760.04500
2.00927	0.00000	4760.04500
2.01310	0.00000	4742.64700
2.01695	0.00000	4742.64700
2.02075	0.00000	4742.64700
2.02458	0.00000	4742.64700
2.02842	0.00000	4742.64700
2.03224	0.00000	4742.64700
2.03607	0.00000	4742.64700
2.03990	0.00000	4742.64700
2.04374	0.00000	4742.64700
2.04756	0.00000	4742.64700
2.05139	0.00000	4742.64700
2.05521	0.00000	4742.64700
2.05904	0.00000	4737.13200
2.06287	0.00000	4737.13200
2.06670	0.00000	4737.13200
2.07054	0.00000	4737.13200
2.07437	0.00000	4737.13200
2.07819	0.00000	4706.80200
2.08203	0.00000	4706.80200
2.08587	0.00000	4706.80200
2.08969	0.00000	4706.80200
2.09354	0.00000	4706.80200
2.09737	0.00000	4706.80200
2.10121	0.00000	4773.99500
2.10505	0.00000	4773.99500
2.10888	0.00000	4773.99500
2.11271	0.00000	4773.99500
2.11655	0.00000	4773.99500
2.12039	0.00000	4773.99500
2.12422	0.00000	4742.64700
2.12806	0.00000	4742.64700
2.13189	0.00000	4742.64700
2.13574	0.00000	4742.64700
2.13957	0.00000	4742.64700
2.14341	0.00000	4742.64700
2.14724	0.00000	4737.13200
2.15109	0.00000	4737.13200
2.15492	0.00000	4737.13200
2.15876	0.00000	4737.13200
2.16259	0.00000	4737.13200
2.16643	0.00000	4737.13200
2.17025	0.00000	4737.13200
2.17408	0.00000	4737.13200
2.17792	0.00000	4737.13200
2.18175	0.00000	4737.13200
2.18559	0.00000	4737.13200
2.18943	0.00000	4760.04500
2.19328	0.00000	4760.04500
2.19711	0.00000	4760.04500
2.20095	0.00000	4760.04500
2.20475	0.00000	4760.04500
2.20858	0.00000	4760.04500
2.21242	0.00000	4745.40400
2.21626	0.00000	4745.40400
2.22009	0.00000	4745.40400
2.22392	0.00000	4745.40400
2.22775	0.00000	4745.40400
2.23159	0.00000	4745.40400
2.23542	0.00000	4753.67600
2.23925	0.00000	4753.67600
2.24308	0.00000	4753.67600
2.24696	0.00000	4753.67600
2.25079	0.00000	4753.67600
2.25463	0.00000	4753.67600
2.25847	0.00000	4742.64700
2.26230	0.00000	4742.64700
2.26612	0.00000	4742.64700
2.26996	0.00000	4742.64700
2.27380	0.00000	4742.64700
2.27764	0.00000	4698.52900
2.28146	0.00000	4698.52900
2.28529	0.00000	4698.52900
2.28913	0.00000	4698.52900
2.29296	0.00000	4698.52900
2.29675	0.00000	4698.52900
2.30057	0.00000	4762.83500
2.30440	0.00000	4762.83500
2.30824	0.00000	4762.83500
2.31208	0.00000	4762.83500
2.31591	0.00000	4762.83500
2.31974	0.00000	4762.83500
2.32358	0.00000	4731.61700
2.32741	0.00000	4731.61700
2.33124	0.00000	4731.61700
2.33507	0.00000	4731.61700
2.33890	0.00000	4731.61700
2.34273	0.00000	4731.61700
2.34656	0.00000	4723.34500
2.35040	0.00000	4723.34500
2.35424	0.00000	4723.34500
2.35807	0.00000	4723.34500
2.36190	0.00000	4723.34500
2.36573	0.00000	4723.34500
2.36955	0.00000	4726.10300
2.37339	0.00000	4726.10300
2.37722	0.00000	4726.10300
2.38105	0.00000	4726.10300
2.38488	0.00000	4726.10300
2.38872	0.00000	4757.25400
2.39257	0.00000	4757.25400
2.39641	0.00000	4757.25400
2.40023	0.00000	4757.25400
2.40407	0.00000	4757.25400
2.40791	0.00000	4757.25400
2.41174	0.00000	4731.61700
2.41556	0.00000	4731.61700
2.41942	0.00000	4731.61700
2.42324	0.00000	4731.61700
2.42707	0.00000	4731.61700
2.43091	0.00000	4731.61700
2.43474	0.00000	4731.61700
2.43857	0.00000	4731.61700
2.44240	0.00000	4731.61700
2.44622	0.00000	4731.61700
2.45005	0.00000	4731.61700
2.45388	0.00000	4731.61700
2.45771	0.00000	4731.61700
2.46154	0.00000	4731.61700
2.46538	0.00000	4731.61700
2.46922	0.00000	4731.61700
2.47305	0.00000	4731.61700
2.47688	0.00000	4751.67400
2.48070	0.00000	4751.67400
2.48455	0.00000	4751.67400
2.48837	0.00000	4751.67400
2.49220	0.00000	4751.67400
2.49604	0.00000	4751.67400
2.49986	0.00000	4754.46400
2.50370	0.00000	4754.46400
2.50753	0.00000	4754.46400
2.51137	0.00000	4754.46400
2.51520	0.00000	4754.46400
2.51902	0.00000	4754.46400
2.52285	0.00000	4726.10300
2.52667	0.00000	4726.10300
2.53052	0.00000	4726.10300
2.53435	0.00000	4726.10300
2.53819	0.00000	4726.10300
2.54202	0.00000	4726.10300
2.54585	0.00000	4776.78500
2.54968	0.00000	4776.78500
2.55352	0.00000	4776.78500
2.55735	0.00000	4776.78500
2.56118	0.00000	4776.78500
2.56501	0.00000	4776.78500
2.56882	0.00000	4715.07300
2.57266	0.00000	4715.07300
2.57648	0.00000	4715.07300
2.58032	0.00000	4715.07300
2.58415	0.00000	4715.07300
2.58799	0.00000	4760.04500
2.59182	0.00000	4760.04500
2.59565	0.00000	4760.04500
2.59948	0.00000	4760.04500
2.60331	0.00000	4760.04500
2.60715	0.00000	4760.04500
2.61099	0.00000	4728.86000
2.61482	0.00000	4728.86000
2.61866	0.00000	4728.86000
2.62249	0.00000	4728.86000
2.62632	0.00000	4728.86000
2.63015	0.00000	4728.86000
2.63399	0.00000	4720.58800
2.63781	0.00000	4720.58800
2.64164	0.00000	4720.58800
2.64548	0.00000	4720.58800
2.64931	0.00000	4720.58800
2.65314	0.00000	4720.58800
2.65698	0.00000	4726.10300
2.66081	0.00000	4726.10300
2.66464	0.00000	4726.10300
2.66847	0.00000	4726.10300
2.67230	0.00000	4726.10300
2.67612	0.00000	4690.25700
2.67994	0.00000	4690.25700
2.68377	0.00000	4690.25700
2.68760	0.00000	4690.25700
2.69143	0.00000	4690.25700
2.69527	0.00000	4690.25700
2.69910	0.00000	4754.46400
2.70293	0.00000	4754.46400
2.70676	0.00000	4754.46400
2.71060	0.00000	4754.46400
2.71443	0.00000	4754.46400
2.71826	0.00000	4754.46400
2.72209	0.00000	4723.34500
2.72592	0.00000	4723.34500
2.72975	0.00000	4723.34500
2.73358	0.00000	4723.34500
2.73742	0.00000	4723.34500
2.74126	0.00000	4723.34500
2.74509	0.00000	4715.07300
2.74891	0.00000	4715.07300
2.75274	0.00000	4715.07300
2.75658	0.00000	4715.07300
2.76042	0.00000	4715.07300
2.76426	0.00000	4715.07300
2.76808	0.00000	4751.67400
2.77191	0.00000	4751.67400
2.77575	0.00000	4751.67400
2.77959	0.00000	4751.67400
2.78342	0.00000	4751.67400
2.78725	0.00000	4709.55900
2.79108	0.00000	4709.55900
2.79493	0.00000	4709.55900
2.79877	0.00000	4709.55900
2.80261	0.00000	4709.55900
2.80644	0.00000	4709.55900
2.81027	0.00000	4723.34500
2.81410	0.00000	4723.34500
2.81794	0.00000	4723.34500
2.82177	0.00000	4723.34500
2.82559	0.00000	4723.34500
2.82942	0.00000	4723.34500
2.83325	0.00000	4723.34500
2.83709	0.00000	4723.34500
2.84093	0.00000	4723.34500
2.84475	0.00000	4723.34500
2.84858	0.00000	4723.34500
2.85241	0.00000	4723.34500
2.85624	0.00000	4723.34500
2.86008	0.00000	4723.34500
2.86391	0.00000	4723.34500
2.86774	0.00000	4723.34500
2.87158	0.00000	4723.34500
2.87541	0.00000	4746.09400
2.87925	0.00000	4746.09400
2.88308	0.00000	4746.09400
2.88692	0.00000	4746.09400
2.89075	0.00000	4746.09400
2.89458	0.00000	4746.09400
2.89841	0.00000	4712.31600
2.90223	0.00000	4712.31600
2.90607	0.00000	4712.31600
2.90990	0.00000	4712.31600
2.91374	0.00000	4712.31600
2.91757	0.00000	4712.31600
2.92141	0.00000	4715.07300
2.92524	0.00000	4715.07300
2.92908	0.00000	4715.07300
2.93292	0.00000	4715.07300
2.93675	0.00000	4715.07300
2.94058	0.00000	4715.07300
2.94441	0.00000	4717.83100
2.94824	0.00000	4717.83100
2.95207	0.00000	4717.83100
2.95591	0.00000	4717.83100
2.95974	0.00000	4717.83100
2.96357	0.00000	4681.98500
2.96740	0.00000	4681.98500
2.97122	0.00000	4681.98500
2.97507	0.00000	4681.98500
2.97890	0.00000	4681.98500
2.98274	0.00000	4681.98500
2.98658	0.00000	4760.04500
2.99041	0.00000	4760.04500
2.99424	0.00000	4760.04500
2.99808	0.00000	4760.04500
3.00192	0.00000	4760.04500
3.00575	0.00000	4760.04500
3.00958	0.00000	4717.83100
3.01340	0.00000	4717.83100
3.01723	0.00000	4717.83100
3.02106	0.00000	4717.83100
3.02489	0.00000	4717.83100
3.02872	0.00000	4717.83100
3.03255	0.00000	4709.55900
3.03639	0.00000	4709.55900
3.04022	0.00000	4709.55900
3.04405	0.00000	4709.55900
3.04788	0.00000	4709.55900
3.05171	0.00000	4709.55900
3.05553	0.00000	4746.09400
3.05936	0.00000	4746.09400
3.06320	0.00000	4746.09400
3.06704	0.00000	4746.09400
3.07086	0.00000	4746.09400
3.07470	0.00000	4732.14200
3.07855	0.00000	4732.14200
3.08238	0.00000	4732.14200
3.08622	0.00000	4732.14200
3.09006	0.00000	4732.14200
3.09390	0.00000	4732.14200
3.09773	0.00000	4709.55900
3.10157	0.00000	4709.55900
3.10540	0.00000	4709.55900
3.10922	0.00000	4709.55900
3.11306	0.00000	4709.55900
3.11689	0.00000	4709.55900
3.12072	0.00000	4704.04400
3.12456	0.00000	4704.04400
3.12839	0.00000	4704.04400
3.13221	0.00000	4704.04400
3.13604	0.00000	4704.04400
3.13989	0.00000	4704.04400
3.14371	0.00000	4751.67400
3.14754	0.00000	4751.67400
3.15137	0.00000	4751.67400
3.15520	0.00000	4751.67400
3.15904	0.00000	4751.67400
3.16288	0.00000	4734.93300
3.16672	0.00000	4734.93300
3.17055	0.00000	4734.93300
3.17438	0.00000	4734.93300
3.17823	0.00000	4734.93300
3.18206	0.00000	4734.93300
3.18588	0.00000	4754.46400
3.18972	0.00000	4754.46400
3.19355	0.00000	4754.46400
3.19739	0.00000	4754.46400
3.20122	0.00000	4754.46400
3.20506	0.00000	4754.46400
3.20889	0.00000	4698.52900
3.21273	0.00000	4698.52900
3.21656	0.00000	4698.52900
3.22040	0.00000	4698.52900
3.22423	0.00000	4698.52900
3.22807	0.00000	4698.52900
3.23189	0.00000	4701.28600
3.23573	0.00000	4701.28600
3.23957	0.00000	4701.28600
3.24340	0.00000	4701.28600
3.24723	0.00000	4701.28600
3.25106	0.00000	4740.51300
3.25488	0.00000	4740.51300
3.25871	0.00000	4740.51300
3.26253	0.00000	4740.51300
3.26636	0.00000	4740.51300
3.27019	0.00000	4740.51300
3.27402	0.00000	4715.07300
3.27786	0.00000	4715.07300
3.28169	0.00000	4715.07300
3.28552	0.00000	4715.07300
3.28936	0.00000	4715.07300
3.29320	0.00000	4715.07300
3.29703	0.00000	4704.04400
3.30087	0.00000	4704.04400
3.30470	0.00000	4704.04400
3.30853	0.00000	4704.04400
3.31237	0.00000	4704.04400
3.31621	0.00000	4704.04400
3.32003	0.00000	4768.41500
3.32387	0.00000	4768.41500
3.32770	0.00000	4768.41500
3.33154	0.00000	4768.41500
3.33536	0.00000	4768.41500
3.33919	0.00000	4726.56200
3.34302	0.00000	4726.56200
3.34685	0.00000	4726.56200
3.35069	0.00000	4726.56200
3.35453	0.00000	4726.56200
3.35836	0.00000	4726.56200
3.36219	0.00000	4695.77200
3.36602	0.00000	4695.77200
3.36986	0.00000	4695.77200
3.37369	0.00000	4695.77200
3.37751	0.00000	4695.77200
3.38135	0.00000	4695.77200
3.38519	0.00000	4712.31600
3.38901	0.00000	4712.31600
3.39284	0.00000	4712.31600
3.39668	0.00000	4712.31600
3.40051	0.00000	4712.31600
3.40435	0.00000	4712.31600
3.40817	0.00000	4765.62500
3.41201	0.00000	4765.62500
3.41585	0.00000	4765.62500
3.41968	0.00000	4765.62500
3.42352	0.00000	4765.62500
3.42734	0.00000	4726.56200
3.43117	0.00000	4726.56200
3.43501	0.00000	4726.56200
3.43884	0.00000	4726.56200
3.44268	0.00000	4726.56200
3.44651	0.00000	4726.56200
3.45034	0.00000	4690.25700
3.45416	0.00000	4690.25700
3.45799	0.00000	4690.25700
3.46183	0.00000	4690.25700
3.46566	0.00000	4690.25700
3.46949	0.00000	4690.25700
3.47332	0.00000	4706.80200
3.47716	0.00000	4706.80200
3.48100	0.00000	4706.80200
3.48484	0.00000	4706.80200
3.48867	0.00000	4706.80200
3.49250	0.00000	4706.80200
3.49633	0.00000	4768.41500
3.50016	0.00000	4768.41500
3.50399	0.00000	4768.41500
3.50782	0.00000	4768.41500
3.51165	0.00000	4768.41500
3.51548	0.00000	4720.98200
3.51930	0.00000	4720.98200
3.52314	0.00000	4720.98200
3.52698	0.00000	4720.98200
3.53080	0.00000	4720.98200
3.53464	0.00000	4720.98200
3.53846	0.00000	4732.14200
3.54231	0.00000	4732.14200
3.54613	0.00000	4732.14200
3.54996	0.00000	4732.14200
3.55379	0.00000	4732.14200
3.55763	0.00000	4732.14200
3.56146	0.00000	4701.28600
3.56528	0.00000	4701.28600
3.56912	0.00000	4701.28600
3.57296	0.00000	4701.28600
3.57675	0.00000	4701.28600
3.58058	0.00000	4701.28600
3.58441	0.00000	4695.77200
3.58825	0.00000	4695.77200
3.59209	0.00000	4695.77200
3.59591	0.00000	4695.77200
3.59976	0.00000	4695.77200
3.60358	0.00000	4695.77200
3.60741	0.00000	4743.30300
3.61125	0.00000	4743.30300
3.61508	0.00000	4743.30300
3.61891	0.00000	4743.30300
3.62275	0.00000	4743.30300
3.62658	0.00000	4729.35200
3.63041	0.00000	4729.35200
3.63424	0.00000	4729.35200
3.63807	0.00000	4729.35200
3.64191	0.00000	4729.35200
3.64574	0.00000	4729.35200
3.64957	0.00000	4765.62500
3.65341	0.00000	4765.62500
3.65724	0.00000	4765.62500
3.66107	0.00000	4765.62500
3.66490	0.00000	4765.62500
3.66873	0.00000	4765.62500
3.67256	0.00000	4701.28600
3.67640	0.00000	4701.28600
3.68023	0.00000	4701.28600
3.68406	0.00000	4701.28600
3.68789	0.00000	4701.28600
3.69172	0.00000	4701.28600
3.69554	0.00000	4681.98500
3.69938	0.00000	4681.98500
3.70321	0.00000	4681.98500
3.70704	0.00000	4681.98500
3.71088	0.00000	4681.98500
3.71471	0.00000	4734.93300
3.71854	0.00000	4734.93300
3.72236	0.00000	4734.93300
3.72619	0.00000	4734.93300
3.73003	0.00000	4734.93300
3.73386	0.00000	4734.93300
3.73769	0.00000	4751.67400
3.74152	0.00000	4751.67400
3.74535	0.00000	4751.67400
3.74919	0.00000	4751.67400
3.75302	0.00000	4751.67400
3.75685	0.00000	4751.67400
3.76068	0.00000	4701.28600
3.76451	0.00000	4701.28600
3.76833	0.00000	4701.28600
3.77217	0.00000	4701.28600
3.77600	0.00000	4701.28600
3.77983	0.00000	4701.28600
3.78366	0.00000	4698.52900
3.78749	0.00000	4698.52900
3.79133	0.00000	4698.52900
3.79516	0.00000	4698.52900
3.79900	0.00000	4698.52900
3.80283	0.00000	4737.72300
3.80667	0.00000	4737.72300
3.81050	0.00000	4737.72300
3.81434	0.00000	4737.72300
3.81818	0.00000	4737.72300
3.82200	0.00000	4737.72300
3.82584	0.00000	4757.25400
3.82967	0.00000	4757.25400
3.83350	0.00000	4757.25400
3.83734	0.00000	4757.25400
3.84116	0.00000	4757.25400
3.84500	0.00000	4757.25400
3.84884	0.00000	4701.28600
3.85267	0.00000	4701.28600
3.85650	0.00000	4701.28600
3.86033	0.00000	4701.28600
3.86417	0.00000	4701.28600
3.86800	0.00000	4701.28600
3.87184	0.00000	4706.80200
3.87566	0.00000	4706.80200
3.87949	0.00000	4706.80200
3.88332	0.00000	4706.80200
3.88715	0.00000	4706.80200
3.89098	0.00000	4734.93300
3.89481	0.00000	4734.93300
3.89863	0.00000	4734.93300
3.90246	0.00000	4734.93300
3.90629	0.00000	4734.93300
3.91013	0.00000	4734.93300
3.91395	0.00000	4748.88400
3.91778	0.00000	4748.88400
3.92161	0.00000	4748.88400
3.92544	0.00000	4748.88400
3.92928	0.00000	4748.88400
3.93311	0.00000	4748.88400
3.93694	0.00000	4751.67400
3.94075	0.00000	4751.67400
3.94458	0.00000	4751.67400
3.94841	0.00000	4751.67400
3.95224	0.00000	4751.67400
3.95607	0.00000	4751.67400
3.95991	0.00000	4690.25700
3.96375	0.00000	4690.25700
3.96760	0.00000	4690.25700
3.97143	0.00000	4690.25700
3.97525	0.00000	4690.25700
3.97909	0.00000	4684.74200
3.98291	0.00000	4684.74200
3.98674	0.00000	4684.74200
3.99057	0.00000	4684.74200
3.99440	0.00000	4684.74200
3.99823	0.00000	4684.74200
4.00206	0.00000	4673.71300
4.00589	0.00000	4673.71300
4.00972	0.00000	4673.71300
4.01354	0.00000	4673.71300
4.01736	0.00000	4673.71300
4.02119	0.00000	4673.71300
4.02502	0.00000	4701.28600
4.02884	0.00000	4701.28600
4.03267	0.00000	4701.28600
4.03650	0.00000	4701.28600
4.04033	0.00000	4701.28600
4.04417	0.00000	4701.28600
4.04800	0.00000	4748.88400
4.05182	0.00000	4748.88400
4.05567	0.00000	4748.88400
4.05949	0.00000	4748.88400
4.06332	0.00000	4748.88400
4.06714	0.00000	4748.88400
4.07096	0.00000	4740.51300
4.07479	0.00000	4740.51300
4.07862	0.00000	4740.51300
4.08245	0.00000	4740.51300
4.08629	0.00000	4740.51300
4.09012	0.00000	4737.72300
4.09397	0.00000	4737.72300
4.09780	0.00000	4737.72300
4.10165	0.00000	4737.72300
4.10547	0.00000	4737.72300
4.10930	0.00000	4737.72300
4.11314	0.00000	4706.80200
4.11697	0.00000	4706.80200
4.12080	0.00000	4706.80200
4.12464	0.00000	4706.80200
4.12847	0.00000	4706.80200
4.13231	0.00000	4706.80200
4.13614	0.00000	4782.36600
4.13997	0.00000	4782.36600
4.14381	0.00000	4782.36600
4.14763	0.00000	4782.36600
4.15148	0.00000	4782.36600
4.15531	0.00000	4782.36600
4.15913	0.00000	4706.80200
4.16297	0.00000	4706.80200
4.16680	0.00000	4706.80200
4.17062	0.00000	4706.80200
4.17446	0.00000	4706.80200
4.17828	0.00000	4746.09400
4.18212	0.00000	4746.09400
4.18594	0.00000	4746.09400
4.18977	0.00000	4746.09400
4.19361	0.00000	4746.09400
4.19745	0.00000	4746.09400
4.20128	0.00000	4771.20500
4.20512	0.00000	4771.20500
4.20895	0.00000	4771.20500
4.21275	0.00000	4771.20500
4.21657	0.00000	4771.20500
4.22041	0.00000	4771.20500
4.22425	0.00000	4717.83100
4.22808	0.00000	4717.83100
4.23191	0.00000	4717.83100
4.23574	0.00000	4717.83100
4.23957	0.00000	4717.83100
4.24340	0.00000	4717.83100
4.24723	0.00000	4765.62500
4.25106	0.00000	4765.62500
4.25490	0.00000	4765.62500
4.25873	0.00000	4765.62500
4.26256	0.00000	4765.62500
4.26639	0.00000	4740.51300
4.27022	0.00000	4740.51300
4.27405	0.00000	4740.51300
4.27788	0.00000	4740.51300
4.28171	0.00000	4740.51300
4.28554	0.00000	4740.51300
4.28937	0.00000	4695.77200
4.29321	0.00000	4695.77200
4.29705	0.00000	4695.77200
4.30088	0.00000	4695.77200
4.30472	0.00000	4695.77200
4.30855	0.00000	4695.77200
4.31238	0.00000	4712.31600
4.31622	0.00000	4712.31600
4.32005	0.00000	4712.31600
4.32388	0.00000	4712.31600
4.32771	0.00000	4712.31600
4.33155	0.00000	4712.31600
4.33538	0.00000	4768.41500
4.33924	0.00000	4768.41500
4.34307	0.00000	4768.41500
4.34689	0.00000	4768.41500
4.35072	0.00000	4768.41500
4.35455	0.00000	4743.30300
4.35836	0.00000	4743.30300
4.36220	0.00000	4743.30300
4.36603	0.00000	4743.30300
4.36986	0.00000	4743.30300
4.37370	0.00000	4743.30300
4.37753	0.00000	4690.25700
4.38136	0.00000	4690.25700
4.38519	0.00000	4690.25700
4.38902	0.00000	4690.25700
4.39286	0.00000	4690.25700
4.39668	0.00000	4690.25700
4.40051	0.00000	4704.04400
4.40435	0.00000	4704.04400
4.40819	0.00000	4704.04400
4.41202	0.00000	4704.04400
4.41584	0.00000	4704.04400
4.41967	0.00000	4704.04400
4.42351	0.00000	4765.62500
4.42735	0.00000	4765.62500
4.43118	0.00000	4765.62500
4.43501	0.00000	4765.62500
4.43883	0.00000	4765.62500
4.44266	0.00000	4765.62500
4.44649	0.00000	4698.52900
4.45032	0.00000	4698.52900
4.45415	0.00000	4698.52900
4.45798	0.00000	4698.52900
4.46182	0.00000	4698.52900
4.46564	0.00000	4681.98500
4.46948	0.00000	4681.98500
4.47331	0.00000	4681.98500
4.47714	0.00000	4681.98500
4.48096	0.00000	4681.98500
4.48475	0.00000	4681.98500
4.48860	0.00000	4704.04400
4.49244	0.00000	4704.04400
4.49627	0.00000	4704.04400
4.50011	0.00000	4704.04400
4.50394	0.00000	4704.04400
4.50777	0.00000	4704.04400
4.51161	0.00000	4760.04500
4.51543	0.00000	4760.04500
4.51927	0.00000	4760.04500
4.52309	0.00000	4760.04500
4.52693	0.00000	4760.04500
4.53076	0.00000	4760.04500
4.53458	0.00000	4698.52900
4.53842	0.00000	4698.52900
4.54224	0.00000	4698.52900
4.54607	0.00000	4698.52900
4.54991	0.00000	4698.52900
4.55373	0.00000	4684.74200
4.55758	0.00000	4684.74200
4.56141	0.00000	4684.74200
4.56524	0.00000	4684.74200
4.56907	0.00000	4684.74200
4.57290	0.00000	4684.74200
4.57672	0.00000	4706.80200
4.58056	0.00000	4706.80200
4.58439	0.00000	4706.80200
4.58822	0.00000	4706.80200
4.59205	0.00000	4706.80200
4.59588	0.00000	4706.80200
4.59970	0.00000	4712.31600
4.60353	0.00000	4712.31600
4.60736	0.00000	4712.31600
4.61119	0.00000	4712.31600
4.61502	0.00000	4712.31600
4.61885	0.00000	4712.31600
4.62268	0.00000	4706.80200
4.62650	0.00000	4706.80200
4.63034	0.00000	4706.80200
4.63418	0.00000	4706.80200
4.63801	0.00000	4706.80200
4.64185	0.00000	4751.67400
4.64568	0.00000	4751.67400
4.64953	0.00000	4751.67400
4.65337	0.00000	4751.67400
4.65720	0.00000	4751.67400
4.66103	0.00000	4751.67400
4.66486	0.00000	4746.09400
4.66869	0.00000	4746.09400
4.67253	0.00000	4746.09400
4.67637	0.00000	4746.09400
4.68021	0.00000	4746.09400
4.68404	0.00000	4746.09400
4.68788	0.00000	4717.83100
4.69170	0.00000	4717.83100
4.69554	0.00000	4717.83100
4.69937	0.00000	4717.83100
4.70320	0.00000	4717.83100
4.70703	0.00000	4717.83100
4.71087	0.00000	4765.62500
4.71469	0.00000	4765.62500
4.71854	0.00000	4765.62500
4.72237	0.00000	4765.62500
4.72619	0.00000	4765.62500
4.73002	0.00000	4765.62500
4.73384	0.00000	4754.46400
4.73768	0.00000	4754.46400
4.74151	0.00000	4754.46400
4.74535	0.00000	4754.46400
4.74917	0.00000	4754.46400
4.75300	0.00000	4681.98500
4.75684	0.00000	4681.98500
4.76067	0.00000	4681.98500
4.76451	0.00000	4681.98500
4.76833	0.00000	4681.98500
4.77217	0.00000	4681.98500
4.77600	0.00000	4715.07300
4.77983	0.00000	4715.07300
4.78367	0.00000	4715.07300
4.78751	0.00000	4715.07300
4.79133	0.00000	4715.07300
4.79517	0.00000	4715.07300
4.79900	0.00000	4717.83100
4.80283	0.00000	4717.83100
4.80666	0.00000	4717.83100
4.81050	0.00000	4717.83100
4.81434	0.00000	4717.83100
4.81818	0.00000	4717.83100
4.82204	0.00000	4712.31600
4.82588	0.00000	4712.31600
4.82972	0.00000	4712.31600
4.83355	0.00000	4712.31600
4.83738	0.00000	4712.31600
4.84123	0.00000	4748.88400
4.84507	0.00000	4748.88400
4.84890	0.00000	4748.88400
4.85273	0.00000	4748.88400
4.85657	0.00000	4748.88400
4.86040	0.00000	4748.88400
4.86424	0.00000	4717.83100
4.86807	0.00000	4717.83100
4.87190	0.00000	4717.83100
4.87573	0.00000	4717.83100
4.87956	0.00000	4717.83100
4.88339	0.00000	4717.83100
4.88722	0.00000	4717.83100
4.89105	0.00000	4717.83100
4.89489	0.00000	4717.83100
4.89872	0.00000	4717.83100
4.90255	0.00000	4717.83100
4.90639	0.00000	4717.83100
4.91022	0.00000	4720.58800
4.91405	0.00000	4720.58800
4.91788	0.00000	4720.58800
4.92171	0.00000	4720.58800
4.92553	0.00000	4720.58800
4.92936	0.00000	4729.35200
4.93320	0.00000	4729.35200
4.93703	0.00000	4729.35200
4.94086	0.00000	4729.35200
4.94469	0.00000	4729.35200
4.94851	0.00000	4729.35200
4.95234	0.00000	4701.28600
4.95618	0.00000	4701.28600
4.96002	0.00000	4701.28600
4.96385	0.00000	4701.28600
4.96768	0.00000	4701.28600
4.97150	0.00000	4701.28600
4.97533	0.00000	4717.83100
4.97916	0.00000	4717.83100
4.98298	0.00000	4717.83100
4.98681	0.00000	4717.83100
4.99065	0.00000	4717.83100
4.99448	0.00000	4717.83100
4.99831	0.00000	4717.83100
5.00266	0.00000	4717.83100
5.00653	0.00000	4717.83100
5.01039	0.00000	4717.83100
5.01424	0.00000	4717.83100
5.01811	0.00000	4793.78600
5.02196	0.00000	4793.78600
5.02581	0.00000	4793.78600
5.02966	0.00000	4793.78600
5.03357	0.00000	4793.78600
5.03746	0.00000	4793.78600
5.04131	0.00000	4793.78600
5.04515	0.00000	5136.30300
5.04899	0.00000	5136.30300
5.05284	0.00000	5136.30300
5.05667	0.00000	5136.30300
5.06051	0.00000	5136.30300
5.06435	0.00000	5136.30300
5.06819	0.00000	5136.30300
5.07203	0.00000	5458.59400
5.07587	0.00000	5458.59400
5.07970	0.00000	5458.59400
5.08355	0.00000	5458.59400
5.08739	0.00000	5458.59400
5.09122	0.00000	5458.59400
5.09506	0.00000	5458.59400
5.09890	0.00000	5611.73300
5.10275	0.00000	5611.73300
5.10658	0.00000	5611.73300
5.11042	0.00000	5611.73300
5.11427	0.00000	5611.73300
5.11811	0.00000	5611.73300
5.12196	0.00000	5611.73300
5.12582	0.00000	5727.27200
5.12966	0.00000	5727.27200
5.13350	0.00000	5727.27200
5.13734	0.00000	5727.27200
5.14118	0.00000	5727.27200
5.14502	0.00000	5727.27200
5.14886	0.00000	5727.27200
5.15270	0.00000	5727.27200
5.15654	0.00000	5828.26300
5.16038	0.00000	5828.26300
5.16421	0.00000	5828.26300
5.16805	0.00000	5828.26300
5.17190	0.00000	5828.26300
5.17574	0.00000	5828.26300
5.17958	0.00000	5828.26300
5.18342	0.00000	5828.26300
5.18726	0.00000	5843.07100
5.19110	0.00000	5843.07100
5.19494	0.00000	5843.07100
5.19878	0.00000	5843.07100
5.20263	0.00000	5843.07100
5.20646	0.00000	5843.07100
5.21030	0.00000	5843.07100
5.21413	0.00000	5885.86900
5.21799	0.00000	5885.86900
5.22182	0.00000	5885.86900
5.22567	0.00000	5885.86900
5.22950	0.00000	5885.86900
5.23335	0.00000	5885.86900
5.23718	0.00000	5885.86900
5.24101	0.00000	5885.86900
5.24486	0.00000	5889.68200
5.24873	0.00000	5889.68200
5.25258	0.00000	5889.68200
5.25642	0.00000	5889.68200
5.26026	0.00000	5889.68200
5.26410	0.00000	5889.68200
5.26793	0.00000	5889.68200
5.27177	0.00000	5889.68200
5.27561	0.00000	5891.42600
5.27945	0.00000	5891.42600
5.28329	0.00000	5891.42600
5.28712	0.00000	5891.42600
5.29096	0.00000	5891.42600
5.29481	0.00000	5891.42600
5.29864	0.00000	5891.42600
5.30248	0.00000	5891.42600
5.30633	0.00000	5907.45100
5.31017	0.00000	5907.45100
5.31402	0.00000	5907.45100
5.31786	0.00000	5907.45100
5.32170	0.00000	5907.45100
5.32554	0.00000	5907.45100
5.32937	0.00000	5907.45100
5.33321	0.00000	5907.45100
5.33705	0.00000	5873.27900
5.34089	0.00000	5873.27900
5.34473	0.00000	5873.27900
5.34857	0.00000	5873.27900
5.35242	0.00000	5873.27900
5.35626	0.00000	5873.27900
5.36010	0.00000	5873.27900
5.36395	0.00000	5873.27900
5.36779	0.00000	5879.23700
5.37163	0.00000	5879.23700
5.37547	0.00000	5879.23700
5.37931	0.00000	5879.23700
5.38315	0.00000	5879.23700
5.38700	0.00000	5879.23700
5.39084	0.00000	5879.23700
5.39468	0.00000	5879.23700
5.39853	0.00000	5881.22300
5.40237	0.00000	5881.22300
5.40622	0.00000	5881.22300
5.41006	0.00000	5881.22300
5.41391	0.00000	5881.22300
5.41775	0.00000	5881.22300
5.42159	0.00000	5881.22300
5.42543	0.00000	5881.22300
5.42927	0.00000	5881.22300
5.43311	0.00000	5881.22300
5.43694	0.00000	5881.22300
5.44075	0.00000	5881.22300
5.44459	0.00000	5881.22300
5.44842	0.00000	5881.22300
5.45225	0.00000	5881.22300
5.45609	0.00000	5881.22300
5.45993	0.00000	5883.20900
5.46378	0.00000	5883.20900
5.46762	0.00000	5883.20900
5.47146	0.00000	5883.20900
5.47530	0.00000	5883.20900
5.47915	0.00000	5883.20900
5.48299	0.00000	5883.20900
5.48682	0.00000	5883.20900
5.49066	0.00000	5883.20900
5.49450	0.00000	5883.20900
5.49833	0.00000	5883.20900
5.50217	0.00000	5883.20900
5.50602	0.00000	5883.20900
5.50985	0.00000	5883.20900
5.51370	0.00000	5883.20900
5.51754	0.00000	5883.20900
5.52139	0.00000	5879.23700
5.52524	0.00000	5879.23700
5.52908	0.00000	5879.23700
5.53292	0.00000	5879.23700
5.53675	0.00000	5879.23700
5.54059	0.00000	5879.23700
5.54443	0.00000	5879.23700
5.54826	0.00000	5879.23700
5.55210	0.00000	5915.46500
5.55594	0.00000	5915.46500
5.55977	0.00000	5915.46500
5.56362	0.00000	5915.46500
5.56746	0.00000	5915.46500
5.57129	0.00000	5915.46500
5.57514	0.00000	5915.46500
5.57898	0.00000	5897.43600
5.58280	0.00000	5897.43600
5.58665	0.00000	5897.43600
5.59048	0.00000	5897.43600
5.59433	0.00000	5897.43600
5.59817	0.00000	5897.43600
5.60201	0.00000	5897.43600
5.60586	0.00000	5897.43600
5.60969	0.00000	5958.37800
5.61354	0.00000	5958.37800
5.61739	0.00000	5958.37800
5.62123	0.00000	5958.37800
5.62506	0.00000	5958.37800
5.62890	0.00000	5958.37800
5.63274	0.00000	5958.37800
5.63659	0.00000	5958.37800
5.64044	0.00000	5927.48400
5.64430	0.00000	5927.48400
5.64814	0.00000	5927.48400
5.65198	0.00000	5927.48400
5.65582	0.00000	5927.48400
5.65966	0.00000	5927.48400
5.66350	0.00000	5927.48400
5.66736	0.00000	5927.48400
5.67119	0.00000	5933.49300
5.67503	0.00000	5933.49300
5.67887	0.00000	5933.49300
5.68272	0.00000	5933.49300
5.68656	0.00000	5933.49300
5.69040	0.00000	5933.49300
5.69424	0.00000	5933.49300
5.69809	0.00000	5933.49300
5.70192	0.00000	5931.49000
5.70576	0.00000	5931.49000
5.70960	0.00000	5931.49000
5.71343	0.00000	5931.49000
5.71727	0.00000	5931.49000
5.72111	0.00000	5931.49000
5.72494	0.00000	5931.49000
5.72875	0.00000	5931.49000
5.73258	0.00000	5931.49000
5.73643	0.00000	5931.49000
5.74026	0.00000	5931.49000
5.74411	0.00000	5931.49000
5.74796	0.00000	5931.49000
5.75181	0.00000	5931.49000
5.75565	0.00000	5931.49000
5.75950	0.00000	5931.49000
5.76334	0.00000	5935.49700
5.76719	0.00000	5935.49700
5.77103	0.00000	5935.49700
5.77488	0.00000	5935.49700
5.77872	0.00000	5935.49700
5.78256	0.00000	5935.49700
5.78641	0.00000	5935.49700
5.79025	0.00000	5935.49700
5.79410	0.00000	5935.49700
5.79795	0.00000	5935.49700
5.80179	0.00000	5935.49700
5.80563	0.00000	5935.49700
5.80947	0.00000	5935.49700
5.81330	0.00000	5935.49700
5.81713	0.00000	5935.49700
5.82097	0.00000	5935.49700
5.82481	0.00000	5931.49000
5.82865	0.00000	5931.49000
5.83247	0.00000	5931.49000
5.83633	0.00000	5931.49000
5.84017	0.00000	5931.49000
5.84402	0.00000	5931.49000
5.84785	0.00000	5931.49000
5.85170	0.00000	5931.49000
5.85555	0.00000	5927.48400
5.85939	0.00000	5927.48400
5.86325	0.00000	5927.48400
5.86709	0.00000	5927.48400
5.87093	0.00000	5927.48400
5.87477	0.00000	5927.48400
5.87861	0.00000	5927.48400
5.88245	0.00000	5927.48400
5.88629	0.00000	5931.49000
5.89013	0.00000	5931.49000
5.89398	0.00000	5931.49000
5.89783	0.00000	5931.49000
5.90167	0.00000	5931.49000
5.90552	0.00000	5931.49000
5.90936	0.00000	5931.49000
5.91321	0.00000	5931.49000
5.91705	0.00000	5925.48100
5.92089	0.00000	5925.48100
5.92473	0.00000	5925.48100
5.92857	0.00000	5925.48100
5.93242	0.00000	5925.48100
5.93625	0.00000	5925.48100
5.94008	0.00000	5925.48100
5.94392	0.00000	5925.48100
5.94775	0.00000	5911.45800
5.95161	0.00000	5911.45800
5.95545	0.00000	5911.45800
5.95931	0.00000	5911.45800
5.96316	0.00000	5911.45800
5.96699	0.00000	5911.45800
5.97083	0.00000	5911.45800
5.97468	0.00000	5940.19400
5.97853	0.00000	5940.19400
5.98237	0.00000	5940.19400
5.98621	0.00000	5940.19400
5.99006	0.00000	5940.19400
5.99389	0.00000	5940.19400
5.99774	0.00000	5940.19400
6.00158	0.00000	5940.19400
6.00543	0.00000	5901.44200
6.00930	0.00000	5901.44200
6.01314	0.00000	5901.44200
6.01698	0.00000	5901.44200
6.02082	0.00000	5901.44200
6.02466	0.00000	5901.44200
6.02850	0.00000	5901.44200
6.03234	0.00000	5901.44200
6.03618	0.00000	5875.26400
6.04004	0.00000	5875.26400
6.04388	0.00000	5875.26400
6.04772	0.00000	5875.26400
6.05155	0.00000	5875.26400
6.05540	0.00000	5875.26400
6.05925	0.00000	5875.26400
6.06309	0.00000	5875.26400
6.06694	0.00000	5873.27900
6.07078	0.00000	5873.27900
6.07461	0.00000	5873.27900
6.07847	0.00000	5873.27900
6.08231	0.00000	5873.27900
6.08615	0.00000	5873.27900
6.08998	0.00000	5873.27900
6.09381	0.00000	5873.27900
6.09766	0.00000	5877.25100
6.10151	0.00000	5877.25100
6.10536	0.00000	5877.25100
6.10921	0.00000	5877.25100
6.11305	0.00000	5877.25100
6.11690	0.00000	5877.25100
6.12074	0.00000	5877.25100
6.12459	0.00000	5877.25100
6.12843	0.00000	5927.48400
6.13228	0.00000	5927.48400
6.13613	0.00000	5927.48400
6.13996	0.00000	5927.48400
6.14381	0.00000	5927.48400
6.14764	0.00000	5927.48400
6.15149	0.00000	5927.48400
6.15534	0.00000	5927.48400
6.15918	0.00000	5923.47700
6.16301	0.00000	5923.47700
6.16686	0.00000	5923.47700
6.17070	0.00000	5923.47700
6.17453	0.00000	5923.47700
6.17837	0.00000	5923.47700
6.18221	0.00000	5923.47700
6.18605	0.00000	5923.47700
6.18989	0.00000	5927.48400
6.19373	0.00000	5927.48400
6.19757	0.00000	5927.48400
6.20141	0.00000	5927.48400
6.20526	0.00000	5927.48400
6.20910	0.00000	5927.48400
6.21294	0.00000	5927.48400
6.21675	0.00000	5927.48400
6.22059	0.00000	5923.47700
6.22443	0.00000	5923.47700
6.22828	0.00000	5923.47700
6.23212	0.00000	5923.47700
6.23597	0.00000	5923.47700
6.23981	0.00000	5923.47700
6.24367	0.00000	5923.47700
6.24754	0.00000	5923.47700
6.25139	0.00000	5919.47100
6.25523	0.00000	5919.47100
6.25907	0.00000	5919.47100
6.26291	0.00000	5919.47100
6.26676	0.00000	5919.47100
6.27060	0.00000	5919.47100
6.27444	0.00000	5919.47100
6.27829	0.00000	5919.47100
6.28213	0.00000	5917.46800
6.28598	0.00000	5917.46800
6.28982	0.00000	5917.46800
6.29366	0.00000	5917.46800
6.29750	0.00000	5917.46800
6.30134	0.00000	5917.46800
6.30517	0.00000	5917.46800
6.30901	0.00000	5917.46800
6.31283	0.00000	5960.39800
6.31667	0.00000	5960.39800
6.32050	0.00000	5960.39800
6.32434	0.00000	5960.39800
6.32819	0.00000	5960.39800
6.33203	0.00000	5960.39800
6.33588	0.00000	5960.39800
6.33973	0.00000	5885.41600
6.34358	0.00000	5885.41600
6.34743	0.00000	5885.41600
6.35127	0.00000	5885.41600
6.35512	0.00000	5885.41600
6.35897	0.00000	5885.41600
6.36280	0.00000	5885.41600
6.36665	0.00000	5885.41600
6.37049	0.00000	5952.31700
6.37435	0.00000	5952.31700
6.37819	0.00000	5952.31700
6.38203	0.00000	5952.31700
6.38587	0.00000	5952.31700
6.38974	0.00000	5952.31700
6.39358	0.00000	5952.31700
6.39742	0.00000	5952.31700
6.40127	0.00000	5921.47400
6.40511	0.00000	5921.47400
6.40895	0.00000	5921.47400
6.41275	0.00000	5921.47400
6.41660	0.00000	5921.47400
6.42044	0.00000	5921.47400
6.42428	0.00000	5921.47400
6.42812	0.00000	5921.47400
6.43196	0.00000	5921.47400
6.43582	0.00000	5921.47400
6.43966	0.00000	5921.47400
6.44350	0.00000	5921.47400
6.44735	0.00000	5921.47400
6.45119	0.00000	5921.47400
6.45503	0.00000	5921.47400
6.45887	0.00000	5921.47400
6.46271	0.00000	5919.47100
6.46655	0.00000	5919.47100
6.47038	0.00000	5919.47100
6.47423	0.00000	5919.47100
6.47807	0.00000	5919.47100
6.48191	0.00000	5919.47100
6.48575	0.00000	5919.47100
6.48959	0.00000	5919.47100
6.49343	0.00000	5925.48100
6.49727	0.00000	5925.48100
6.50112	0.00000	5925.48100
6.50496	0.00000	5925.48100
6.50881	0.00000	5925.48100
6.51265	0.00000	5925.48100
6.51649	0.00000	5925.48100
6.52033	0.00000	5925.48100
6.52418	0.00000	5869.30600
6.52802	0.00000	5869.30600
6.53185	0.00000	5869.30600
6.53569	0.00000	5869.30600
6.53952	0.00000	5869.30600
6.54336	0.00000	5869.30600
6.54720	0.00000	5869.30600
6.55105	0.00000	5869.30600
6.55488	0.00000	5917.46800
6.55873	0.00000	5917.46800
6.56257	0.00000	5917.46800
6.56641	0.00000	5917.46800
6.57025	0.00000	5917.46800
6.57409	0.00000	5917.46800
6.57793	0.00000	5917.46800
6.58175	0.00000	5917.46800
6.58559	0.00000	5919.47100
6.58944	0.00000	5919.47100
6.59327	0.00000	5919.47100
6.59712	0.00000	5919.47100
6.60095	0.00000	5919.47100
6.60480	0.00000	5919.47100
6.60865	0.00000	5919.47100
6.61249	0.00000	5919.47100
6.61633	0.00000	5923.47700
6.62017	0.00000	5923.47700
6.62401	0.00000	5923.47700
6.62785	0.00000	5923.47700
6.63170	0.00000	5923.47700
6.63554	0.00000	5923.47700
6.63938	0.00000	5923.47700
6.64322	0.00000	5923.47700
6.64706	0.00000	5915.46500
6.65090	0.00000	5915.46500
6.65473	0.00000	5915.46500
6.65856	0.00000	5915.46500
6.66242	0.00000	5915.46500
6.66628	0.00000	5915.46500
6.67014	0.00000	5915.46500
6.67398	0.00000	5938.17300
6.67781	0.00000	5938.17300
6.68165	0.00000	5938.17300
6.68550	0.00000	5938.17300
6.68934	0.00000	5938.17300
6.69319	0.00000	5938.17300
6.69702	0.00000	5938.17300
6.70087	0.00000	5938.17300
6.70470	0.00000	5889.42300
6.70859	0.00000	5889.42300
6.71242	0.00000	5889.42300
6.71627	0.00000	5889.42300
6.72011	0.00000	5889.42300
6.72395	0.00000	5889.42300
6.72779	0.00000	5889.42300
6.73164	0.00000	5889.42300
6.73548	0.00000	5917.46800
6.73933	0.00000	5917.46800
6.74318	0.00000	5917.46800
6.74703	0.00000	5917.46800
6.75087	0.00000	5917.46800
6.75471	0.00000	5917.46800
6.75855	0.00000	5917.46800
6.76240	0.00000	5917.46800
6.76624	0.00000	5917.46800
6.77009	0.00000	5917.46800
6.77393	0.00000	5917.46800
6.77777	0.00000	5917.46800
6.78160	0.00000	5917.46800
6.78545	0.00000	5917.46800
6.78929	0.00000	5917.46800
6.79314	0.00000	5917.46800
6.79698	0.00000	5925.48100
6.80082	0.00000	5925.48100
6.80466	0.00000	5925.48100
6.80851	0.00000	5925.48100
6.81237	0.00000	5925.48100
6.81622	0.00000	5925.48100
6.82019	0.00000	5925.48100
6.82407	0.00000	5925.48100
6.82793	0.00000	5921.47400
6.83179	0.00000	5921.47400
6.83563	0.00000	5921.47400
6.83948	0.00000	5921.47400
6.84332	0.00000	5921.47400
6.84716	0.00000	5921.47400
6.85102	0.00000	5921.47400
6.85485	0.00000	5921.47400
6.85870	0.00000	5921.47400
6.86256	0.00000	5921.47400
6.86641	0.00000	5921.47400
6.87026	0.00000	5921.47400
6.87412	0.00000	5921.47400
6.87797	0.00000	5921.47400
6.88182	0.00000	5921.47400
6.88568	0.00000	5921.47400
6.88953	0.00000	5927.48400
6.89337	0.00000	5927.48400
6.89721	0.00000	5927.48400
6.90105	0.00000	5927.48400
6.90489	0.00000	5927.48400
6.90873	0.00000	5927.48400
6.91258	0.00000	5927.48400
6.91643	0.00000	5927.48400
6.92036	0.00000	5873.27900
6.92426	0.00000	5873.27900
6.92814	0.00000	5873.27900
6.93199	0.00000	5873.27900
6.93584	0.00000	5873.27900
6.93968	0.00000	5873.27900
6.94352	0.00000	5873.27900
6.94737	0.00000	5873.27900
6.95119	0.00000	5913.46200
6.95514	0.00000	5913.46200
6.95904	0.00000	5913.46200
6.96291	0.00000	5913.46200
6.96676	0.00000	5913.46200
6.97060	0.00000	5913.46200
6.97444	0.00000	5913.46200
6.97828	0.00000	5893.42900
6.98214	0.00000	5893.42900
6.98598	0.00000	5893.42900
6.98984	0.00000	5893.42900
6.99368	0.00000	5893.42900
6.99753	0.00000	5893.42900
7.00137	0.00000	5893.42900
7.00521	0.00000	5893.42900
7.00905	0.00000	5962.41900
7.01290	0.00000	5962.41900
7.01674	0.00000	5962.41900
7.02059	0.00000	5962.41900
7.02443	0.00000	5962.41900
7.02827	0.00000	5962.41900
7.03212	0.00000	5962.41900
7.03596	0.00000	5962.41900
7.03982	0.00000	5925.48100
7.04366	0.00000	5925.48100
7.04751	0.00000	5925.48100
7.05136	0.00000	5925.48100
7.05520	0.00000	5925.48100
7.05904	0.00000	5925.48100
7.06289	0.00000	5925.48100
7.06674	0.00000	5925.48100
7.07057	0.00000	5933.49300
7.07441	0.00000	5933.49300
7.07825	0.00000	5933.49300
7.08210	0.00000	5933.49300
7.08594	0.00000	5933.49300
7.08979	0.00000	5933.49300
7.09364	0.00000	5933.49300
7.09748	0.00000	5933.49300
7.10133	0.00000	5931.49000
7.10518	0.00000	5931.49000
7.10901	0.00000	5931.49000
7.11285	0.00000	5931.49000
7.11670	0.00000	5931.49000
7.12054	0.00000	5931.49000
7.12438	0.00000	5931.49000
7.12822	0.00000	5931.49000
7.13208	0.00000	5927.48400
7.13593	0.00000	5927.48400
7.13977	0.00000	5927.48400
7.14362	0.00000	5927.48400
7.14747	0.00000	5927.48400
7.15132	0.00000	5927.48400
7.15515	0.00000	5927.48400
7.15899	0.00000	5927.48400
7.16282	0.00000	5927.48400
7.16667	0.00000	5927.48400
7.17050	0.00000	5927.48400
7.17435	0.00000	5927.48400
7.17820	0.00000	5927.48400
7.18203	0.00000	5927.48400
7.18588	0.00000	5927.48400
7.18973	0.00000	5927.48400
7.19358	0.00000	5931.49000
7.19742	0.00000	5931.49000
7.20126	0.00000	5931.49000
7.20511	0.00000	5931.49000
7.20895	0.00000	5931.49000
7.21275	0.00000	5931.49000
7.21658	0.00000	5931.49000
7.22042	0.00000	5931.49000
7.22426	0.00000	5927.48400
7.22810	0.00000	5927.48400
7.23194	0.00000	5927.48400
7.23577	0.00000	5927.48400
7.23961	0.00000	5927.48400
7.24345	0.00000	5927.48400
7.24729	0.00000	5927.48400
7.25114	0.00000	5927.48400
7.25498	0.00000	5931.49000
7.25882	0.00000	5931.49000
7.26267	0.00000	5931.49000
7.26651	0.00000	5931.49000
7.27035	0.00000	5931.49000
7.27419	0.00000	5931.49000
7.27804	0.00000	5931.49000
7.28189	0.00000	5931.49000
7.28573	0.00000	5927.48400
7.28956	0.00000	5927.48400
7.29340	0.00000	5927.48400
7.29725	0.00000	5927.48400
7.30109	0.00000	5927.48400
7.30492	0.00000	5927.48400
7.30875	0.00000	5927.48400
7.31259	0.00000	5927.48400
7.31642	0.00000	5919.47100
7.32026	0.00000	5919.47100
7.32410	0.00000	5919.47100
7.32794	0.00000	5919.47100
7.33179	0.00000	5919.47100
7.33562	0.00000	5919.47100
7.33945	0.00000	5919.47100
7.34329	0.00000	5942.21400
7.34713	0.00000	5942.21400
7.35096	0.00000	5942.21400
7.35480	0.00000	5942.21400
7.35865	0.00000	5942.21400
7.36249	0.00000	5942.21400
7.36633	0.00000	5942.21400
7.37018	0.00000	5942.21400
7.37402	0.00000	5905.44800
7.37788	0.00000	5905.44800
7.38172	0.00000	5905.44800
7.38556	0.00000	5905.44800
7.38940	0.00000	5905.44800
7.39323	0.00000	5905.44800
7.39708	0.00000	5905.44800
7.40092	0.00000	5905.44800
7.40475	0.00000	5929.48700
7.40859	0.00000	5929.48700
7.41243	0.00000	5929.48700
7.41628	0.00000	5929.48700
7.42011	0.00000	5929.48700
7.42396	0.00000	5929.48700
7.42781	0.00000	5929.48700
7.43165	0.00000	5929.48700
7.43550	0.00000	5883.20900
7.43934	0.00000	5883.20900
7.44319	0.00000	5883.20900
7.44703	0.00000	5883.20900
7.45087	0.00000	5883.20900
7.45471	0.00000	5883.20900
7.45856	0.00000	5883.20900
7.46241	0.00000	5883.20900
7.46625	0.00000	5879.23700
7.47010	0.00000	5879.23700
7.47395	0.00000	5879.23700
7.47778	0.00000	5879.23700
7.48163	0.00000	5879.23700
7.48550	0.00000	5879.23700
7.48935	0.00000	5879.23700
7.49319	0.00000	5879.23700
7.49703	0.00000	5879.23700
7.50087	0.00000	5879.23700
7.50471	0.00000	5879.23700
7.50856	0.00000	5879.23700
7.51240	0.00000	5879.23700
7.51625	0.00000	5879.23700
7.52011	0.00000	5879.23700
7.52395	0.00000	5879.23700
7.52779	0.00000	5885.19600
7.53163	0.00000	5885.19600
7.53547	0.00000	5885.19600
7.53931	0.00000	5885.19600
7.54315	0.00000	5885.19600
7.54698	0.00000	5885.19600
7.55083	0.00000	5885.19600
7.55466	0.00000	5885.19600
7.55850	0.00000	5877.25100
7.56235	0.00000	5877.25100
7.56619	0.00000	5877.25100
7.57004	0.00000	5877.25100
7.57388	0.00000	5877.25100
7.57773	0.00000	5877.25100
7.58158	0.00000	5877.25100
7.58542	0.00000	5877.25100
7.58926	0.00000	5881.22300
7.59312	0.00000	5881.22300
7.59695	0.00000	5881.22300
7.60080	0.00000	5881.22300
7.60464	0.00000	5881.22300
7.60848	0.00000	5881.22300
7.61231	0.00000	5881.22300
7.61615	0.00000	5881.22300
7.62004	0.00000	5881.22300
7.62390	0.00000	5881.22300
7.62774	0.00000	5881.22300
7.63159	0.00000	5881.22300
7.63543	0.00000	5881.22300
7.63928	0.00000	5881.22300
7.64313	0.00000	5881.22300
7.64696	0.00000	5881.22300
7.65081	0.00000	5889.16800
7.65465	0.00000	5889.16800
7.65850	0.00000	5889.16800
7.66234	0.00000	5889.16800
7.66619	0.00000	5889.16800
7.67004	0.00000	5889.16800
7.67388	0.00000	5889.16800
7.67772	0.00000	5889.16800
7.68156	0.00000	5933.49300
7.68540	0.00000	5933.49300
7.68924	0.00000	5933.49300
7.69308	0.00000	5933.49300
7.69692	0.00000	5933.49300
7.70075	0.00000	5933.49300
7.70459	0.00000	5933.49300
7.70843	0.00000	5933.49300
7.71226	0.00000	5917.46800
7.71609	0.00000	5917.46800
7.71993	0.00000	5917.46800
7.72377	0.00000	5917.46800
7.72762	0.00000	5917.46800
7.73147	0.00000	5917.46800
7.73531	0.00000	5917.46800
7.73916	0.00000	5901.44200
7.74299	0.00000	5901.44200
7.74682	0.00000	5901.44200
7.75067	0.00000	5901.44200
7.75451	0.00000	5901.44200
7.75835	0.00000	5901.44200
7.76221	0.00000	5901.44200
7.76605	0.00000	5901.44200
7.76990	0.00000	5913.46200
7.77377	0.00000	5913.46200
7.77762	0.00000	5913.46200
7.78147	0.00000	5913.46200
7.78531	0.00000	5913.46200
7.78915	0.00000	5913.46200
7.79298	0.00000	5913.46200
7.79682	0.00000	5913.46200
7.80067	0.00000	5933.49300
7.80451	0.00000	5933.49300
7.80835	0.00000	5933.49300
7.81219	0.00000	5933.49300
7.81603	0.00000	5933.49300
7.81988	0.00000	5933.49300
7.82374	0.00000	5933.49300
7.82761	0.00000	5933.49300
7.83147	0.00000	5883.20900
7.83532	0.00000	5883.20900
7.83917	0.00000	5883.20900
7.84301	0.00000	5883.20900
7.84684	0.00000	5883.20900
7.85068	0.00000	5883.20900
7.85453	0.00000	5883.20900
7.85837	0.00000	5883.20900
7.86222	0.00000	5935.49700
7.86606	0.00000	5935.49700
7.86991	0.00000	5935.49700
7.87376	0.00000	5935.49700
7.87760	0.00000	5935.49700
7.88145	0.00000	5935.49700
7.88529	0.00000	5935.49700
7.88913	0.00000	5935.49700
7.89298	0.00000	5927.48400
7.89681	0.00000	5927.48400
7.90065	0.00000	5927.48400
7.90449	0.00000	5927.48400
7.90833	0.00000	5927.48400
7.91218	0.00000	5927.48400
7.91602	0.00000	5927.48400
7.91987	0.00000	5927.48400
7.92371	0.00000	5929.48700
7.92755	0.00000	5929.48700
7.93140	0.00000	5929.48700
7.93525	0.00000	5929.48700
7.93909	0.00000	5929.48700
7.94294	0.00000	5929.48700
7.94679	0.00000	5929.48700
7.95061	0.00000	5929.48700
7.95445	0.00000	5879.23700
7.95831	0.00000	5879.23700
7.96216	0.00000	5879.23700
7.96599	0.00000	5879.23700
7.96984	0.00000	5879.23700
7.97368	0.00000	5879.23700
7.97753	0.00000	5879.23700
7.98137	0.00000	5879.23700
7.98522	0.00000	5883.20900
7.98906	0.00000	5883.20900
7.99289	0.00000	5883.20900
7.99673	0.00000	5883.20900
8.00060	0.00000	5883.20900
8.00449	0.00000	5883.20900
8.00835	0.00000	5883.20900
8.01220	0.00000	5883.20900
8.01605	0.00000	5879.23700
8.01990	0.00000	5879.23700
8.02375	0.00000	5879.23700
8.02759	0.00000	5879.23700
8.03143	0.00000	5879.23700
8.03527	0.00000	5879.23700
8.03911	0.00000	5879.23700
8.04294	0.00000	5879.23700
8.04679	0.00000	5879.23700
8.05061	0.00000	5879.23700
8.05447	0.00000	5879.23700
8.05830	0.00000	5879.23700
8.06213	0.00000	5879.23700
8.06597	0.00000	5879.23700
8.06983	0.00000	5879.23700
8.07368	0.00000	5879.23700
8.07751	0.00000	5917.46800
8.08135	0.00000	5917.46800
8.08519	0.00000	5917.46800
8.08902	0.00000	5917.46800
8.09286	0.00000	5917.46800
8.09670	0.00000	5917.46800
8.10055	0.00000	5917.46800
8.10439	0.00000	5895.43200
8.10823	0.00000	5895.43200
8.11207	0.00000	5895.43200
8.11592	0.00000	5895.43200
8.11976	0.00000	5895.43200
8.12361	0.00000	5895.43200
8.12746	0.00000	5895.43200
8.13130	0.00000	5895.43200
8.13514	0.00000	5958.37800
8.13901	0.00000	5958.37800
8.14283	0.00000	5958.37800
8.14668	0.00000	5958.37800
8.15052	0.00000	5958.37800
8.15436	0.00000	5958.37800
8.15820	0.00000	5958.37800
8.16204	0.00000	5958.37800
8.16588	0.00000	5929.48700
8.16971	0.00000	5929.48700
8.17357	0.00000	5929.48700
8.17740	0.00000	5929.48700
8.18125	0.00000	5929.48700
8.18510	0.00000	5929.48700
8.18894	0.00000	5929.48700
8.19275	0.00000	5929.48700
8.19660	0.00000	5935.49700
8.20043	0.00000	5935.49700
8.20429	0.00000	5935.49700
8.20813	0.00000	5935.49700
8.21196	0.00000	5935.49700
8.21581	0.00000	5935.49700
8.21965	0.00000	5935.49700
8.22350	0.00000	5935.49700
8.22734	0.00000	5931.49000
8.23118	0.00000	5931.49000
8.23502	0.00000	5931.49000
8.23886	0.00000	5931.49000
8.24269	0.00000	5931.49000
8.24653	0.00000	5931.49000
8.25037	0.00000	5931.49000
8.25420	0.00000	5931.49000
8.25805	0.00000	5925.48100
8.26189	0.00000	5925.48100
8.26573	0.00000	5925.48100
8.26956	0.00000	5925.48100
8.27340	0.00000	5925.48100
8.27725	0.00000	5925.48100
8.28109	0.00000	5925.48100
8.28494	0.00000	5925.48100
8.28875	0.00000	5925.48100
8.29260	0.00000	5925.48100
8.29645	0.00000	5925.48100
8.30030	0.00000	5925.48100
8.30413	0.00000	5925.48100
8.30796	0.00000	5925.48100
8.31181	0.00000	5925.48100
8.31565	0.00000	5925.48100
8.31948	0.00000	5933.49300
8.32332	0.00000	5933.49300
8.32717	0.00000	5933.49300
8.33101	0.00000	5933.49300
8.33485	0.00000	5933.49300
8.33870	0.00000	5933.49300
8.34254	0.00000	5933.49300
8.34638	0.00000	5933.49300
8.35023	0.00000	5929.48700
8.35406	0.00000	5929.48700
8.35790	0.00000	5929.48700
8.36174	0.00000	5929.48700
8.36557	0.00000	5929.48700
8.36940	0.00000	5929.48700
8.37326	0.00000	5929.48700
8.37709	0.00000	5929.48700
8.38094	0.00000	5925.48100
8.38475	0.00000	5925.48100
8.38860	0.00000	5925.48100
8.39245	0.00000	5925.48100
8.39629	0.00000	5925.48100
8.40014	0.00000	5925.48100
8.40398	0.00000	5925.48100
8.40782	0.00000	5925.48100
8.41167	0.00000	5929.48700
8.41551	0.00000	5929.48700
8.41935	0.00000	5929.48700
8.42319	0.00000	5929.48700
8.42702	0.00000	5929.48700
8.43087	0.00000	5929.48700
8.43471	0.00000	5929.48700
8.43855	0.00000	5929.48700
8.44238	0.00000	5927.48400
8.44622	0.00000	5927.48400
8.45006	0.00000	5927.48400
8.45391	0.00000	5927.48400
8.45775	0.00000	5927.48400
8.46159	0.00000	5927.48400
8.46543	0.00000	5927.48400
8.46928	0.00000	5927.48400
8.47311	0.00000	5911.45800
8.47695	0.00000	5911.45800
8.48076	0.00000	5911.45800
8.48459	0.00000	5911.45800
8.48842	0.00000	5911.45800
8.49227	0.00000	5911.45800
8.49611	0.00000	5911.45800
8.49995	0.00000	5938.17300
8.50378	0.00000	5938.17300
8.50762	0.00000	5938.17300
8.51145	0.00000	5938.17300
8.51530	0.00000	5938.17300
8.51915	0.00000	5938.17300
8.52298	0.00000	5938.17300
8.52682	0.00000	5938.17300
8.53066	0.00000	5895.43200
8.53452	0.00000	5895.43200
8.53835	0.00000	5895.43200
8.54219	0.00000	5895.43200
8.54603	0.00000	5895.43200
8.54986	0.00000	5895.43200
8.55370	0.00000	5895.43200
8.55754	0.00000	5895.43200
8.56136	0.00000	5913.46200
8.56522	0.00000	5913.46200
8.56906	0.00000	5913.46200
8.57291	0.00000	5913.46200
8.57675	0.00000	5913.46200
8.58060	0.00000	5913.46200
8.58444	0.00000	5913.46200
8.58827	0.00000	5913.46200
8.59212	0.00000	5925.48100
8.59595	0.00000	5925.48100
8.59979	0.00000	5925.48100
8.60362	0.00000	5925.48100
8.60747	0.00000	5925.48100
8.61130	0.00000	5925.48100
8.61514	0.00000	5925.48100
8.61898	0.00000	5925.48100
8.62283	0.00000	5927.48400
8.62666	0.00000	5927.48400
8.63055	0.00000	5927.48400
8.63440	0.00000	5927.48400
8.63824	0.00000	5927.48400
8.64209	0.00000	5927.48400
8.64594	0.00000	5927.48400
8.64977	0.00000	5927.48400
8.65361	0.00000	5921.47400
8.65745	0.00000	5921.47400
8.66129	0.00000	5921.47400
8.66514	0.00000	5921.47400
8.66898	0.00000	5921.47400
8.67283	0.00000	5921.47400
8.67667	0.00000	5921.47400
8.68049	0.00000	5921.47400
8.68434	0.00000	5919.47100
8.68818	0.00000	5919.47100
8.69203	0.00000	5919.47100
8.69588	0.00000	5919.47100
8.69972	0.00000	5919.47100
8.70356	0.00000	5919.47100
8.70740	0.00000	5919.47100
8.71124	0.00000	5919.47100
8.71509	0.00000	5927.48400
8.71893	0.00000	5927.48400
8.72278	0.00000	5927.48400
8.72663	0.00000	5927.48400
8.73047	0.00000	5927.48400
8.73432	0.00000	5927.48400
8.73816	0.00000	5927.48400
8.74202	0.00000	5927.48400
8.74586	0.00000	5923.47700
8.74972	0.00000	5923.47700
8.75358	0.00000	5923.47700
8.75742	0.00000	5923.47700
8.76126	0.00000	5923.47700
8.76509	0.00000	5923.47700
8.76894	0.00000	5923.47700
8.77275	0.00000	5923.47700
8.77660	0.00000	5873.27900
8.78044	0.00000	5873.27900
8.78429	0.00000	5873.27900
8.78814	0.00000	5873.27900
8.79200	0.00000	5873.27900
8.79583	0.00000	5873.27900
8.79968	0.00000	5873.27900
8.80352	0.00000	5873.27900
8.80737	0.00000	5921.47400
8.81120	0.00000	5921.47400
8.81505	0.00000	5921.47400
8.81894	0.00000	5921.47400
8.82280	0.00000	5921.47400
8.82666	0.00000	5921.47400
8.83052	0.00000	5921.47400
8.83437	0.00000	5893.42900
8.83820	0.00000	5893.42900
8.84204	0.00000	5893.42900
8.84588	0.00000	5893.42900
8.84973	0.00000	5893.42900
8.85357	0.00000	5893.42900
8.85741	0.00000	5893.42900
8.86125	0.00000	5893.42900
8.86510	0.00000	5942.21400
8.86895	0.00000	5942.21400
8.87280	0.00000	5942.21400
8.87665	0.00000	5942.21400
8.88050	0.00000	5942.21400
8.88434	0.00000	5942.21400
8.88819	0.00000	5942.21400
8.89204	0.00000	5942.21400
8.89589	0.00000	5909.45500
8.89975	0.00000	5909.45500
8.90360	0.00000	5909.45500
8.90744	0.00000	5909.45500
8.91128	0.00000	5909.45500
8.91512	0.00000	5909.45500
8.91896	0.00000	5909.45500
8.92280	0.00000	5909.45500
8.92665	0.00000	5921.47400
8.93050	0.00000	5921.47400
8.93435	0.00000	5921.47400
8.93819	0.00000	5921.47400
8.94203	0.00000	5921.47400
8.94587	0.00000	5921.47400
8.94972	0.00000	5921.47400
8.95355	0.00000	5921.47400
8.95739	0.00000	5869.30600
8.96123	0.00000	5869.30600
8.96506	0.00000	5869.30600
8.96889	0.00000	5869.30600
8.97273	0.00000	5869.30600
8.97658	0.00000	5869.30600
8.98043	0.00000	5869.30600
8.98427	0.00000	5869.30600
8.98811	0.00000	5921.47400
8.99196	0.00000	5921.47400
8.99581	0.00000	5921.47400
8.99965	0.00000	5921.47400
9.00349	0.00000	5921.47400
9.00733	0.00000	5921.47400
9.01116	0.00000	5921.47400
9.01500	0.00000	5921.47400
9.01884	0.00000	5927.48400
9.02267	0.00000	5927.48400
9.02652	0.00000	5927.48400
9.03036	0.00000	5927.48400
9.03419	0.00000	5927.48400
9.03803	0.00000	5927.48400
9.04188	0.00000	5927.48400
9.04571	0.00000	5927.48400
9.04956	0.00000	5923.47700
9.05340	0.00000	5923.47700
9.05724	0.00000	5923.47700
9.06109	0.00000	5923.47700
9.06493	0.00000	5923.47700
9.06875	0.00000	5923.47700
9.07259	0.00000	5923.47700
9.07642	0.00000	5923.47700
9.08026	0.00000	5921.47400
9.08409	0.00000	5921.47400
9.08794	0.00000	5921.47400
9.09178	0.00000	5921.47400
9.09562	0.00000	5921.47400
9.09947	0.00000	5921.47400
9.10331	0.00000	5921.47400
9.10714	0.00000	5921.47400
9.11099	0.00000	5927.48400
9.11483	0.00000	5927.48400
9.11868	0.00000	5927.48400
9.12252	0.00000	5927.48400
9.12636	0.00000	5927.48400
9.13019	0.00000	5927.48400
9.13403	0.00000	5927.48400
9.13787	0.00000	5927.48400
9.14171	0.00000	5927.48400
9.14555	0.00000	5927.48400
9.14941	0.00000	5927.48400
9.15325	0.00000	5927.48400
9.15709	0.00000	5927.48400
9.16094	0.00000	5927.48400
9.16475	0.00000	5927.48400
9.16859	0.00000	5927.48400
9.17243	0.00000	5911.45800
9.17628	0.00000	5911.45800
9.18011	0.00000	5911.45800
9.18396	0.00000	5911.45800
9.18779	0.00000	5911.45800
9.19163	0.00000	5911.45800
9.19548	0.00000	5911.45800
9.19933	0.00000	5889.42300
9.20319	0.00000	5889.42300
9.20703	0.00000	5889.42300
9.21088	0.00000	5889.42300
9.21472	0.00000	5889.42300
9.21856	0.00000	5889.42300
9.22241	0.00000	5889.42300
9.22626	0.00000	5889.42300
9.23010	0.00000	5946.25500
9.23396	0.00000	5946.25500
9.23780	0.00000	5946.25500
9.24163	0.00000	5946.25500
9.24547	0.00000	5946.25500
9.24930	0.00000	5946.25500
9.25314	0.00000	5946.25500
9.25697	0.00000	5946.25500
9.26082	0.00000	5919.47100
9.26467	0.00000	5919.47100
9.26852	0.00000	5919.47100
9.27237	0.00000	5919.47100
9.27621	0.00000	5919.47100
9.28006	0.00000	5919.47100
9.28390	0.00000	5919.47100
9.28775	0.00000	5919.47100
9.29159	0.00000	5923.47700
9.29544	0.00000	5923.47700
9.29927	0.00000	5923.47700
9.30312	0.00000	5923.47700
9.30696	0.00000	5923.47700
9.31081	0.00000	5923.47700
9.31464	0.00000	5923.47700
9.31849	0.00000	5923.47700
9.32232	0.00000	5925.48100
9.32617	0.00000	5925.48100
9.33001	0.00000	5925.48100
9.33386	0.00000	5925.48100
9.33770	0.00000	5925.48100
9.34154	0.00000	5925.48100
9.34538	0.00000	5925.48100
9.34922	0.00000	5925.48100
9.35306	0.00000	5923.47700
9.35691	0.00000	5923.47700
9.36075	0.00000	5923.47700
9.36459	0.00000	5923.47700
9.36843	0.00000	5923.47700
9.37228	0.00000	5923.47700
9.37613	0.00000	5923.47700
9.37998	0.00000	5923.47700
9.38382	0.00000	5919.47100
9.38767	0.00000	5919.47100
9.39151	0.00000	5919.47100
9.39536	0.00000	5919.47100
9.39920	0.00000	5919.47100
9.40304	0.00000	5919.47100
9.40687	0.00000	5919.47100
9.41070	0.00000	5919.47100
9.41455	0.00000	5925.48100
9.41838	0.00000	5925.48100
9.42223	0.00000	5925.48100
9.42608	0.00000	5925.48100
9.42992	0.00000	5925.48100
9.43376	0.00000	5925.48100
9.43760	0.00000	5925.48100
9.44146	0.00000	5925.48100
9.44530	0.00000	5869.30600
9.44915	0.00000	5869.30600
9.45299	0.00000	5869.30600
9.45684	0.00000	5869.30600
9.46067	0.00000	5869.30600
9.46451	0.00000	5869.30600
9.46835	0.00000	5869.30600
9.47220	0.00000	5869.30600
9.47604	0.00000	5917.46800
9.47988	0.00000	5917.46800
9.48371	0.00000	5917.46800
9.48757	0.00000	5917.46800
9.49141	0.00000	5917.46800
9.49525	0.00000	5917.46800
9.49909	0.00000	5917.46800
9.50294	0.00000	5917.46800
9.50678	0.00000	5915.46500
9.51062	0.00000	5915.46500
9.51447	0.00000	5915.46500
9.51831	0.00000	5915.46500
9.52215	0.00000	5915.46500
9.52598	0.00000	5915.46500
9.52982	0.00000	5915.46500
9.53366	0.00000	5915.46500
9.53749	0.00000	5940.19400
9.54133	0.00000	5940.19400
9.54517	0.00000	5940.19400
9.54902	0.00000	5940.19400
9.55286	0.00000	5940.19400
9.55670	0.00000	5940.19400
9.56055	0.00000	5940.19400
9.56440	0.00000	5877.40400
9.56827	0.00000	5877.40400
9.57211	0.00000	5877.40400
9.57596	0.00000	5877.40400
9.57979	0.00000	5877.40400
9.58363	0.00000	5877.40400
9.58747	0.00000	5877.40400
9.59132	0.00000	5877.40400
9.59518	0.00000	5954.33700
9.59905	0.00000	5954.33700
9.60289	0.00000	5954.33700
9.60673	0.00000	5954.33700
9.61057	0.00000	5954.33700
9.61441	0.00000	5954.33700
9.61825	0.00000	5954.33700
9.62209	0.00000	5954.33700
9.62594	0.00000	5907.45100
9.62978	0.00000	5907.45100
9.63361	0.00000	5907.45100
9.63745	0.00000	5907.45100
9.64129	0.00000	5907.45100
9.64513	0.00000	5907.45100
9.64897	0.00000	5907.45100
9.65280	0.00000	5907.45100
9.65665	0.00000	5905.44800
9.66048	0.00000	5905.44800
9.66432	0.00000	5905.44800
9.66817	0.00000	5905.44800
9.67201	0.00000	5905.44800
9.67585	0.00000	5905.44800
9.67970	0.00000	5905.44800
9.68353	0.00000	5905.44800
9.68737	0.00000	5907.45100
9.69121	0.00000	5907.45100
9.69506	0.00000	5907.45100
9.69889	0.00000	5907.45100
9.70272	0.00000	5907.45100
9.70657	0.00000	5907.45100
9.71040	0.00000	5907.45100
9.71424	0.00000	5907.45100
9.71809	0.00000	5903.44500
9.72193	0.00000	5903.44500
9.72577	0.00000	5903.44500
9.72961	0.00000	5903.44500
9.73346	0.00000	5903.44500
9.73730	0.00000	5903.44500
9.74114	0.00000	5903.44500
9.74499	0.00000	5903.44500
9.74883	0.00000	5899.43900
9.75268	0.00000	5899.43900
9.75652	0.00000	5899.43900
9.76037	0.00000	5899.43900
9.76420	0.00000	5899.43900
9.76804	0.00000	5899.43900
9.77188	0.00000	5899.43900
9.77572	0.00000	5899.43900
9.77955	0.00000	5899.43900
9.78341	0.00000	5899.43900
9.78725	0.00000	5899.43900
9.79110	0.00000	5899.43900
9.79495	0.00000	5899.43900
9.79879	0.00000	5899.43900
9.80263	0.00000	5899.43900
9.80648	0.00000	5899.43900
9.81032	0.00000	5887.42000
9.81416	0.00000	5887.42000
9.81800	0.00000	5887.42000
9.82184	0.00000	5887.42000
9.82568	0.00000	5887.42000
9.82953	0.00000	5887.42000
9.83338	0.00000	5887.42000
9.83723	0.00000	5905.84600
9.84105	0.00000	5905.84600
9.84489	0.00000	5905.84600
9.84873	0.00000	5905.84600
9.85258	0.00000	5905.84600
9.85642	0.00000	5905.84600
9.86026	0.00000	5905.84600
9.86411	0.00000	5905.84600
9.86796	0.00000	5911.90700
9.87181	0.00000	5911.90700
9.87567	0.00000	5911.90700
9.87951	0.00000	5911.90700
9.88336	0.00000	5911.90700
9.88721	0.00000	5911.90700
9.89105	0.00000	5911.90700
9.89489	0.00000	5911.90700
9.89872	0.00000	5889.42300
9.90256	0.00000	5889.42300
9.90641	0.00000	5889.42300
9.91025	0.00000	5889.42300
9.91409	0.00000	5889.42300
9.91792	0.00000	5889.42300
9.92177	0.00000	5889.42300
9.92561	0.00000	5889.42300
9.92946	0.00000	5940.19400
9.93330	0.00000	5940.19400
9.93714	0.00000	5940.19400
9.94099	0.00000	5940.19400
9.94483	0.00000	5940.19400
9.94867	0.00000	5940.19400
9.95251	0.00000	5940.19400
9.95637	0.00000	5940.19400
9.96021	0.00000	5887.42000
9.96404	0.00000	5887.42000
9.96788	0.00000	5887.42000
9.97173	0.00000	5887.42000
9.97558	0.00000	5887.42000
9.97941	0.00000	5887.42000
9.98325	0.00000	5887.42000
9.98709	0.00000	5887.42000
9.99093	0.00000	5893.42900
9.99477	0.00000	5893.42900
9.99862	0.00000	5893.42900
