Time (s)   roll (deg)
0.00029	6.55120
0.01925	7.06686
0.03831	7.37048
0.05737	7.69511
0.07626	8.75487
0.09481	8.20613
0.11365	7.46391
0.13250	7.81562
0.15133	9.27075
0.17016	8.69468
0.18899	8.49466
0.20747	7.87978
0.22632	8.27115
0.24517	8.56344
0.26400	8.19309
0.28283	8.78066
0.30166	8.73462
0.32014	8.95036
0.33897	9.57740
0.35780	9.11068
0.37663	9.42151
0.39546	7.93667
0.41428	9.79319
0.43276	9.91191
0.45159	9.16563
0.47041	9.39556
0.48923	9.66365
0.50805	9.05313
0.52651	9.11843
0.54534	10.50066
0.56415	8.40420
0.58297	9.42996
0.60180	8.31852
0.62063	8.78753
0.63915	10.08919
0.65799	8.37061
0.67683	9.97846
0.69565	8.87120
0.71448	8.84636
0.73332	8.60716
0.75180	8.90495
0.77064	8.49376
0.78947	9.43961
0.80830	8.82841
0.82714	8.73159
0.84597	8.58463
0.86444	9.22903
0.88328	8.54219
0.90210	8.19019
0.92093	9.03593
0.93976	8.29614
0.95822	8.88710
0.97705	9.16807
0.99587	9.15456
1.01469	7.36622
1.03352	8.19518
1.05236	8.35303
1.07085	9.15747
1.08969	8.89578
1.10851	8.81971
1.12733	7.82516
1.14616	7.17457
1.16498	8.65394
1.18346	8.28507
1.20233	8.56429
1.22125	7.68942
1.24012	8.96031
1.25897	7.45468
1.27782	8.78923
1.29685	6.87491
1.31569	9.17134
1.33452	7.26452
1.35336	8.35136
1.37218	7.53606
1.39064	8.60343
1.40947	9.14178
1.42829	8.36905
1.44711	8.27855
1.46594	7.97165
1.48476	8.20689
1.50323	7.64428
1.52205	7.46016
1.54088	7.17191
1.55971	9.12927
1.57853	6.75902
1.59735	8.15331
1.61581	6.60692
1.63464	7.51611
1.65348	6.72357
1.67230	7.63684
1.69113	7.76551
1.70959	7.75261
1.72843	6.88705
1.74727	6.94315
1.76612	6.93607
1.78496	6.54818
1.80379	6.92613
1.82227	6.47102
1.84111	7.24381
1.85994	6.83470
1.87877	6.68601
1.89759	5.59168
1.91642	6.99327
1.93490	5.92005
1.95373	7.45352
1.97256	6.66609
1.99138	6.66283
2.01020	5.89552
2.02902	6.02522
2.04749	7.42283
2.06632	5.78481
2.08515	7.21886
2.10398	6.86208
2.12281	6.34403
2.14129	5.31670
2.16013	6.60289
2.17897	6.25257
2.19780	5.78419
2.21663	6.02875
2.23547	6.72641
2.25396	6.30562
2.27280	6.59430
2.29164	6.29587
2.31047	7.05299
2.32929	6.09692
2.34814	5.97205
2.36662	6.32403
2.38545	6.20239
2.40432	7.11366
2.42318	7.54203
2.44202	7.14939
2.46085	7.28561
2.47932	8.07458
2.49814	7.85827
2.51696	7.01078
2.53579	6.87402
2.55463	7.99943
2.57311	6.55632
2.59161	6.84509
2.61061	7.50245
2.62956	7.03159
2.64844	6.63265
2.66730	7.39041
2.68581	8.88402
2.70465	7.86882
2.72347	7.50540
2.74235	7.69513
2.76121	8.06594
2.78006	7.65232
2.79858	6.66826
2.81743	6.33125
2.83626	7.21827
2.85511	9.02798
2.87396	8.21516
2.89280	8.31271
2.91179	7.98667
2.93062	8.51553
2.94944	7.38494
2.96826	8.69336
2.98710	8.47067
3.00558	7.92723
3.02441	7.69193
3.04326	8.43894
3.06210	7.92752
3.08093	6.60989
3.09976	7.15650
3.11825	7.32388
3.13708	7.70523
3.15591	7.21978
3.17475	8.17854
3.19360	7.67429
3.21250	8.59519
3.23104	7.18910
3.24991	8.16955
3.26874	7.48368
3.28758	6.99363
3.30641	7.59366
3.32487	7.81399
3.34371	7.65099
3.36254	7.14924
3.38140	6.52909
3.40028	6.11983
3.41913	7.65911
3.43762	6.88971
3.45648	7.00562
3.47532	7.27795
3.49414	6.87240
3.51297	7.11043
3.53180	6.15622
3.55026	7.28273
3.56911	6.99778
3.58794	6.91916
3.60678	6.45379
3.62565	6.69072
3.64450	6.49991
3.66299	7.01951
3.68184	7.17170
3.70067	6.43212
3.71950	7.20803
3.73833	6.78466
3.75685	7.31633
3.77572	6.90257
3.79457	6.97633
3.81342	5.79550
3.83225	7.52051
3.85110	6.00626
3.86960	7.40223
3.88846	6.12032
3.90731	7.14731
3.92615	6.16216
3.94500	6.35575
3.96384	6.02586
3.98231	6.91543
4.00114	7.86885
4.01997	7.19750
4.03880	7.10367
4.05764	6.87789
4.07647	8.48472
4.09495	6.85584
4.11380	6.72957
4.13263	6.72999
4.15146	7.15904
4.17030	6.77753
4.18876	8.19686
4.20759	6.65097
4.22651	6.31065
4.24536	7.13365
4.26420	8.14801
4.28307	7.45622
4.30168	6.34166
4.32056	7.53368
4.33940	7.48462
4.35825	7.55048
4.37708	8.08003
4.39591	6.86957
4.41438	7.59431
4.43321	7.43949
4.45205	8.21017
4.47088	7.63399
4.48972	8.72455
4.50855	7.54042
4.52702	9.36553
4.54586	8.15603
4.56470	8.25974
4.58352	7.23445
4.60235	6.80094
4.62082	8.01274
4.63970	7.15634
4.65856	9.15199
4.67741	7.02437
4.69624	8.50626
4.71509	6.78720
4.73357	8.66606
4.75205	6.74418
4.77061	7.80389
4.78946	8.11743
4.80832	6.66106
4.82718	8.85204
4.84566	7.53770
4.86454	9.22212
4.88339	6.93616
4.90221	8.19117
4.92105	8.34753
4.93988	8.77600
4.95837	6.62273
4.97722	7.76583
4.99606	6.84819
5.01489	7.31039
5.03373	7.11074
5.05222	7.64252
5.07106	7.79181
5.08989	6.93451
5.10873	7.95647
5.12755	6.79402
5.14638	7.97766
5.16485	6.36524
5.18368	7.36890
5.20251	6.21846
5.22143	8.25895
5.24028	5.47903
5.25912	8.04856
5.27761	6.90817
5.29645	6.25541
5.31530	5.63327
5.33412	6.26934
5.35295	7.40288
5.37195	6.86284
5.39079	6.96572
5.40962	6.04496
5.42845	6.26935
5.44729	5.50293
5.46612	5.54110
5.48460	4.90113
5.50343	5.80392
5.52226	6.26492
5.54109	5.89767
5.55992	6.13415
5.57876	5.45540
5.59723	5.03622
5.61606	4.86103
5.63493	5.21446
5.65377	5.89535
5.67261	6.20194
5.69144	5.89263
5.70992	5.26464
5.72876	5.44711
5.74764	5.08792
5.76651	6.97686
5.78535	5.14472
5.80382	5.39445
5.82265	5.23752
5.84149	6.02382
5.86036	5.96088
5.87920	6.13560
5.89804	5.38907
5.91654	6.26376
5.93539	5.38889
5.95422	5.22655
5.97306	6.23082
5.99189	6.56918
6.01072	7.08375
6.02920	6.18762
6.04803	6.59425
6.06686	5.85996
6.08570	6.20646
6.10452	5.46590
6.12335	6.68987
6.14183	5.95550
6.16068	7.26639
6.17951	6.82068
6.19833	6.52892
6.21720	5.62037
6.23577	6.64043
6.25462	6.92864
6.27346	6.72377
6.29229	6.83399
6.31112	6.53421
6.32995	6.61132
6.34846	7.24101
6.36732	8.01564
6.38616	7.85778
6.40500	7.32386
6.42384	8.95411
6.44268	7.61576
6.46116	7.32811
6.48000	6.90245
6.49882	6.92005
6.51765	7.77162
6.53648	8.14692
6.55532	7.57336
6.57379	7.50399
6.59263	8.74790
6.61146	7.13712
6.63029	9.18570
6.64912	7.83974
6.66759	8.96456
6.68642	7.17438
6.70527	8.38552
6.72410	8.60416
6.74258	8.83359
6.76145	8.82154
6.77993	7.97870
6.79878	8.63703
6.81761	7.44214
6.83643	7.72032
6.85526	7.12600
6.87413	8.60438
6.89262	9.02055
6.91147	8.56066
6.93032	7.55695
6.94916	7.96845
6.96799	7.46973
6.98682	8.37465
7.00582	7.58904
7.02466	7.63470
7.04349	7.89598
7.06232	7.28773
7.08115	8.41294
7.09963	8.05132
7.11846	8.69114
7.13729	8.41780
7.15613	8.03478
7.17495	8.43233
7.19378	7.57954
7.21228	8.21339
7.23120	7.44092
7.25006	8.31531
7.26890	7.00485
7.28774	7.95564
7.30658	7.34943
7.32507	6.78086
7.34392	7.74729
7.36275	7.82834
7.38158	8.08852
7.40045	6.57181
7.41895	7.37665
7.43780	7.69931
7.45663	7.40129
7.47547	7.56456
7.49430	7.82324
7.51313	7.58724
7.53161	6.67037
7.55045	7.20909
7.56929	7.10718
7.58813	6.60798
7.60696	6.40606
7.62579	7.15687
7.64426	5.67732
7.66310	7.57652
7.68194	6.60497
7.70077	7.29752
7.71962	7.17104
7.73846	7.77986
7.75709	6.63744
7.77596	8.30331
7.79481	7.44698
7.81365	7.37509
7.83248	7.43918
7.85097	6.43020
7.86984	6.48313
7.88870	7.66712
7.90754	6.86880
7.92638	6.51091
7.94523	6.98194
7.96371	6.14751
7.98256	6.72518
8.00142	6.16583
8.02027	6.96932
8.03911	7.32558
8.05794	6.71591
8.07642	6.92603
8.09525	6.59442
8.11408	6.92439
8.13292	5.89814
8.15177	7.15794
8.17060	5.21452
8.18908	5.87181
8.20792	5.54800
8.22684	7.21272
8.24571	6.29687
8.26455	7.08608
8.28306	6.83387
8.30193	6.69599
8.32077	6.15020
8.33961	6.23259
8.35843	6.14696
8.37727	5.92336
8.39575	6.33415
8.41459	6.46283
8.43343	6.40463
8.45225	6.30846
8.47109	7.38354
8.48993	6.16558
8.50840	7.10984
8.52723	5.21948
8.54605	7.26959
8.56489	6.64946
8.58373	5.67557
8.60256	6.15520
8.62156	6.60985
8.64040	5.92151
8.65922	7.88864
8.67804	6.50768
8.69687	8.27388
8.71534	7.36797
8.73417	6.50125
8.75305	7.21825
8.77196	6.54857
8.79070	6.99263
8.80938	6.23926
8.82822	6.61749
8.84690	6.84280
8.86560	7.20161
8.88442	6.50726
8.90333	6.72551
8.92223	7.00376
8.94079	6.22023
8.95969	5.49923
8.97858	6.29347
8.99743	7.37947
9.01627	7.26947
9.03474	7.64687
9.05358	6.80832
9.07243	7.58474
9.09126	7.73240
9.11009	7.71132
9.12892	6.79133
9.14740	7.76500
9.16625	7.82398
9.18508	7.11702
9.20391	8.16949
9.22285	7.81806
9.24172	7.88551
9.26021	7.55573
9.27905	8.70316
9.29789	7.91884
9.31673	7.78536
9.33556	7.90741
9.35438	9.07464
9.37286	8.46441
9.39170	8.38099
9.41053	8.20301
9.42936	9.16324
9.44819	8.22661
9.46665	7.60876
9.48548	8.41956
9.50432	7.42712
9.52314	9.66328
9.54197	8.61325
9.56079	9.82323
9.57926	9.14496
9.59809	8.58452
9.61692	8.24762
9.63575	8.53059
9.65458	8.23242
9.67342	8.98016
9.69190	9.12687
9.71073	9.19015
9.72956	9.19731
9.74850	9.28781
9.76736	7.92335
9.78620	8.79734
9.80523	9.61969
9.82408	8.93063
9.84292	9.40458
9.86179	7.87953
9.88065	9.43687
9.89912	7.11161
9.91796	9.11547
9.93679	8.19991
9.95562	8.27115
9.97448	8.20984
9.99332	8.68043
