Time (s)   roll (deg)
0.00027	1.65082
0.01883	1.81077
0.03794	1.14442
0.05691	1.46876
0.07578	2.23504
0.09464	1.05625
0.11351	1.37417
0.13204	2.11072
0.15088	2.03696
0.16971	1.86822
0.18865	3.11362
0.20757	1.52176
0.22609	2.40463
0.24494	1.48887
0.26378	2.56222
0.28261	2.49338
0.30145	2.90218
0.32028	1.66376
0.33877	1.70115
0.35762	1.33470
0.37650	2.30890
0.39534	2.36204
0.41416	2.10716
0.43300	3.22786
0.45149	2.88221
0.47033	1.92228
0.48916	3.02993
0.50799	1.81953
0.52682	2.81113
0.54566	2.21713
0.56414	2.96610
0.58297	2.97084
0.60180	1.29631
0.62063	2.10283
0.63946	1.46995
0.65766	2.90596
0.67653	2.11319
0.69537	3.67677
0.71421	2.57673
0.73305	2.06187
0.75188	2.08123
0.77038	2.41203
0.78921	1.56109
0.80805	1.48195
0.82688	1.91241
0.84571	2.41978
0.86457	2.23467
0.88305	2.99922
0.90188	2.54807
0.92071	2.08123
0.93954	1.99634
0.95836	2.93433
0.97720	0.78527
0.99580	3.07529
1.01467	2.76920
1.03350	2.70409
1.05235	2.86300
1.07119	1.16766
1.08967	2.51413
1.10851	2.10662
1.12737	1.97052
1.14620	3.01999
1.16506	2.12353
1.18400	2.54702
1.20255	1.63627
1.22143	3.35583
1.24027	1.41822
1.25911	2.38656
1.27795	2.23067
1.29685	2.40814
1.31540	2.28449
1.33427	2.63235
1.35312	1.34351
1.37196	1.52684
1.39080	2.34014
1.40965	1.82160
1.42815	1.36458
1.44701	2.29717
1.46583	2.00541
1.48467	1.93597
1.50351	1.19257
1.52198	2.00282
1.54082	1.10851
1.55965	1.47673
1.57848	0.76417
1.59731	0.76225
1.61614	2.00560
1.63462	1.12039
1.65310	1.05553
1.67202	2.88463
1.69087	1.84148
1.70971	0.84783
1.72855	0.96783
1.74703	0.89307
1.76586	0.09635
1.78469	0.54614
1.80353	1.18318
1.82236	-0.28155
1.84121	0.82989
1.86022	-0.04373
1.87905	1.31580
1.89787	-0.12728
1.91670	0.05508
1.93553	-0.93361
1.95401	1.09006
1.97284	0.78577
1.99166	-0.31124
2.01049	-0.41811
2.02932	0.97644
2.04816	0.07809
2.06664	0.87176
2.08548	0.85424
2.10430	0.76359
2.12314	1.07160
2.14197	-1.16520
2.16081	-1.04810
2.17931	0.12147
2.19815	0.50255
2.21698	0.74110
2.23581	-0.15129
2.25464	0.63444
2.27312	0.69704
2.29196	0.36990
2.31078	1.08542
2.32963	0.76266
2.34846	0.49567
2.36731	1.93505
2.38578	1.79874
2.40462	0.10503
2.42345	0.71961
2.44227	-0.78943
2.46111	0.54465
2.47994	0.54115
2.49842	1.04333
2.51725	0.85239
2.53607	1.11644
2.55490	1.52531
2.57373	0.67576
2.59257	1.44757
2.61104	1.44869
2.62988	1.67247
2.64877	1.98042
2.66762	2.74782
2.68648	1.21195
2.70496	2.22986
2.72380	2.44051
2.74262	2.50279
2.76145	1.63928
2.78028	2.74946
2.79911	2.23673
2.81759	3.70983
2.83643	2.65867
2.85527	2.96333
2.87413	3.50407
2.89297	3.13749
2.91180	3.79843
2.93027	1.96804
2.94911	3.21215
2.96794	4.07083
2.98678	3.80758
3.00563	3.38835
3.02447	2.38509
3.04294	3.97371
3.06178	3.36462
3.08061	4.56848
3.09943	3.84883
3.11826	4.63960
3.13675	3.52591
3.15557	4.20737
3.17441	4.05568
3.19324	4.33859
3.21207	4.08366
3.23090	4.03086
3.24939	4.51503
3.26822	4.95076
3.28705	5.21094
3.30588	5.17306
3.32471	3.61840
3.34354	5.51795
3.36203	3.19421
3.38086	4.35239
3.39973	3.56487
3.41858	5.26092
3.43742	4.63379
3.45643	4.47298
3.47526	4.55665
3.49410	4.03698
3.51293	3.93272
3.53176	3.92733
3.55059	3.86596
3.56907	4.27709
3.58790	3.68708
3.60674	3.79612
3.62556	3.14221
3.64439	4.31039
3.66286	3.17398
3.68190	4.05986
3.70074	3.94631
3.71957	2.84174
3.73841	3.72486
3.75724	3.35075
3.77607	4.13211
3.79456	2.32220
3.81340	3.55170
3.83223	2.55940
3.85106	3.67229
3.86989	2.07132
3.88838	2.19633
3.90720	3.25577
3.92604	1.70433
3.94488	2.23661
3.96371	2.56434
3.98254	1.87531
4.00101	1.92636
4.01984	1.57242
4.03867	1.83678
4.05750	1.00594
4.07633	2.07129
4.09516	1.07773
4.11363	1.93188
4.13247	1.09794
4.15131	1.84450
4.17013	0.85188
4.18897	1.22814
4.20780	1.35153
4.22637	0.87496
4.24532	1.36096
4.26418	0.49624
4.28303	0.28741
4.30187	0.67302
4.32039	0.98001
4.33919	2.42253
4.35787	-0.30383
4.37654	1.53346
4.39522	-0.91820
4.41391	1.19479
4.43273	-0.22120
4.45158	0.25461
4.47048	0.31785
4.48938	-0.14865
4.50829	0.17123
4.52717	0.15313
4.54570	-0.24204
4.56453	-0.27366
4.58336	1.30590
4.60218	1.07447
4.62100	0.24034
4.63984	1.01436
4.65891	-0.24114
4.67777	0.71940
4.69660	-0.10013
4.71543	1.20672
4.73426	-0.11132
4.75274	0.76286
4.77158	-0.46796
4.79040	0.93576
4.80923	0.28800
4.82806	0.54680
4.84689	0.54299
4.86538	0.62910
4.88421	0.23231
4.90304	0.51996
4.92187	0.85283
4.94071	1.63051
4.95953	-0.06238
4.97801	1.10893
4.99684	-0.41849
5.01566	2.78259
5.03449	0.99294
5.05332	1.14684
5.07179	2.37185
5.09062	1.96762
5.10945	2.31538
5.12828	1.61084
5.14713	1.34138
5.16596	1.28100
5.18448	2.45539
5.20333	1.23987
5.22216	1.93551
5.24100	3.44769
5.25984	0.82645
5.27867	1.75625
5.29718	2.43708
5.31604	2.41506
5.33487	3.32292
5.35371	2.53234
5.37256	1.60679
5.39139	2.27409
5.40988	2.69710
5.42871	2.14362
5.44754	2.29100
5.46637	2.92886
5.48520	2.55836
5.50369	3.35889
5.52252	1.89953
5.54135	2.81612
5.56018	2.74347
5.57900	3.11358
5.59783	2.68182
5.61629	3.41633
5.63512	3.41076
5.65400	2.96445
5.67291	3.06927
5.69177	2.83843
5.71060	2.76961
5.72908	3.89282
5.74792	5.24839
5.76675	3.28740
5.78558	2.92039
5.80441	4.24867
5.82324	3.82748
5.84174	2.76196
5.86058	3.14575
5.87942	3.07571
5.89825	3.15288
5.91709	4.68846
5.93558	4.20190
5.95441	2.58533
5.97324	3.61480
5.99207	3.45512
6.01089	2.88558
6.02973	3.12524
6.04822	3.95119
6.06705	3.87868
6.08588	3.41296
6.10471	3.94420
6.12354	2.70161
6.14237	3.18280
6.16085	1.97633
6.17970	1.90486
6.19853	3.87907
6.21736	2.91231
6.23619	3.31091
6.25520	4.11532
6.27404	3.67100
6.29288	3.22971
6.31170	3.15400
6.33052	2.78031
6.34935	2.69860
6.36783	2.64068
6.38666	2.18333
6.40549	2.91777
6.42431	2.90984
6.44314	1.92972
6.46196	1.39463
6.48044	2.14583
6.49927	2.84892
6.51810	1.68932
6.53693	2.68949
6.55575	0.88763
6.57458	3.92590
6.59305	0.32655
6.61187	2.01116
6.63070	2.14565
6.64957	2.13075
6.66844	1.58172
6.68693	1.72615
6.70576	2.30592
6.72460	1.66692
6.74342	0.52905
6.76226	1.19188
6.78111	1.00025
6.79958	1.48973
6.81841	0.65365
6.83725	2.86706
6.85608	1.24425
6.87491	1.65757
6.89374	0.46880
6.91222	1.79590
6.93109	1.49846
6.95004	1.17140
6.96895	0.58790
6.98784	1.46383
7.00669	2.40943
7.02526	1.73196
7.04413	1.47341
7.06303	1.75130
7.08202	1.69920
7.10090	1.67729
7.11975	0.19854
7.13880	2.20819
7.15766	0.99310
7.17650	2.24737
7.19534	1.32481
7.21416	1.40630
7.23266	2.01264
7.25150	2.59013
7.27034	1.86440
7.28916	1.38244
7.30799	1.92713
7.32681	1.26235
7.34529	0.98276
7.36413	1.90934
7.38295	1.71751
7.40178	2.66054
7.42060	2.45091
7.43943	1.70270
7.45790	1.75835
7.47673	0.84969
7.49555	2.39564
7.51437	1.79289
7.53319	2.61417
7.55166	2.80626
7.57049	2.48918
7.58930	1.61845
7.60812	2.35495
7.62694	2.11593
7.64577	1.92636
7.66459	1.25804
7.68357	1.98646
7.70243	2.65318
7.72128	2.47478
7.74012	2.60070
7.75902	2.53591
7.77759	2.72403
7.79643	2.16641
7.81526	2.00062
7.83411	3.03171
7.85295	2.34470
7.87178	3.78439
7.89026	3.32807
7.90911	3.02812
7.92793	1.41119
7.94678	2.56215
7.96561	2.56547
7.98411	2.78259
8.00293	3.01078
8.02176	2.21554
8.04059	2.71221
8.05942	2.77141
8.07825	2.32357
8.09675	2.84195
8.11558	2.68633
8.13441	3.55382
8.15324	2.65100
8.17208	3.21557
8.19091	3.64668
8.20942	2.24853
8.22826	3.40837
8.24709	3.12443
8.26593	2.44289
8.28476	3.12795
8.30359	4.15024
8.32208	2.33042
8.34091	2.71756
8.35974	2.90259
8.37856	3.97651
8.39739	3.29630
8.41587	3.21613
8.43470	3.56611
8.45353	3.97087
8.47237	4.26357
8.49121	5.11189
8.51004	3.06707
8.52857	4.29652
8.54739	2.59705
8.56622	3.79457
8.58505	2.93037
8.60387	3.94420
8.62269	3.83158
8.64117	3.88263
8.66007	3.04927
8.67892	2.70359
8.69776	3.46741
8.71660	3.08959
8.73542	2.72420
8.75442	2.95510
8.77325	3.38998
8.79208	4.18821
8.81090	1.68983
8.82974	2.73118
8.84822	3.04343
8.86705	3.12415
8.88588	2.26283
8.90470	3.42938
8.92353	2.31844
8.94293	3.12704
8.96164	2.57659
8.98051	2.10085
8.99934	2.68918
9.01818	2.55620
9.03702	3.05329
9.05586	1.81948
9.07435	1.39721
9.09317	2.47888
9.11166	1.33356
9.13051	3.30487
9.14935	1.78839
9.16818	2.35919
9.18670	1.79590
9.20555	3.17024
9.22438	2.37314
9.24321	2.08847
9.26210	1.86308
9.28060	2.37147
9.29943	2.66944
9.31831	1.64176
9.33715	2.84195
9.35599	2.90003
9.37488	2.95126
9.39344	2.32727
9.41236	1.84367
9.43126	2.83475
9.45017	1.37381
9.46905	2.38529
9.48787	1.31221
9.50633	1.71824
9.52516	1.56304
9.54399	1.94369
9.56281	2.37439
9.58167	3.17774
9.60052	2.47481
9.61901	1.26633
9.63783	2.36371
9.65667	2.42253
9.67553	3.35255
9.69438	2.36308
9.71286	2.45992
9.73170	2.98810
9.75052	2.01010
9.76934	1.77911
9.78817	2.80896
9.80700	1.26018
9.82552	2.70330
9.84437	2.13574
9.86321	3.48972
9.88215	2.03870
9.90098	2.90176
9.91981	1.28775
9.93832	3.77106
9.95718	3.18238
9.97602	3.57817
9.99485	3.29105
