Time (s)   roll (deg)
0.00028	2.57215
0.01933	3.30908
0.03818	0.93761
0.05718	3.42318
0.07605	2.60927
0.09491	1.65614
0.11378	2.12534
0.13229	3.80682
0.15113	2.34560
0.16996	2.30807
0.18880	2.40856
0.20763	2.04700
0.22646	3.54993
0.24495	1.83148
0.26378	2.39123
0.28262	2.23228
0.30145	2.36876
0.32028	3.59155
0.33910	1.73391
0.35758	2.84436
0.37642	1.51317
0.39525	2.23352
0.41408	1.94809
0.43291	1.85523
0.45138	1.17688
0.47023	1.93770
0.48906	3.00995
0.50789	1.24044
0.52672	1.11906
0.54554	2.30024
0.56402	2.07535
0.58285	1.86743
0.60168	2.54509
0.62052	1.78348
0.63936	1.96479
0.65822	1.66656
0.67670	0.53623
0.69553	2.34710
0.71435	0.67245
0.73318	2.35184
0.75201	1.33837
0.77084	1.77723
0.78931	1.82757
0.80814	0.82874
0.82669	1.38112
0.84562	1.18132
0.86450	1.51264
0.88302	1.81705
0.90185	0.84928
0.92068	1.89306
0.93952	0.76289
0.95836	1.37550
0.97720	1.60646
0.99569	2.79422
1.01452	0.65223
1.03334	1.73744
1.05217	0.91980
1.07100	1.29073
1.08984	1.21912
1.10835	1.19207
1.12718	0.94058
1.14600	0.99031
1.16488	1.38897
1.18375	1.85075
1.20260	3.03437
1.22163	1.73648
1.24046	1.12487
1.25931	2.62455
1.27815	1.52624
1.29699	2.22701
1.31548	0.80670
1.33432	1.56610
1.35314	2.39759
1.37198	1.75647
1.39081	1.02270
1.40963	1.47963
1.42811	0.96053
1.44694	1.56085
1.46578	1.70433
1.48461	1.72761
1.50343	2.13202
1.52227	2.01911
1.54074	1.25746
1.55958	1.75408
1.57841	0.98942
1.59725	1.02968
1.61609	1.95812
1.63456	1.33998
1.65340	1.88335
1.67223	1.86606
1.69106	0.50036
1.70988	1.37045
1.72873	1.60883
1.74720	2.29364
1.76604	0.19242
1.78487	2.55799
1.80369	0.80774
1.82251	2.40582
1.84134	0.35178
1.85982	0.89740
1.87865	0.11080
1.89747	1.92727
1.91630	1.44733
1.93513	1.54534
1.95396	1.81275
1.97242	2.22313
1.99125	2.30472
2.01009	2.06747
2.02893	1.13353
2.04775	1.52408
2.06623	0.87251
2.08507	2.22896
2.10389	-0.25914
2.12272	0.82965
2.14154	1.26175
2.16038	2.21805
2.17892	0.85011
2.19780	1.86313
2.21664	2.49056
2.23547	1.07101
2.25432	0.56774
2.27316	1.67446
2.29165	0.78517
2.31047	1.38835
2.32930	0.63266
2.34812	1.98985
2.36695	-0.44540
2.38579	2.18504
2.40429	0.95731
2.42312	1.44354
2.44195	0.13710
2.46078	1.09422
2.47961	2.05875
2.49808	2.28749
2.51691	0.84871
2.53573	1.65366
2.55455	0.63332
2.57337	1.00523
2.59222	0.44630
2.61068	2.69461
2.62951	-0.89980
2.64833	-0.17717
2.66717	-1.18071
2.68599	0.85252
2.70483	-0.77260
2.72331	0.65164
2.74215	0.89330
2.76097	0.85406
2.77980	0.56981
2.79864	0.96309
2.81765	0.26146
2.83647	0.19881
2.85529	-0.47954
2.87412	-0.34484
2.89294	0.18567
2.91176	-0.10933
2.93022	-0.07798
2.94906	1.05764
2.96788	-0.04823
2.98671	-0.22233
3.00554	1.25686
3.02437	0.33856
3.04284	0.10427
3.06167	-0.05823
3.08051	0.30323
3.09933	0.96792
3.11816	0.36607
3.13699	0.05741
3.15545	0.52554
3.17432	1.49758
3.19317	0.86975
3.21200	1.57174
3.23083	1.14988
3.24930	0.04487
3.26814	0.36633
3.28701	0.04947
3.30587	0.25267
3.32474	-0.34324
3.34358	1.43030
3.36208	1.46148
3.38091	1.21443
3.39977	1.29002
3.41864	0.22168
3.43747	0.15491
3.45630	0.03731
3.47480	1.78596
3.49363	-0.21301
3.51246	0.80906
3.53129	0.32781
3.55012	-0.49088
3.56894	0.54299
3.58741	0.30653
3.60625	-0.36923
3.62509	0.27257
3.64397	-0.90850
3.66284	-1.01522
3.68134	0.43737
3.70020	-0.78613
3.71903	-0.49823
3.73786	0.55848
3.75669	-0.50567
3.77553	-0.51519
3.79400	0.91938
3.81285	-0.69670
3.83169	0.94042
3.85052	-1.31933
3.86936	1.43568
3.88821	0.29470
3.90668	1.15963
3.92552	0.08072
3.94434	-0.03193
3.96317	0.32465
3.98199	1.26997
4.00083	0.49729
4.01929	2.09289
4.03812	0.03694
4.05694	1.15230
4.07577	0.67640
4.09459	1.91161
4.11306	0.19772
4.13189	0.80721
4.15072	1.25151
4.16956	2.12547
4.18839	2.67973
4.20722	1.74538
4.22570	1.70691
4.24453	2.07017
4.26336	2.37452
4.28220	1.05345
4.30104	2.23261
4.31987	1.19082
4.33835	2.21769
4.35719	2.89526
4.37602	3.44841
4.39485	2.10662
4.41367	2.49265
4.43266	3.05572
4.45148	3.61128
4.47043	2.14601
4.48933	3.37480
4.50821	2.39194
4.52705	4.02932
4.54555	2.65311
4.56439	3.60914
4.58322	2.65099
4.60206	3.18489
4.62089	2.08541
4.63973	3.25285
4.65822	2.57045
4.67707	2.79607
4.69590	2.79887
4.71473	2.63505
4.73357	2.61656
4.75241	3.17348
4.77088	3.59793
4.78971	4.28113
4.80854	3.33883
4.82737	2.64874
4.84621	2.79031
4.86469	1.94987
4.88352	3.32362
4.90234	2.68599
4.92116	1.19719
4.93999	1.44227
4.95882	1.89469
4.97732	1.77618
4.99616	1.23557
5.01499	1.25990
5.03382	0.51673
5.05265	1.23194
5.07147	0.36003
5.08994	0.97046
5.10878	0.89325
5.12762	0.74110
5.14645	-0.37025
5.16529	0.20459
5.18413	0.07589
5.20262	-1.62349
5.22146	-0.37006
5.24029	0.67460
5.25911	-0.56382
5.27794	0.51427
5.29642	-1.28131
5.31525	-0.33465
5.33409	-0.82298
5.35291	0.87107
5.37174	-0.31941
5.39057	-1.28998
5.40905	-0.84222
5.42788	-1.35036
5.44671	-2.33037
5.46554	-0.89997
5.48436	-0.88467
5.50319	0.74110
5.52166	-1.66763
5.54049	-1.23458
5.55931	-2.47840
5.57814	-1.20756
5.59697	-1.35805
5.61580	-0.67333
5.63427	-1.35793
5.65311	-0.89424
5.67195	-1.07078
5.69078	-2.27397
5.70962	-1.54683
5.72810	-1.25783
5.74693	-1.49240
5.76577	-1.00397
5.78460	-1.54597
5.80343	-0.42935
5.82227	-1.76986
5.84075	-0.31371
5.85957	-1.12708
5.87840	-1.10511
5.89723	-0.35534
5.91605	-0.75764
5.93487	-0.37564
5.95335	-0.27798
5.97220	0.13941
5.99103	0.34896
6.00985	0.49577
6.02868	0.98092
6.04767	-1.56890
6.06650	1.94643
6.08533	0.18678
6.10416	1.62727
6.12298	0.80769
6.14182	1.06590
6.16029	1.78668
6.17912	2.68065
6.19796	0.44368
6.21679	1.16484
6.23562	1.54803
6.25444	2.46163
6.27293	1.48744
6.29175	2.92062
6.31058	1.86229
6.32940	2.66498
6.34822	1.65410
6.36704	2.60630
6.38552	1.82578
6.40435	2.83715
6.42317	2.50151
6.44200	2.83366
6.46082	2.75142
6.47929	2.15524
6.49812	2.17864
6.51694	2.81269
6.53576	1.48820
6.55458	2.75988
6.57340	2.61459
6.59188	2.90012
6.61071	2.73476
6.62953	2.98245
6.64836	2.94369
6.66719	2.71291
6.68603	2.81325
6.70452	2.66891
6.72335	2.61644
6.74218	3.57413
6.76100	2.05776
6.77983	3.00836
6.79866	2.39671
6.81713	3.04601
6.83595	0.85647
6.85478	2.84318
6.87360	0.95928
6.89243	2.97773
6.91090	2.00477
6.92973	2.00575
6.94855	2.50613
6.96737	1.77618
6.98621	1.65189
7.00505	2.61754
7.02353	1.76490
7.04236	2.20365
7.06119	1.39588
7.08001	2.98815
7.09884	1.31403
7.11769	2.65098
7.13617	1.44447
7.15502	2.18192
7.17390	1.09099
7.19276	1.87149
7.21159	1.92621
7.23042	0.99755
7.24891	2.25357
7.26774	1.28806
7.28658	1.90937
7.30544	2.15825
7.32428	1.42878
7.34277	1.11414
7.36160	0.21284
7.38042	1.60915
7.39925	0.31935
7.41810	1.99352
7.43693	0.14999
7.45541	1.63163
7.47424	0.12595
7.49308	0.42178
7.51191	1.01923
7.53074	0.74110
7.54958	0.92943
7.56806	-0.25094
7.58689	0.71994
7.60572	1.12807
7.62456	1.23799
7.64363	0.07993
7.66267	1.00282
7.68152	1.39139
7.70036	0.30256
7.71919	1.80612
7.73803	-0.18401
7.75685	1.97961
7.77533	0.32560
7.79417	0.10576
7.81300	0.95887
7.83184	-0.21679
7.85066	1.04333
7.86949	-0.47157
7.88796	0.38035
7.90680	0.18349
7.92562	-0.23330
7.94444	0.76428
7.96327	-0.63819
7.98211	0.17203
8.00058	0.01718
8.01942	1.12217
8.03826	-0.00005
8.05709	0.36561
8.07591	-0.20133
8.09438	0.03186
8.11322	-0.16373
8.13204	-0.18366
8.15087	-1.39437
8.16973	0.07464
8.18861	-0.24365
8.20715	-0.47225
8.22599	-1.44554
8.24482	0.16506
8.26365	-0.64391
8.28247	0.16129
8.30131	-0.95040
8.31978	1.13867
8.33862	-0.57686
8.35744	-0.28937
8.37627	-0.08663
8.39510	-0.21163
8.41393	-0.40153
8.43239	0.22103
8.45123	-0.25699
8.47005	0.47094
8.48888	-1.26569
8.50771	-1.48160
8.52619	-0.25506
8.54502	-0.23136
8.56384	-1.07937
8.58267	-0.61929
8.60150	1.20890
8.62033	0.12731
8.63881	-0.52325
8.65766	0.10230
8.67650	0.97306
8.69533	-0.57063
8.71417	0.33262
8.73301	-0.68654
8.75148	1.10045
8.77031	-0.53442
8.78912	-0.41372
8.80795	0.32937
8.82678	1.22527
8.84561	0.52546
8.86408	0.11858
8.88291	0.30473
8.90174	1.57544
8.92058	-0.21266
8.93940	2.03142
8.95788	0.96155
8.97672	1.10893
8.99554	-0.92012
9.01437	1.58745
9.03321	0.97884
9.05204	0.78429
9.07050	1.50142
9.08933	0.87068
9.10817	1.22037
9.12700	0.85002
9.14583	0.20322
9.16466	0.67440
9.18313	1.47647
9.20197	1.13353
9.22080	0.91341
9.23962	0.67636
9.25845	0.80806
9.27744	1.38605
9.29626	0.28151
9.31509	1.35480
9.33392	-0.04283
9.35274	0.86894
9.37157	-0.48476
9.39005	0.56247
9.40888	1.44219
9.42771	0.13298
9.44653	0.34926
9.46535	0.16461
9.48418	-1.02508
9.50265	0.44268
9.52149	-0.22083
9.54031	1.53363
9.55915	0.33087
9.57798	0.41469
9.59681	-0.39288
9.61528	0.26418
9.63412	0.26907
9.65295	-0.08231
9.67178	0.98633
9.69063	-0.31186
9.70911	1.31084
9.72795	-1.26616
9.74677	-0.16408
9.76560	-0.05833
9.78447	0.58369
9.80333	-0.00296
9.82182	0.02661
9.84066	0.18276
9.85949	-1.16373
9.87832	1.35153
9.89715	0.83034
9.91600	0.48184
9.93448	0.22775
9.95331	0.04240
9.97214	0.87246
9.99096	-0.15476
