Time (s)   roll (deg)
0.00027	0.67374
0.01951	0.08489
0.03919	0.29498
0.05822	0.52505
0.07710	-0.21679
0.09597	1.32803
0.11483	-0.25286
0.13338	0.87586
0.15222	0.54940
0.17105	1.94415
0.18990	1.52621
0.20873	0.88898
0.22756	0.63238
0.24605	1.84027
0.26488	1.01136
0.28371	1.42055
0.30254	1.27796
0.32138	0.39027
0.34021	1.42342
0.35867	1.71362
0.37750	1.31625
0.39633	2.42975
0.41515	2.51613
0.43397	2.68558
0.45244	1.80365
0.47127	2.77860
0.49009	0.60958
0.50892	2.88427
0.52775	2.09645
0.54656	0.78512
0.56503	2.41112
0.58385	1.73444
0.60267	2.08355
0.62150	2.86137
0.64033	3.33385
0.65916	2.93681
0.67764	2.49699
0.69648	3.04911
0.71518	1.81540
0.73385	2.87701
0.75253	2.95486
0.77119	3.31421
0.79001	2.54168
0.80882	3.80446
0.82771	3.25546
0.84660	3.30325
0.86550	2.06977
0.88405	2.43744
0.90293	3.29086
0.92176	1.64767
0.94059	2.35432
0.95940	3.63694
0.97823	2.03014
0.99671	2.88040
1.01553	1.13775
1.03436	2.59845
1.05319	1.75727
1.07201	1.86737
1.09084	2.20183
1.10933	1.74085
1.12817	1.35210
1.14703	3.32235
1.16594	1.94386
1.18485	1.87104
1.20392	2.08769
1.22276	1.43793
1.24159	1.26794
1.26043	0.53919
1.27929	0.89703
1.29814	1.66266
1.31664	0.63040
1.33548	1.90844
1.35432	0.63044
1.37316	1.67993
1.39199	1.05665
1.41082	1.29735
1.42931	0.96918
1.44815	0.71952
1.46697	0.94435
1.48580	0.93012
1.50464	0.89518
1.52347	0.94143
1.54195	0.45385
1.56078	0.43920
1.57960	0.13303
1.59842	1.73495
1.61726	0.85424
1.63593	1.40652
1.65479	-0.22954
1.67362	-0.18958
1.69245	0.80813
1.71128	1.27856
1.73010	1.39834
1.74858	-0.63165
1.76741	1.07879
1.78624	0.27815
1.80507	0.65278
1.82390	1.26713
1.84274	0.47256
1.86121	0.47492
1.88004	0.95649
1.89886	1.61711
1.91769	0.47827
1.93652	1.33018
1.95534	0.76363
1.97381	2.16607
1.99264	1.32951
2.01147	0.96738
2.03030	1.39241
2.04913	1.23950
2.06759	2.88280
2.08642	1.70755
2.10526	0.54621
2.12410	2.33921
2.14294	0.65355
2.16176	2.54780
2.18024	1.84919
2.19907	1.52469
2.21791	1.50008
2.23674	1.77632
2.25558	2.41605
2.27440	1.52439
2.29288	2.93306
2.31171	1.46425
2.33053	2.56664
2.34937	0.56120
2.36820	1.69413
2.38702	1.66514
2.40548	2.03797
2.42432	1.65337
2.44314	1.34899
2.46196	2.53597
2.48078	0.84892
2.49925	1.34045
2.51808	2.13021
2.53690	1.92727
2.55573	1.31896
2.57455	0.24102
2.59337	1.76599
2.61184	0.67305
2.63067	0.89518
2.64950	0.65251
2.66834	1.49297
2.68716	1.48636
2.70599	0.43737
2.72449	1.12884
2.74332	0.69784
2.76215	0.71907
2.78097	0.30819
2.79980	0.31453
2.81880	1.58023
2.83763	0.71896
2.85646	1.84620
2.87528	0.27922
2.89410	1.46716
2.91293	-0.17040
2.93142	0.08681
2.95025	-0.01933
2.96907	1.15298
2.98789	0.65583
3.00672	-0.99256
3.02555	0.63262
3.04402	0.87496
3.06284	0.39891
3.08168	0.17270
3.10050	0.07188
3.11934	1.40252
3.13817	0.91591
3.15665	0.87628
3.17547	0.32111
3.19431	1.57208
3.21314	0.14035
3.23196	0.65227
3.25044	0.44011
3.26926	-0.12159
3.28810	0.76274
3.30693	-0.15653
3.32576	0.69719
3.34459	0.41831
3.36307	-0.00186
3.38193	0.13664
3.40078	0.28396
3.41961	0.48970
3.43843	0.56480
3.45726	-0.08391
3.47572	0.85031
3.49455	0.87639
3.51338	0.18192
3.53221	0.74110
3.55105	0.29365
3.56990	0.99451
3.58838	0.39267
3.60721	-0.78285
3.62571	1.06166
3.64467	1.29090
3.66355	0.30688
3.68208	0.51164
3.70092	1.33814
3.71976	1.18959
3.73858	0.30407
3.75745	1.07537
3.77632	0.07113
3.79479	0.89844
3.81363	0.76301
3.83245	0.09685
3.85127	1.11257
3.87010	-0.67805
3.88892	-0.57079
3.90738	-0.34506
3.92622	0.84732
3.94504	0.56035
3.96386	-0.25360
3.98267	0.93859
4.00149	0.49944
4.01997	0.18686
4.03879	-0.69155
4.05762	1.37793
4.07644	0.45462
4.09527	0.43175
4.11374	0.87393
4.13256	1.35316
4.15120	0.76282
4.17016	0.35335
4.18905	0.63262
4.20791	1.39638
4.22642	-0.26199
4.24525	1.27928
4.26408	-0.02690
4.28290	1.90978
4.30173	-0.46731
4.32056	0.63117
4.33903	0.22894
4.35786	1.67700
4.37668	-0.20511
4.39549	0.83083
4.41431	0.93466
4.43315	1.08666
4.45161	0.74110
4.47043	0.80759
4.48925	0.80670
4.50807	0.67278
4.52688	0.38564
4.54535	1.35787
4.56417	0.82854
4.58298	1.79228
4.60180	0.14429
4.62064	0.94027
4.63945	0.67408
4.65792	0.43966
4.67675	0.33139
4.69558	0.91361
4.71441	0.80601
4.73324	0.91862
4.75205	0.48135
4.77052	1.56020
4.78935	0.20302
4.80817	1.19806
4.82699	-0.37477
4.84582	2.40265
4.86481	0.32671
4.88363	2.45988
4.90245	0.51781
4.92127	2.67572
4.94010	0.84965
4.95892	2.08613
4.97739	1.52408
4.99620	1.20521
5.01502	2.57072
5.03385	1.70189
5.05267	0.65119
5.07148	2.45902
5.08999	1.00242
5.10885	2.23679
5.12768	1.91385
5.14651	2.43364
5.16536	0.04847
5.18418	2.32979
5.20265	1.89997
5.22148	1.74926
5.24032	0.76295
5.25914	2.04354
5.27797	2.04354
5.29647	1.55618
5.31530	2.21267
5.33413	2.95903
5.35296	1.84877
5.37180	2.63121
5.39062	1.36289
5.40911	2.47049
5.42793	2.86554
5.44675	2.07535
5.46557	2.30984
5.48438	2.68874
5.50320	0.36166
5.52167	0.87024
5.54049	2.59380
5.55931	1.12098
5.57816	1.33929
5.59701	1.49524
5.61584	1.31937
5.63433	2.61327
5.65317	1.23911
5.67201	1.63262
5.69084	-0.49547
5.70968	1.44604
5.72817	1.46460
5.74700	1.20673
5.76582	0.15807
5.78464	2.14808
5.80348	0.58479
5.82232	1.25000
5.84081	1.40200
5.85963	1.10158
5.87845	1.07292
5.89727	1.86484
5.91610	0.86847
5.93493	1.10934
5.95340	1.21091
5.97223	0.76218
5.99105	0.67473
6.00989	0.71947
6.02872	0.03434
6.04754	1.00352
6.06600	1.16817
6.08484	-0.00881
6.10367	0.55716
6.12249	0.39438
6.14131	1.07694
6.15978	0.34656
6.17860	0.48707
6.19742	1.02517
6.21625	0.65199
6.23507	0.62984
6.25390	0.16304
6.27237	1.45780
6.29118	-0.28929
6.31001	0.23049
6.32885	0.40591
6.34767	0.09249
6.36648	0.45105
6.38496	0.36604
6.40379	0.85278
6.42260	1.40166
6.44143	1.54705
6.46024	0.11411
6.47923	0.14809
6.49805	0.78514
6.51687	0.28292
6.53569	1.18233
6.55451	-0.60208
6.57334	-0.75856
6.59182	0.24328
6.61064	1.10562
6.62947	0.49841
6.64832	0.18443
6.66714	0.10827
6.68597	-0.59513
6.70444	0.82952
6.72327	-0.06247
6.74210	0.56364
6.76092	-0.10048
6.77974	0.91598
6.79855	0.61368
6.81702	0.22472
6.83584	1.09541
6.85466	0.71820
6.87349	0.71940
6.89231	1.27802
6.91077	0.01560
6.92959	1.18706
6.94841	-0.03015
6.96723	1.17359
6.98605	1.04006
7.00488	1.59521
7.02335	-0.20141
7.04217	1.29670
7.06099	1.24852
7.07981	0.67486
7.09863	0.48106
7.11748	0.78567
7.13598	0.21726
7.15480	0.67184
7.17362	0.95497
7.19244	3.50179
7.21127	1.57779
7.23009	2.04005
7.24856	1.28551
7.26738	1.57078
7.28621	0.20723
7.30503	1.45428
7.32385	1.11257
7.34232	1.84620
7.36115	2.67241
7.37997	2.02894
7.39878	1.14014
7.41761	2.65025
7.43643	2.50996
7.45490	1.12838
7.47372	1.47669
7.49254	3.18909
7.51136	1.82529
7.53020	2.37830
7.54903	2.31045
7.56749	1.96139
7.58632	1.91068
7.60516	2.29351
7.62399	2.31963
7.64281	1.65865
7.66165	2.18373
7.68012	2.59374
7.69893	2.73244
7.71775	2.83907
7.73657	2.21647
7.75539	2.02894
7.77385	2.04155
7.79267	2.97687
7.81149	1.60555
7.83031	2.95390
7.84915	1.78538
7.86798	2.20099
7.88645	3.24229
7.90527	1.14881
7.92410	1.99738
7.94293	2.54960
7.96175	3.29371
7.98056	2.20355
7.99904	1.81843
8.01787	3.68085
8.03669	2.26802
8.05551	2.53756
8.07434	2.56813
8.09333	2.22570
8.11216	2.54793
8.13098	2.24738
8.14981	1.86397
8.16864	1.48176
8.18745	1.94461
8.20591	0.54383
8.22474	2.05952
8.24357	1.38137
8.26239	3.80013
8.28121	1.22589
8.30003	0.91341
8.31850	1.52286
8.33732	1.37189
8.35614	1.94830
8.37497	1.24428
8.39379	2.40398
8.41262	1.47249
8.43109	2.24853
8.44992	1.80901
8.46874	0.69826
8.48756	1.62115
8.50638	0.67677
8.52485	2.11611
8.54367	0.89365
8.56248	1.52808
8.58131	0.21905
8.60014	0.85231
8.61896	0.78493
8.63744	1.00925
8.65627	0.84969
8.67508	1.14569
8.69391	0.42396
8.71273	0.89825
8.73155	0.21623
8.75003	0.71816
8.76886	0.97857
8.78767	0.71931
8.80649	1.23856
8.82531	0.78558
8.84414	-0.77385
8.86263	0.76384
8.88149	-0.48769
8.90033	0.69564
8.91915	1.49665
8.93797	-1.22048
8.95644	-1.04606
8.97528	0.28219
8.99410	0.24976
9.01294	0.94695
9.03178	0.22878
9.05060	0.25140
9.06907	0.60495
9.08790	1.18558
9.10673	-1.48348
9.12556	-0.98566
9.14438	0.85027
9.16321	0.31470
9.18169	1.40382
9.20053	-0.51107
9.21935	0.74110
9.23819	0.39924
9.25701	-0.21233
9.27584	0.69485
9.29433	-0.08553
9.31316	1.63843
9.33200	-0.02908
9.35083	0.97391
9.36967	0.03139
9.38815	0.54061
9.40698	0.08830
9.42581	0.78555
9.44464	0.17748
9.46347	1.16124
9.48231	0.34121
9.50078	0.83277
9.51961	0.22024
9.53844	1.14521
9.55734	0.74110
9.57624	2.12009
9.59509	1.51711
9.61361	2.52186
9.63246	0.58749
9.65131	1.72172
9.67016	0.78453
9.68899	1.58821
9.70800	1.94762
9.72685	2.14935
9.74569	1.94140
9.76454	2.65101
9.78337	2.15902
9.80220	1.72100
9.82069	1.27615
9.83958	2.63580
9.85842	2.03390
9.87724	1.98548
9.89607	1.88230
9.91489	3.39299
9.93337	1.37022
9.95220	2.60354
9.97104	2.40138
9.98990	3.37121
