Time (s)   roll (deg)
0.00028	-4.96684
0.01892	-5.47743
0.03848	-5.23063
0.05751	-5.76880
0.07639	-4.55300
0.09492	-5.71602
0.11372	-4.95531
0.13250	-4.77537
0.15131	-4.75360
0.17017	-3.78810
0.18867	-5.13663
0.20750	-5.99125
0.22651	-5.41666
0.24545	-5.19034
0.26432	-5.82848
0.28319	-4.27479
0.30171	-5.16140
0.32056	-6.08983
0.33940	-6.02884
0.35825	-4.95080
0.37708	-5.75822
0.39593	-4.88821
0.41441	-5.87675
0.43324	-6.64143
0.45208	-6.58548
0.47091	-5.72609
0.48974	-6.36484
0.50859	-5.35383
0.52759	-6.50198
0.54642	-6.58543
0.56526	-6.40845
0.58411	-5.57922
0.60296	-5.28117
0.62147	-6.48179
0.64031	-6.64258
0.65915	-6.66926
0.67798	-6.10505
0.69682	-7.46044
0.71566	-5.79838
0.73415	-6.51320
0.75298	-4.64433
0.77181	-6.00166
0.79065	-5.96550
0.80948	-7.07342
0.82832	-5.91891
0.84680	-7.18043
0.86565	-5.27037
0.88447	-6.24531
0.90330	-5.64446
0.92213	-6.77805
0.94061	-6.15943
0.95944	-6.53809
0.97827	-5.86912
0.99710	-7.09261
1.01594	-5.83900
1.03477	-6.38935
1.05324	-6.15837
1.07208	-5.87442
1.09092	-8.24014
1.10974	-6.64831
1.12857	-6.56642
1.14740	-7.11913
1.16589	-6.57494
1.18471	-5.64372
1.20355	-7.24014
1.22240	-6.07630
1.24125	-6.83379
1.26009	-5.44608
1.27858	-7.12738
1.29741	-4.83885
1.31625	-6.83119
1.33508	-5.72151
1.35391	-6.79145
1.37239	-5.24016
1.39123	-5.88587
1.41005	-6.10102
1.42888	-6.43016
1.44772	-5.75642
1.46656	-6.21963
1.48503	-5.13968
1.50388	-6.38212
1.52272	-4.69853
1.54155	-6.42989
1.56038	-5.48924
1.57923	-7.02000
1.59771	-5.68933
1.61653	-7.22013
1.63536	-5.28620
1.65420	-6.65714
1.67303	-5.32547
1.69187	-6.91932
1.71035	-5.72948
1.72917	-5.98006
1.74803	-7.20771
1.76689	-6.02624
1.78572	-5.46101
1.80421	-6.43237
1.82304	-5.76398
1.84188	-4.28807
1.86070	-6.67206
1.87955	-5.09403
1.89838	-6.20574
1.91687	-5.48434
1.93571	-6.62731
1.95454	-5.43331
1.97336	-7.19556
1.99220	-4.14723
2.01103	-6.48317
2.02950	-4.61243
2.04832	-6.16525
2.06715	-6.27004
2.08598	-6.07193
2.10482	-5.34375
2.12381	-6.06520
2.14265	-5.39004
2.16148	-6.29630
2.18031	-6.19472
2.19917	-5.21180
2.21803	-5.75866
2.23653	-5.07423
2.25537	-6.13125
2.27421	-6.16470
2.29305	-5.48732
2.31192	-5.73302
2.33076	-5.28639
2.34925	-4.72916
2.36811	-6.49487
2.38694	-5.01233
2.40580	-5.95739
2.42464	-5.61709
2.44348	-5.53734
2.46197	-5.32903
2.48081	-4.78251
2.49963	-5.95671
2.51847	-6.03899
2.53729	-7.64077
2.55577	-5.83299
2.57461	-4.58977
2.59345	-4.75934
2.61229	-4.92117
2.63112	-5.36252
2.64994	-6.44970
2.66842	-5.17664
2.68726	-6.09898
2.70595	-6.82286
2.72473	-6.43830
2.74370	-5.42539
2.76262	-5.80544
2.78119	-7.09743
2.80005	-5.75499
2.81890	-4.73802
2.83775	-5.66232
2.85663	-6.61588
2.87548	-5.01320
2.89398	-6.63711
2.91282	-6.80760
2.93166	-4.88645
2.95051	-5.86903
2.96935	-7.13270
2.98785	-5.38628
3.00672	-5.70713
3.02555	-5.91414
3.04439	-6.76827
3.06325	-5.37309
3.08208	-6.54775
3.10057	-4.96404
3.11942	-6.77023
3.13825	-5.32685
3.15710	-5.38138
3.17594	-4.55241
3.19478	-6.38604
3.21329	-6.02363
3.23215	-5.89419
3.25101	-5.84644
3.26989	-6.61439
3.28843	-3.95117
3.30738	-5.86022
3.32599	-5.89734
3.34485	-6.55340
3.36370	-6.15724
3.38255	-5.81895
3.40139	-7.91435
3.41990	-5.24026
3.43878	-6.97595
3.45763	-6.06756
3.47648	-6.13161
3.49533	-5.67723
3.51417	-6.69898
3.53268	-5.96178
3.55155	-6.82446
3.57040	-6.24601
3.58924	-7.46833
3.60808	-6.10208
3.62697	-9.03043
3.64553	-5.93382
3.66439	-6.53386
3.68325	-5.79423
3.70209	-6.93141
3.72096	-6.07719
3.73984	-6.26543
3.75835	-5.97982
3.77720	-6.78263
3.79608	-5.53554
3.81494	-6.53386
3.83381	-6.59485
3.85232	-5.90676
3.87117	-7.73425
3.89001	-6.75648
3.90889	-5.78653
3.92779	-6.50328
3.94664	-6.76914
3.96514	-7.17830
3.98397	-5.56425
4.00280	-6.10276
4.02168	-6.97720
4.04053	-5.63358
4.05937	-7.08618
4.07785	-6.53898
4.09669	-6.32340
4.11554	-6.22221
4.13441	-6.90463
4.15326	-6.03472
4.17212	-6.33268
4.19113	-6.71477
4.20998	-6.05263
4.22893	-6.13800
4.24785	-5.90777
4.26673	-6.44492
4.28528	-5.75971
4.30413	-6.31203
4.32300	-5.33007
4.34186	-7.40404
4.36070	-6.13613
4.37956	-6.96897
4.39805	-5.37848
4.41689	-6.70486
4.43576	-6.31294
4.45461	-6.29197
4.47345	-7.23217
4.49230	-5.70689
4.51080	-5.71276
4.52968	-6.45987
4.54852	-5.58346
4.56738	-5.95120
4.58623	-6.28066
4.60472	-5.06543
4.62359	-6.20202
4.64244	-5.29774
4.66131	-6.28146
4.68017	-5.38840
4.69903	-6.46313
4.71753	-5.91766
4.73641	-6.49046
4.75527	-5.62106
4.77411	-5.85173
4.79297	-6.30494
4.81183	-5.90607
4.83035	-6.25737
4.84920	-7.09489
4.86804	-5.65428
4.88688	-4.94012
4.90572	-7.04217
4.92460	-5.70067
4.94311	-5.47487
4.96198	-5.38508
4.98093	-7.10549
5.00319	-6.72502
5.02373	-5.19091
5.04316	-6.81876
5.06319	-5.00286
5.08301	-5.34721
5.10444	-7.39771
5.12351	-5.55646
5.14637	-5.53993
5.16641	-7.15169
5.18567	-6.46070
5.20471	-6.62489
5.22368	-4.75473
5.24238	-6.19478
5.26127	-6.14084
5.28022	-5.58431
5.29903	-5.72230
5.31766	-6.71827
5.33653	-6.58294
5.35538	-5.09360
5.37413	-6.10172
5.39276	-5.44887
5.41132	-5.70198
5.43026	-6.04809
5.44920	-6.57189
5.46808	-5.24776
5.48699	-6.56433
5.50611	-6.08044
5.52494	-6.65424
5.54364	-5.45954
5.56235	-6.07260
5.58121	-5.50889
5.60092	-6.46714
5.61939	-6.29367
5.63832	-4.39867
5.65778	-6.74928
5.67664	-4.72803
5.69547	-5.83335
5.71438	-4.92263
5.73353	-6.57288
5.75240	-5.55847
5.77139	-6.62841
5.79070	-5.81622
5.80961	-4.92896
5.82843	-5.76346
5.84740	-6.71553
5.86658	-5.41273
5.88544	-6.85347
5.90388	-6.23889
5.92266	-6.04290
5.94136	-5.03955
5.96007	-6.32628
5.97874	-6.18263
5.99717	-6.53095
6.01583	-7.31741
6.03453	-5.99101
6.05332	-6.46423
6.07202	-5.16645
6.09072	-6.06829
6.10957	-5.61049
6.12821	-7.06349
6.14725	-5.36455
6.16684	-5.57167
6.18597	-5.21545
6.20504	-6.93534
6.22393	-6.69010
6.24296	-5.84536
6.26173	-6.29566
6.28053	-4.96626
6.29937	-4.99598
6.31835	-5.30523
6.33678	-6.72173
6.35574	-5.44175
6.37471	-6.96283
6.39333	-5.61294
6.41213	-7.72933
6.43098	-4.54092
6.44985	-5.96411
6.46866	-5.92071
6.48753	-6.02062
6.50649	-6.08770
6.52520	-5.28409
6.54359	-5.92550
6.56233	-6.27070
6.58100	-6.24985
6.59964	-6.16613
6.61827	-6.17509
6.63685	-6.19146
6.65556	-5.93945
6.67412	-6.26926
6.69266	-6.36985
6.71124	-7.25290
6.72980	-5.91922
6.74847	-5.26398
6.76702	-6.18446
6.78556	-6.65323
6.80410	-6.40999
6.82278	-5.47403
6.84142	-7.34199
6.86026	-6.51324
6.87884	-5.97922
6.89743	-4.50802
6.91605	-8.45371
6.93465	-4.83051
6.95323	-6.28496
6.97197	-5.00309
6.99056	-7.40508
7.00917	-5.95877
7.02780	-6.95968
7.04663	-6.13192
7.06527	-7.25818
7.08405	-5.56763
7.10259	-6.61845
7.12112	-5.59762
7.13965	-7.20657
7.15825	-6.10050
7.17702	-6.03906
7.19558	-6.38822
7.21411	-7.62573
7.23264	-4.84486
7.25116	-6.57978
7.26969	-5.11388
7.28835	-6.15236
7.30687	-6.04517
7.32539	-5.57033
7.34390	-5.42590
7.36241	-6.31404
7.38092	-5.59490
7.39955	-5.51410
7.41807	-6.29050
7.43658	-4.96261
7.45509	-6.50496
7.47360	-5.29816
7.49222	-5.25039
7.51077	-5.74758
7.52933	-5.19550
7.54786	-5.62435
7.56638	-4.03080
7.58490	-4.91461
7.60354	-5.12833
7.62206	-4.67532
7.64058	-6.39805
7.65910	-4.57325
7.67763	-5.52544
7.69615	-4.48894
7.71480	-5.94592
7.73332	-3.94807
7.75184	-5.14725
7.77035	-3.94510
7.78888	-5.39173
7.80739	-4.32172
7.82602	-5.63638
7.84454	-4.57021
7.86305	-5.65652
7.88156	-5.15508
7.90007	-6.07738
7.91871	-4.36372
7.93723	-6.14452
7.95574	-4.61674
7.97426	-5.24751
7.99277	-3.77870
8.01128	-4.97055
8.02993	-5.02798
8.04844	-4.90193
8.06696	-3.28988
8.08547	-6.63711
8.10398	-4.61247
8.12249	-6.06029
8.14119	-5.39115
8.15981	-5.05271
8.17837	-5.21582
8.19694	-5.11799
8.21549	-5.84257
8.23417	-5.26460
8.25270	-5.29127
8.27122	-6.37512
8.28974	-6.74548
8.30825	-5.36003
8.32677	-5.85018
8.34540	-5.19186
8.36392	-4.84909
8.38244	-5.79088
8.40094	-5.38539
8.41946	-5.76911
8.43797	-5.75454
8.45661	-5.80351
8.47513	-6.24820
8.49364	-5.52791
8.51214	-6.51415
8.53065	-4.45436
8.54926	-6.07887
8.56777	-5.69124
8.58629	-6.11355
8.60482	-5.43093
8.62335	-5.57969
8.64187	-4.91582
8.66051	-6.56772
8.67903	-5.82115
8.69755	-6.86656
8.71607	-5.75335
8.73458	-6.60818
8.75310	-6.01262
8.77173	-5.96427
8.79025	-5.22340
8.80882	-6.59252
8.82736	-5.40202
8.84588	-6.71286
8.86440	-5.74863
8.88304	-7.48139
8.90155	-5.56453
8.92006	-5.56786
8.93857	-5.87309
8.95709	-5.97388
8.97572	-5.52951
8.99429	-6.43458
9.01293	-5.25706
9.03153	-6.49950
9.05008	-5.78875
9.06862	-5.76506
9.08729	-5.03820
9.10581	-5.12216
9.12433	-5.68295
9.14284	-5.52646
9.16144	-5.44503
9.17999	-5.71138
9.19866	-4.78686
9.21718	-5.33419
9.23570	-6.27228
9.25422	-3.87050
9.27275	-5.25051
9.29152	-3.66737
9.31009	-4.42948
9.32861	-4.80965
9.34715	-5.11673
9.36567	-4.68634
9.38419	-6.07683
9.40283	-3.74123
9.42134	-5.53475
9.43986	-3.99197
9.45837	-5.63435
9.47689	-4.78338
9.49540	-4.72573
9.51404	-4.89383
9.53256	-5.94433
9.55107	-5.27813
9.56959	-6.09847
9.58810	-4.33652
9.60661	-6.45895
9.62524	-5.35722
9.64375	-3.94765
9.66226	-4.90193
9.68077	-5.13826
9.69928	-5.47652
9.71791	-5.92311
9.73643	-4.66990
9.75496	-6.17350
9.77347	-4.47586
9.79198	-5.19427
9.81054	-4.85157
9.82920	-6.46640
9.84772	-4.65924
9.86624	-5.65985
9.88476	-5.76867
9.90327	-7.13436
9.92178	-5.33383
9.94042	-5.62328
9.95895	-5.54851
9.97748	-6.52277
9.99599	-5.29209
10.01452	-6.38537
10.03315	-4.93255
10.05167	-7.17361
10.07018	-5.20404
10.08896	-6.38478
10.10780	-6.46653
10.12664	-5.26578
10.14514	-5.47743
10.16402	-5.29600
10.18287	-6.31650
10.20173	-5.70973
10.22059	-5.07658
10.23952	-6.46738
10.25814	-6.94286
10.27700	-5.22609
10.29585	-7.05123
10.31470	-5.92463
10.33354	-7.91850
10.35239	-5.79459
10.37089	-5.93277
10.38973	-6.29140
10.40856	-5.97144
10.42739	-6.18746
10.44622	-6.88112
10.46470	-4.98355
10.48355	-6.99209
10.50237	-5.61044
10.52120	-6.79030
10.54003	-5.99664
10.55886	-6.54750
10.57733	-5.53491
10.59616	-5.69443
10.61503	-6.24179
10.63387	-6.55064
10.65271	-6.01519
10.67155	-6.04467
10.69005	-6.19040
10.70890	-5.54253
10.72774	-6.13233
10.74657	-4.38886
10.76541	-6.63674
10.78443	-6.27856
10.80327	-6.28743
10.82211	-5.51880
10.84099	-6.84100
10.85985	-6.18868
10.87872	-6.03680
10.89722	-6.67878
10.91608	-6.82372
10.93491	-6.96316
10.95375	-5.55959
10.97259	-6.81116
10.99143	-5.28236
11.00993	-5.89021
11.02881	-5.05892
11.04767	-6.11664
11.06651	-5.25444
11.08536	-7.00123
11.10420	-4.24202
11.12268	-6.31461
11.14152	-5.87353
11.16035	-5.66398
11.17921	-5.24567
11.19806	-6.18883
11.21656	-6.41841
11.23541	-5.83706
11.25426	-5.22097
11.27312	-6.82393
11.29200	-5.25773
11.31086	-6.63679
11.32936	-6.12403
11.34821	-5.29728
11.36705	-7.12044
11.38588	-6.21018
11.40471	-6.84649
11.42356	-5.22080
11.44206	-6.06071
11.46091	-5.32167
11.47977	-6.68840
11.49861	-4.04100
11.51745	-7.43138
11.53629	-4.05530
11.55478	-6.15862
11.57361	-6.10972
11.59244	-6.76940
11.61128	-6.19869
11.63012	-5.62616
11.64861	-6.53146
11.66745	-5.84309
11.68629	-6.73995
11.70514	-6.09611
11.72397	-6.40999
11.74282	-5.52393
11.76132	-6.34234
11.78016	-5.04359
11.79900	-5.17734
11.81784	-5.30203
11.83667	-6.33451
11.85551	-4.99180
11.87400	-5.18562
11.89284	-6.43269
11.91168	-6.07916
11.93052	-5.61844
11.94935	-4.71013
11.96820	-4.84570
11.98671	-5.69067
