Time (s)   Thrust (N)   RPM
0.00030	0.00000	5290.69800
0.00419	0.00000	5290.69800
0.00808	0.00000	5290.69800
0.01199	0.00000	5290.69800
0.01588	0.00000	5290.69800
0.01974	0.00000	5290.69800
0.02364	0.00000	5282.77600
0.02771	0.00000	5282.77600
0.03163	0.00000	5282.77600
0.03550	0.00000	5282.77600
0.03936	0.00000	5282.77600
0.04327	0.00000	5282.77600
0.04714	0.00000	5218.99600
0.05098	0.00000	5218.99600
0.05483	0.00000	5218.99600
0.05868	0.00000	5218.99600
0.06254	0.00000	5218.99600
0.06637	0.00000	5218.99600
0.07020	0.00000	5112.26500
0.07405	0.00000	5112.26500
0.07788	0.00000	5112.26500
0.08171	0.00000	5112.26500
0.08554	0.00000	5112.26500
0.08937	0.00000	5112.26500
0.09321	0.00000	5112.26500
0.09703	0.00000	5057.90200
0.10086	0.00000	5057.90200
0.10468	0.00000	5057.90200
0.10851	0.00000	5057.90200
0.11234	0.00000	5057.90200
0.11617	0.00000	5057.90200
0.11999	0.00000	4986.15000
0.12382	0.00000	4986.15000
0.12765	0.00000	4986.15000
0.13147	0.00000	4986.15000
0.13529	0.00000	4986.15000
0.13912	0.00000	4986.15000
0.14295	0.00000	4942.22600
0.14678	0.00000	4942.22600
0.15060	0.00000	4942.22600
0.15443	0.00000	4942.22600
0.15829	0.00000	4942.22600
0.16212	0.00000	4942.22600
0.16595	0.00000	4904.66100
0.16978	0.00000	4904.66100
0.17360	0.00000	4904.66100
0.17743	0.00000	4904.66100
0.18126	0.00000	4904.66100
0.18510	0.00000	4904.66100
0.18893	0.00000	4868.60800
0.19275	0.00000	4868.60800
0.19659	0.00000	4868.60800
0.20041	0.00000	4868.60800
0.20425	0.00000	4868.60800
0.20808	0.00000	4868.60800
0.21191	0.00000	4848.21400
0.21575	0.00000	4848.21400
0.21958	0.00000	4848.21400
0.22342	0.00000	4848.21400
0.22724	0.00000	4848.21400
0.23108	0.00000	4848.21400
0.23491	0.00000	4838.36200
0.23874	0.00000	4838.36200
0.24258	0.00000	4838.36200
0.24640	0.00000	4838.36200
0.25024	0.00000	4838.36200
0.25407	0.00000	4838.36200
0.25791	0.00000	4814.48100
0.26174	0.00000	4814.48100
0.26558	0.00000	4814.48100
0.26940	0.00000	4814.48100
0.27324	0.00000	4814.48100
0.27707	0.00000	4791.06100
0.28089	0.00000	4791.06100
0.28474	0.00000	4791.06100
0.28854	0.00000	4791.06100
0.29237	0.00000	4791.06100
0.29620	0.00000	4791.06100
0.30003	0.00000	4794.40700
0.30387	0.00000	4794.40700
0.30771	0.00000	4794.40700
0.31154	0.00000	4794.40700
0.31538	0.00000	4794.40700
0.31921	0.00000	4794.40700
0.32305	0.00000	4780.43000
0.32689	0.00000	4780.43000
0.33072	0.00000	4780.43000
0.33455	0.00000	4780.43000
0.33838	0.00000	4780.43000
0.34223	0.00000	4780.43000
0.34607	0.00000	4780.43000
0.34990	0.00000	4780.43000
0.35374	0.00000	4780.43000
0.35758	0.00000	4780.43000
0.36140	0.00000	4780.43000
0.36524	0.00000	4780.43000
0.36908	0.00000	4780.70100
0.37291	0.00000	4780.70100
0.37674	0.00000	4780.70100
0.38054	0.00000	4780.70100
0.38437	0.00000	4780.70100
0.38821	0.00000	4780.70100
0.39204	0.00000	4753.28900
0.39587	0.00000	4753.28900
0.39970	0.00000	4753.28900
0.40354	0.00000	4753.28900
0.40738	0.00000	4753.28900
0.41122	0.00000	4748.16100
0.41504	0.00000	4748.16100
0.41889	0.00000	4748.16100
0.42271	0.00000	4748.16100
0.42655	0.00000	4748.16100
0.43039	0.00000	4748.16100
0.43423	0.00000	4742.64700
0.43807	0.00000	4742.64700
0.44190	0.00000	4742.64700
0.44573	0.00000	4742.64700
0.44956	0.00000	4742.64700
0.45339	0.00000	4742.64700
0.45722	0.00000	4728.73900
0.46104	0.00000	4728.73900
0.46488	0.00000	4728.73900
0.46872	0.00000	4728.73900
0.47254	0.00000	4728.73900
0.47637	0.00000	4728.73900
0.48020	0.00000	4742.48500
0.48403	0.00000	4742.48500
0.48786	0.00000	4742.48500
0.49170	0.00000	4742.48500
0.49553	0.00000	4742.48500
0.49936	0.00000	4742.48500
0.50320	0.00000	4734.37500
0.50703	0.00000	4734.37500
0.51086	0.00000	4734.37500
0.51470	0.00000	4734.37500
0.51854	0.00000	4734.37500
0.52237	0.00000	4728.98200
0.52622	0.00000	4728.98200
0.53005	0.00000	4728.98200
0.53388	0.00000	4728.98200
0.53772	0.00000	4728.98200
0.54155	0.00000	4728.98200
0.54538	0.00000	4742.64700
0.54921	0.00000	4742.64700
0.55305	0.00000	4742.64700
0.55688	0.00000	4742.64700
0.56071	0.00000	4742.64700
0.56454	0.00000	4742.64700
0.56838	0.00000	4737.13200
0.57221	0.00000	4737.13200
0.57605	0.00000	4737.13200
0.57988	0.00000	4737.13200
0.58371	0.00000	4737.13200
0.58754	0.00000	4737.13200
0.59137	0.00000	4737.13200
0.59521	0.00000	4737.13200
0.59904	0.00000	4737.13200
0.60287	0.00000	4737.13200
0.60671	0.00000	4737.13200
0.61054	0.00000	4737.13200
0.61436	0.00000	4734.51300
0.61819	0.00000	4734.51300
0.62202	0.00000	4734.51300
0.62585	0.00000	4734.51300
0.62967	0.00000	4734.51300
0.63351	0.00000	4734.79200
0.63735	0.00000	4734.79200
0.64118	0.00000	4734.79200
0.64501	0.00000	4734.79200
0.64883	0.00000	4734.79200
0.65266	0.00000	4734.79200
0.65649	0.00000	4734.51300
0.66032	0.00000	4734.51300
0.66416	0.00000	4734.51300
0.66800	0.00000	4734.51300
0.67184	0.00000	4734.51300
0.67567	0.00000	4734.51300
0.67950	0.00000	4740.04400
0.68333	0.00000	4740.04400
0.68717	0.00000	4740.04400
0.69100	0.00000	4740.04400
0.69483	0.00000	4740.04400
0.69866	0.00000	4740.04400
0.70248	0.00000	4737.27900
0.70631	0.00000	4737.27900
0.71014	0.00000	4737.27900
0.71397	0.00000	4737.27900
0.71780	0.00000	4737.27900
0.72163	0.00000	4720.78400
0.72546	0.00000	4720.78400
0.72929	0.00000	4720.78400
0.73313	0.00000	4720.78400
0.73697	0.00000	4720.78400
0.74080	0.00000	4720.78400
0.74464	0.00000	4715.15500
0.74846	0.00000	4715.15500
0.75229	0.00000	4715.15500
0.75611	0.00000	4715.15500
0.75996	0.00000	4715.15500
0.76379	0.00000	4715.15500
0.76762	0.00000	4728.98200
0.77146	0.00000	4728.98200
0.77529	0.00000	4728.98200
0.77912	0.00000	4728.98200
0.78294	0.00000	4728.98200
0.78678	0.00000	4728.98200
0.79062	0.00000	4742.81000
0.79445	0.00000	4742.81000
0.79829	0.00000	4742.81000
0.80212	0.00000	4742.81000
0.80596	0.00000	4742.81000
0.80979	0.00000	4731.87800
0.81363	0.00000	4731.87800
0.81746	0.00000	4731.87800
0.82129	0.00000	4731.87800
0.82514	0.00000	4731.87800
0.82897	0.00000	4731.87800
0.83280	0.00000	4729.10500
0.83663	0.00000	4729.10500
0.84047	0.00000	4729.10500
0.84430	0.00000	4729.10500
0.84812	0.00000	4729.10500
0.85196	0.00000	4729.10500
0.85579	0.00000	4740.04400
0.85963	0.00000	4740.04400
0.86345	0.00000	4740.04400
0.86728	0.00000	4740.04400
0.87112	0.00000	4740.04400
0.87496	0.00000	4740.04400
0.87879	0.00000	4737.13200
0.88262	0.00000	4737.13200
0.88646	0.00000	4737.13200
0.89028	0.00000	4737.13200
0.89411	0.00000	4737.13200
0.89795	0.00000	4737.13200
0.90177	0.00000	4726.21700
0.90561	0.00000	4726.21700
0.90945	0.00000	4726.21700
0.91329	0.00000	4726.21700
0.91712	0.00000	4726.21700
0.92096	0.00000	4737.57400
0.92479	0.00000	4737.57400
0.92862	0.00000	4737.57400
0.93247	0.00000	4737.57400
0.93630	0.00000	4737.57400
0.94014	0.00000	4737.57400
0.94397	0.00000	4737.27900
0.94779	0.00000	4737.27900
0.95162	0.00000	4737.27900
0.95544	0.00000	4737.27900
0.95927	0.00000	4737.27900
0.96311	0.00000	4737.27900
0.96695	0.00000	4734.37500
0.97079	0.00000	4734.37500
0.97461	0.00000	4734.37500
0.97845	0.00000	4734.37500
0.98228	0.00000	4734.37500
0.98612	0.00000	4734.37500
0.98995	0.00000	4740.04400
0.99378	0.00000	4740.04400
0.99761	0.00000	4740.04400
1.00144	0.00000	4740.04400
1.00528	0.00000	4740.04400
1.00911	0.00000	4734.65200
1.01295	0.00000	4734.65200
1.01678	0.00000	4734.65200
1.02061	0.00000	4734.65200
1.02444	0.00000	4734.65200
1.02827	0.00000	4734.65200
1.03211	0.00000	4729.10500
1.03594	0.00000	4729.10500
1.03977	0.00000	4729.10500
1.04360	0.00000	4729.10500
1.04744	0.00000	4729.10500
1.05127	0.00000	4729.10500
1.05510	0.00000	4734.37500
1.05894	0.00000	4734.37500
1.06278	0.00000	4734.37500
1.06662	0.00000	4734.37500
1.07045	0.00000	4734.37500
1.07430	0.00000	4734.37500
1.07813	0.00000	4728.86000
1.08196	0.00000	4728.86000
1.08578	0.00000	4728.86000
1.08961	0.00000	4728.86000
1.09344	0.00000	4728.86000
1.09727	0.00000	4728.86000
1.10110	0.00000	4726.33100
1.10494	0.00000	4726.33100
1.10877	0.00000	4726.33100
1.11261	0.00000	4726.33100
1.11644	0.00000	4726.33100
1.12027	0.00000	4726.33100
1.12411	0.00000	4726.33100
1.12794	0.00000	4726.33100
1.13177	0.00000	4726.33100
1.13560	0.00000	4726.33100
1.13943	0.00000	4726.33100
1.14326	0.00000	4717.83100
1.14710	0.00000	4717.83100
1.15092	0.00000	4717.83100
1.15476	0.00000	4717.83100
1.15858	0.00000	4717.83100
1.16242	0.00000	4717.83100
1.16625	0.00000	4717.83100
1.17008	0.00000	4717.83100
1.17391	0.00000	4717.83100
1.17774	0.00000	4717.83100
1.18157	0.00000	4717.83100
1.18541	0.00000	4717.83100
1.18925	0.00000	4734.51300
1.19308	0.00000	4734.51300
1.19691	0.00000	4734.51300
1.20074	0.00000	4734.51300
1.20454	0.00000	4734.51300
1.20836	0.00000	4726.44700
1.21220	0.00000	4726.44700
1.21604	0.00000	4726.44700
1.21987	0.00000	4726.44700
1.22369	0.00000	4726.44700
1.22753	0.00000	4726.44700
1.23136	0.00000	4739.88900
1.23518	0.00000	4739.88900
1.23902	0.00000	4739.88900
1.24285	0.00000	4739.88900
1.24668	0.00000	4739.88900
1.25051	0.00000	4739.88900
1.25434	0.00000	4723.45100
1.25816	0.00000	4723.45100
1.26199	0.00000	4723.45100
1.26583	0.00000	4723.45100
1.26966	0.00000	4723.45100
1.27349	0.00000	4723.45100
1.27733	0.00000	4720.58800
1.28116	0.00000	4720.58800
1.28499	0.00000	4720.58800
1.28883	0.00000	4720.58800
1.29266	0.00000	4720.58800
1.29649	0.00000	4732.01000
1.30032	0.00000	4732.01000
1.30416	0.00000	4732.01000
1.30799	0.00000	4732.01000
1.31182	0.00000	4732.01000
1.31567	0.00000	4732.01000
1.31951	0.00000	4726.21700
1.32334	0.00000	4726.21700
1.32718	0.00000	4726.21700
1.33101	0.00000	4726.21700
1.33483	0.00000	4726.21700
1.33867	0.00000	4726.21700
1.34250	0.00000	4734.37500
1.34633	0.00000	4734.37500
1.35016	0.00000	4734.37500
1.35400	0.00000	4734.37500
1.35783	0.00000	4734.37500
1.36166	0.00000	4734.37500
1.36550	0.00000	4731.74800
1.36934	0.00000	4731.74800
1.37317	0.00000	4731.74800
1.37701	0.00000	4731.74800
1.38084	0.00000	4731.74800
1.38468	0.00000	4731.74800
1.38851	0.00000	4726.21700
1.39234	0.00000	4726.21700
1.39617	0.00000	4726.21700
1.40000	0.00000	4726.21700
1.40384	0.00000	4726.21700
1.40767	0.00000	4743.13800
1.41150	0.00000	4743.13800
1.41533	0.00000	4743.13800
1.41917	0.00000	4743.13800
1.42300	0.00000	4743.13800
1.42684	0.00000	4743.13800
1.43067	0.00000	4723.34500
1.43450	0.00000	4723.34500
1.43833	0.00000	4723.34500
1.44216	0.00000	4723.34500
1.44599	0.00000	4723.34500
1.44982	0.00000	4723.34500
1.45366	0.00000	4720.58800
1.45748	0.00000	4720.58800
1.46131	0.00000	4720.58800
1.46514	0.00000	4720.58800
1.46898	0.00000	4720.58800
1.47281	0.00000	4720.58800
1.47665	0.00000	4723.45100
1.48048	0.00000	4723.45100
1.48430	0.00000	4723.45100
1.48813	0.00000	4723.45100
1.49196	0.00000	4723.45100
1.49579	0.00000	4723.66400
1.49962	0.00000	4723.66400
1.50346	0.00000	4723.66400
1.50729	0.00000	4723.66400
1.51112	0.00000	4723.66400
1.51496	0.00000	4723.66400
1.51880	0.00000	4737.27900
1.52263	0.00000	4737.27900
1.52645	0.00000	4737.27900
1.53028	0.00000	4737.27900
1.53411	0.00000	4737.27900
1.53794	0.00000	4737.27900
1.54178	0.00000	4726.21700
1.54560	0.00000	4726.21700
1.54944	0.00000	4726.21700
1.55327	0.00000	4726.21700
1.55710	0.00000	4726.21700
1.56093	0.00000	4726.21700
1.56476	0.00000	4726.21700
1.56860	0.00000	4726.21700
1.57243	0.00000	4726.21700
1.57625	0.00000	4726.21700
1.58008	0.00000	4726.21700
1.58390	0.00000	4723.55700
1.58773	0.00000	4723.55700
1.59157	0.00000	4723.55700
1.59541	0.00000	4723.55700
1.59924	0.00000	4723.55700
1.60307	0.00000	4723.55700
1.60690	0.00000	4718.01000
1.61072	0.00000	4718.01000
1.61456	0.00000	4718.01000
1.61838	0.00000	4718.01000
1.62222	0.00000	4718.01000
1.62605	0.00000	4718.01000
1.62988	0.00000	4740.04400
1.63371	0.00000	4740.04400
1.63754	0.00000	4740.04400
1.64136	0.00000	4740.04400
1.64520	0.00000	4740.04400
1.64903	0.00000	4740.04400
1.65286	0.00000	4740.04400
1.65668	0.00000	4740.04400
1.66052	0.00000	4740.04400
1.66436	0.00000	4740.04400
1.66819	0.00000	4740.04400
1.67203	0.00000	4740.04400
1.67586	0.00000	4726.21700
1.67968	0.00000	4726.21700
1.68351	0.00000	4726.21700
1.68734	0.00000	4726.21700
1.69116	0.00000	4726.21700
1.69499	0.00000	4723.66400
1.69883	0.00000	4723.66400
1.70266	0.00000	4723.66400
1.70650	0.00000	4723.66400
1.71035	0.00000	4723.66400
1.71417	0.00000	4723.66400
1.71801	0.00000	4715.07300
1.72183	0.00000	4715.07300
1.72566	0.00000	4715.07300
1.72949	0.00000	4715.07300
1.73331	0.00000	4715.07300
1.73715	0.00000	4715.07300
1.74098	0.00000	4717.83100
1.74481	0.00000	4717.83100
1.74864	0.00000	4717.83100
1.75247	0.00000	4717.83100
1.75630	0.00000	4717.83100
1.76013	0.00000	4717.83100
1.76396	0.00000	4723.34500
1.76780	0.00000	4723.34500
1.77163	0.00000	4723.34500
1.77545	0.00000	4723.34500
1.77929	0.00000	4723.34500
1.78311	0.00000	4715.23700
1.78694	0.00000	4715.23700
1.79077	0.00000	4715.23700
1.79461	0.00000	4715.23700
1.79845	0.00000	4715.23700
1.80229	0.00000	4715.23700
1.80612	0.00000	4740.19900
1.80995	0.00000	4740.19900
1.81377	0.00000	4740.19900
1.81761	0.00000	4740.19900
1.82143	0.00000	4740.19900
1.82526	0.00000	4740.19900
1.82908	0.00000	4720.68500
1.83293	0.00000	4720.68500
1.83676	0.00000	4720.68500
1.84054	0.00000	4720.68500
1.84438	0.00000	4720.68500
1.84821	0.00000	4720.68500
1.85204	0.00000	4731.74800
1.85587	0.00000	4731.74800
1.85970	0.00000	4731.74800
1.86353	0.00000	4731.74800
1.86735	0.00000	4731.74800
1.87119	0.00000	4731.74800
1.87501	0.00000	4734.65200
1.87884	0.00000	4734.65200
1.88267	0.00000	4734.65200
1.88650	0.00000	4734.65200
1.89032	0.00000	4734.65200
1.89415	0.00000	4720.78400
1.89799	0.00000	4720.78400
1.90182	0.00000	4720.78400
1.90565	0.00000	4720.78400
1.90949	0.00000	4720.78400
1.91332	0.00000	4720.78400
1.91714	0.00000	4726.10300
1.92096	0.00000	4726.10300
1.92480	0.00000	4726.10300
1.92862	0.00000	4726.10300
1.93246	0.00000	4726.10300
1.93629	0.00000	4726.10300
1.94012	0.00000	4731.74800
1.94394	0.00000	4731.74800
1.94778	0.00000	4731.74800
1.95161	0.00000	4731.74800
1.95545	0.00000	4731.74800
1.95927	0.00000	4731.74800
1.96311	0.00000	4734.51300
1.96694	0.00000	4734.51300
1.97077	0.00000	4734.51300
1.97460	0.00000	4734.51300
1.97842	0.00000	4734.51300
1.98226	0.00000	4734.79200
1.98610	0.00000	4734.79200
1.98993	0.00000	4734.79200
1.99376	0.00000	4734.79200
1.99760	0.00000	4734.79200
2.00143	0.00000	4734.79200
2.00527	0.00000	4731.87800
2.00910	0.00000	4731.87800
2.01292	0.00000	4731.87800
2.01675	0.00000	4731.87800
2.02059	0.00000	4731.87800
2.02442	0.00000	4731.87800
2.02825	0.00000	4723.34500
2.03208	0.00000	4723.34500
2.03591	0.00000	4723.34500
2.03975	0.00000	4723.34500
2.04358	0.00000	4723.34500
2.04741	0.00000	4723.34500
2.05125	0.00000	4717.83100
2.05508	0.00000	4717.83100
2.05892	0.00000	4717.83100
2.06274	0.00000	4717.83100
2.06658	0.00000	4717.83100
2.07041	0.00000	4720.78400
2.07427	0.00000	4720.78400
2.07812	0.00000	4720.78400
2.08195	0.00000	4720.78400
2.08578	0.00000	4720.78400
2.08962	0.00000	4720.78400
2.09346	0.00000	4737.42600
2.09729	0.00000	4737.42600
2.10113	0.00000	4737.42600
2.10496	0.00000	4737.42600
2.10880	0.00000	4737.42600
2.11263	0.00000	4737.42600
2.11646	0.00000	4728.86000
2.12029	0.00000	4728.86000
2.12411	0.00000	4728.86000
2.12795	0.00000	4728.86000
2.13178	0.00000	4728.86000
2.13561	0.00000	4728.86000
2.13944	0.00000	4712.31600
2.14326	0.00000	4712.31600
2.14709	0.00000	4712.31600
2.15092	0.00000	4712.31600
2.15475	0.00000	4712.31600
2.15858	0.00000	4712.31600
2.16240	0.00000	4720.68500
2.16624	0.00000	4720.68500
2.17006	0.00000	4720.68500
2.17389	0.00000	4720.68500
2.17775	0.00000	4720.68500
2.18158	0.00000	4731.87800
2.18541	0.00000	4731.87800
2.18924	0.00000	4731.87800
2.19307	0.00000	4731.87800
2.19690	0.00000	4731.87800
2.20074	0.00000	4731.87800
2.20454	0.00000	4723.34500
2.20836	0.00000	4723.34500
2.21219	0.00000	4723.34500
2.21602	0.00000	4723.34500
2.21986	0.00000	4723.34500
2.22369	0.00000	4723.34500
2.22752	0.00000	4723.34500
2.23136	0.00000	4723.34500
2.23519	0.00000	4723.34500
2.23902	0.00000	4723.34500
2.24286	0.00000	4723.34500
2.24668	0.00000	4723.34500
2.25051	0.00000	4737.27900
2.25434	0.00000	4737.27900
2.25817	0.00000	4737.27900
2.26201	0.00000	4737.27900
2.26585	0.00000	4737.27900
2.26968	0.00000	4723.66400
2.27350	0.00000	4723.66400
2.27734	0.00000	4723.66400
2.28117	0.00000	4723.66400
2.28500	0.00000	4723.66400
2.28884	0.00000	4723.66400
2.29267	0.00000	4726.21700
2.29650	0.00000	4726.21700
2.30034	0.00000	4726.21700
2.30417	0.00000	4726.21700
2.30801	0.00000	4726.21700
2.31183	0.00000	4726.21700
2.31567	0.00000	4728.86000
2.31951	0.00000	4728.86000
2.32336	0.00000	4728.86000
2.32719	0.00000	4728.86000
2.33102	0.00000	4728.86000
2.33485	0.00000	4728.86000
2.33868	0.00000	4745.57500
2.34251	0.00000	4745.57500
2.34635	0.00000	4745.57500
2.35019	0.00000	4745.57500
2.35402	0.00000	4745.57500
2.35785	0.00000	4731.87800
2.36167	0.00000	4731.87800
2.36551	0.00000	4731.87800
2.36934	0.00000	4731.87800
2.37317	0.00000	4731.87800
2.37701	0.00000	4731.87800
2.38085	0.00000	4748.70100
2.38468	0.00000	4748.70100
2.38851	0.00000	4748.70100
2.39236	0.00000	4748.70100
2.39619	0.00000	4748.70100
2.40003	0.00000	4748.70100
2.40386	0.00000	4731.61700
2.40769	0.00000	4731.61700
2.41152	0.00000	4731.61700
2.41536	0.00000	4731.61700
2.41920	0.00000	4731.61700
2.42303	0.00000	4731.61700
2.42686	0.00000	4715.07300
2.43069	0.00000	4715.07300
2.43453	0.00000	4715.07300
2.43836	0.00000	4715.07300
2.44218	0.00000	4715.07300
2.44601	0.00000	4715.07300
2.44983	0.00000	4728.98200
2.45367	0.00000	4728.98200
2.45750	0.00000	4728.98200
2.46133	0.00000	4728.98200
2.46516	0.00000	4728.98200
2.46899	0.00000	4731.87800
2.47283	0.00000	4731.87800
2.47666	0.00000	4731.87800
2.48048	0.00000	4731.87800
2.48434	0.00000	4731.87800
2.48817	0.00000	4731.87800
2.49200	0.00000	4726.21700
2.49584	0.00000	4726.21700
2.49967	0.00000	4726.21700
2.50350	0.00000	4726.21700
2.50733	0.00000	4726.21700
2.51116	0.00000	4726.21700
2.51500	0.00000	4740.04400
2.51886	0.00000	4740.04400
2.52269	0.00000	4740.04400
2.52652	0.00000	4740.04400
2.53036	0.00000	4740.04400
2.53420	0.00000	4740.04400
2.53803	0.00000	4728.86000
2.54186	0.00000	4728.86000
2.54569	0.00000	4728.86000
2.54952	0.00000	4728.86000
2.55335	0.00000	4728.86000
2.55719	0.00000	4726.33100
2.56101	0.00000	4726.33100
2.56484	0.00000	4726.33100
2.56867	0.00000	4726.33100
2.57251	0.00000	4726.33100
2.57634	0.00000	4726.33100
2.58018	0.00000	4729.10500
2.58402	0.00000	4729.10500
2.58786	0.00000	4729.10500
2.59169	0.00000	4729.10500
2.59552	0.00000	4729.10500
2.59935	0.00000	4729.10500
2.60318	0.00000	4737.27900
2.60701	0.00000	4737.27900
2.61083	0.00000	4737.27900
2.61466	0.00000	4737.27900
2.61849	0.00000	4737.27900
2.62233	0.00000	4737.27900
2.62616	0.00000	4726.10300
2.63000	0.00000	4726.10300
2.63382	0.00000	4726.10300
2.63765	0.00000	4726.10300
2.64147	0.00000	4726.10300
2.64530	0.00000	4726.10300
2.64913	0.00000	4717.92000
2.65297	0.00000	4717.92000
2.65680	0.00000	4717.92000
2.66064	0.00000	4717.92000
2.66448	0.00000	4717.92000
2.66831	0.00000	4729.22800
2.67215	0.00000	4729.22800
2.67597	0.00000	4729.22800
2.67981	0.00000	4729.22800
2.68363	0.00000	4729.22800
2.68746	0.00000	4729.22800
2.69129	0.00000	4734.51300
2.69513	0.00000	4734.51300
2.69896	0.00000	4734.51300
2.70279	0.00000	4734.51300
2.70662	0.00000	4734.51300
2.71045	0.00000	4734.51300
2.71429	0.00000	4734.37500
2.71812	0.00000	4734.37500
2.72196	0.00000	4734.37500
2.72578	0.00000	4734.37500
2.72962	0.00000	4734.37500
2.73345	0.00000	4734.37500
2.73728	0.00000	4740.04400
2.74111	0.00000	4740.04400
2.74494	0.00000	4740.04400
2.74877	0.00000	4740.04400
2.75260	0.00000	4740.04400
2.75644	0.00000	4737.57400
2.76027	0.00000	4737.57400
2.76410	0.00000	4737.57400
2.76792	0.00000	4737.57400
2.77175	0.00000	4737.57400
2.77558	0.00000	4737.57400
2.77941	0.00000	4717.92000
2.78324	0.00000	4717.92000
2.78707	0.00000	4717.92000
2.79090	0.00000	4717.92000
2.79474	0.00000	4717.92000
2.79857	0.00000	4717.92000
2.80241	0.00000	4720.58800
2.80624	0.00000	4720.58800
2.81006	0.00000	4720.58800
2.81389	0.00000	4720.58800
2.81772	0.00000	4720.58800
2.82155	0.00000	4720.58800
2.82539	0.00000	4715.07300
2.82921	0.00000	4715.07300
2.83304	0.00000	4715.07300
2.83687	0.00000	4715.07300
2.84071	0.00000	4715.07300
2.84454	0.00000	4729.22800
2.84836	0.00000	4729.22800
2.85220	0.00000	4729.22800
2.85603	0.00000	4729.22800
2.85985	0.00000	4729.22800
2.86368	0.00000	4729.22800
2.86750	0.00000	4734.65200
2.87134	0.00000	4734.65200
2.87516	0.00000	4734.65200
2.87899	0.00000	4734.65200
2.88282	0.00000	4734.65200
2.88667	0.00000	4734.65200
2.89050	0.00000	4734.37500
2.89434	0.00000	4734.37500
2.89818	0.00000	4734.37500
2.90202	0.00000	4734.37500
2.90585	0.00000	4734.37500
2.90968	0.00000	4734.37500
2.91352	0.00000	4734.37500
2.91736	0.00000	4734.37500
2.92119	0.00000	4734.37500
2.92502	0.00000	4734.37500
2.92886	0.00000	4734.37500
2.93269	0.00000	4734.37500
2.93651	0.00000	4740.04400
2.94035	0.00000	4740.04400
2.94419	0.00000	4740.04400
2.94804	0.00000	4740.04400
2.95188	0.00000	4740.04400
2.95571	0.00000	4734.65200
2.95955	0.00000	4734.65200
2.96339	0.00000	4734.65200
2.96722	0.00000	4734.65200
2.97105	0.00000	4734.65200
2.97488	0.00000	4734.65200
2.97872	0.00000	4728.86000
2.98254	0.00000	4728.86000
2.98639	0.00000	4728.86000
2.99023	0.00000	4728.86000
2.99406	0.00000	4728.86000
2.99789	0.00000	4728.86000
3.00172	0.00000	4731.61700
3.00554	0.00000	4731.61700
3.00938	0.00000	4731.61700
3.01322	0.00000	4731.61700
3.01706	0.00000	4731.61700
3.02089	0.00000	4731.61700
3.02471	0.00000	4734.37500
3.02854	0.00000	4734.37500
3.03236	0.00000	4734.37500
3.03622	0.00000	4734.37500
3.04004	0.00000	4734.37500
3.04387	0.00000	4726.33100
3.04771	0.00000	4726.33100
3.05155	0.00000	4726.33100
3.05537	0.00000	4726.33100
3.05920	0.00000	4726.33100
3.06305	0.00000	4726.33100
3.06688	0.00000	4731.87800
3.07071	0.00000	4731.87800
3.07455	0.00000	4731.87800
3.07840	0.00000	4731.87800
3.08223	0.00000	4731.87800
3.08607	0.00000	4731.87800
3.08993	0.00000	4734.37500
3.09377	0.00000	4734.37500
3.09761	0.00000	4734.37500
3.10144	0.00000	4734.37500
3.10527	0.00000	4734.37500
3.10910	0.00000	4734.37500
3.11294	0.00000	4734.51300
3.11678	0.00000	4734.51300
3.12060	0.00000	4734.51300
3.12444	0.00000	4734.51300
3.12827	0.00000	4734.51300
3.13210	0.00000	4734.51300
3.13592	0.00000	4728.98200
3.13975	0.00000	4728.98200
3.14359	0.00000	4728.98200
3.14743	0.00000	4728.98200
3.15126	0.00000	4728.98200
3.15509	0.00000	4743.13800
3.15894	0.00000	4743.13800
3.16278	0.00000	4743.13800
3.16662	0.00000	4743.13800
3.17044	0.00000	4743.13800
3.17427	0.00000	4743.13800
3.17811	0.00000	4728.86000
3.18194	0.00000	4728.86000
3.18577	0.00000	4728.86000
3.18960	0.00000	4728.86000
3.19343	0.00000	4728.86000
3.19726	0.00000	4728.86000
3.20110	0.00000	4717.83100
3.20493	0.00000	4717.83100
3.20876	0.00000	4717.83100
3.21260	0.00000	4717.83100
3.21642	0.00000	4717.83100
3.22025	0.00000	4717.83100
3.22408	0.00000	4726.10300
3.22793	0.00000	4726.10300
3.23176	0.00000	4726.10300
3.23559	0.00000	4726.10300
3.23942	0.00000	4726.10300
3.24326	0.00000	4740.35600
3.24710	0.00000	4740.35600
3.25092	0.00000	4740.35600
3.25475	0.00000	4740.35600
3.25859	0.00000	4740.35600
3.26241	0.00000	4740.35600
3.26625	0.00000	4737.27900
3.27008	0.00000	4737.27900
3.27391	0.00000	4737.27900
3.27774	0.00000	4737.27900
3.28157	0.00000	4737.27900
3.28540	0.00000	4737.27900
3.28923	0.00000	4726.21700
3.29306	0.00000	4726.21700
3.29689	0.00000	4726.21700
3.30072	0.00000	4726.21700
3.30454	0.00000	4726.21700
3.30836	0.00000	4726.21700
3.31219	0.00000	4737.27900
3.31601	0.00000	4737.27900
3.31984	0.00000	4737.27900
3.32367	0.00000	4737.27900
3.32751	0.00000	4737.27900
3.33135	0.00000	4734.79200
3.33517	0.00000	4734.79200
3.33901	0.00000	4734.79200
3.34284	0.00000	4734.79200
3.34667	0.00000	4734.79200
3.35050	0.00000	4734.79200
3.35433	0.00000	4726.33100
3.35817	0.00000	4726.33100
3.36200	0.00000	4726.33100
3.36584	0.00000	4726.33100
3.36968	0.00000	4726.33100
3.37351	0.00000	4726.33100
3.37734	0.00000	4734.37500
3.38116	0.00000	4734.37500
3.38500	0.00000	4734.37500
3.38885	0.00000	4734.37500
3.39270	0.00000	4734.37500
3.39652	0.00000	4734.37500
3.40037	0.00000	4731.61700
3.40420	0.00000	4731.61700
3.40804	0.00000	4731.61700
3.41186	0.00000	4731.61700
3.41570	0.00000	4731.61700
3.41953	0.00000	4731.61700
3.42336	0.00000	4723.34500
3.42718	0.00000	4723.34500
3.43102	0.00000	4723.34500
3.43486	0.00000	4723.34500
3.43870	0.00000	4723.34500
3.44254	0.00000	4743.13800
3.44637	0.00000	4743.13800
3.45021	0.00000	4743.13800
3.45403	0.00000	4743.13800
3.45787	0.00000	4743.13800
3.46171	0.00000	4743.13800
3.46554	0.00000	4731.61700
3.46937	0.00000	4731.61700
3.47321	0.00000	4731.61700
3.47704	0.00000	4731.61700
3.48087	0.00000	4731.61700
3.48470	0.00000	4731.61700
3.48853	0.00000	4723.34500
3.49238	0.00000	4723.34500
3.49622	0.00000	4723.34500
3.50005	0.00000	4723.34500
3.50388	0.00000	4723.34500
3.50770	0.00000	4723.34500
3.51153	0.00000	4742.81000
3.51537	0.00000	4742.81000
3.51920	0.00000	4742.81000
3.52304	0.00000	4742.81000
3.52687	0.00000	4742.81000
3.53070	0.00000	4726.33100
3.53452	0.00000	4726.33100
3.53834	0.00000	4726.33100
3.54217	0.00000	4726.33100
3.54601	0.00000	4726.33100
3.54984	0.00000	4726.33100
3.55367	0.00000	4734.65200
3.55751	0.00000	4734.65200
3.56134	0.00000	4734.65200
3.56517	0.00000	4734.65200
3.56900	0.00000	4734.65200
3.57283	0.00000	4734.65200
3.57665	0.00000	4737.27900
3.58049	0.00000	4737.27900
3.58432	0.00000	4737.27900
3.58816	0.00000	4737.27900
3.59199	0.00000	4737.27900
3.59582	0.00000	4737.27900
3.59966	0.00000	4728.98200
3.60348	0.00000	4728.98200
3.60732	0.00000	4728.98200
3.61114	0.00000	4728.98200
3.61497	0.00000	4728.98200
3.61881	0.00000	4728.98200
3.62263	0.00000	4731.87800
3.62646	0.00000	4731.87800
3.63029	0.00000	4731.87800
3.63412	0.00000	4731.87800
3.63795	0.00000	4731.87800
3.64177	0.00000	4720.88300
3.64564	0.00000	4720.88300
3.64948	0.00000	4720.88300
3.65331	0.00000	4720.88300
3.65714	0.00000	4720.88300
3.66097	0.00000	4720.88300
3.66480	0.00000	4740.04400
3.66863	0.00000	4740.04400
3.67246	0.00000	4740.04400
3.67629	0.00000	4740.04400
3.68012	0.00000	4740.04400
3.68396	0.00000	4740.04400
3.68780	0.00000	4734.37500
3.69163	0.00000	4734.37500
3.69546	0.00000	4734.37500
3.69930	0.00000	4734.37500
3.70312	0.00000	4734.37500
3.70695	0.00000	4734.37500
3.71078	0.00000	4734.37500
3.71461	0.00000	4734.37500
3.71845	0.00000	4734.37500
3.72228	0.00000	4734.37500
3.72611	0.00000	4734.37500
3.72994	0.00000	4723.55700
3.73379	0.00000	4723.55700
3.73762	0.00000	4723.55700
3.74145	0.00000	4723.55700
3.74528	0.00000	4723.55700
3.74911	0.00000	4723.55700
3.75296	0.00000	4726.21700
3.75678	0.00000	4726.21700
3.76061	0.00000	4726.21700
3.76444	0.00000	4726.21700
3.76827	0.00000	4726.21700
3.77210	0.00000	4726.21700
3.77592	0.00000	4717.83100
3.77975	0.00000	4717.83100
3.78359	0.00000	4717.83100
3.78742	0.00000	4717.83100
3.79126	0.00000	4717.83100
3.79510	0.00000	4717.83100
3.79894	0.00000	4734.37500
3.80278	0.00000	4734.37500
3.80661	0.00000	4734.37500
3.81044	0.00000	4734.37500
3.81428	0.00000	4734.37500
3.81811	0.00000	4734.65200
3.82193	0.00000	4734.65200
3.82577	0.00000	4734.65200
3.82961	0.00000	4734.65200
3.83345	0.00000	4734.65200
3.83729	0.00000	4734.65200
3.84113	0.00000	4731.87800
3.84496	0.00000	4731.87800
3.84879	0.00000	4731.87800
3.85262	0.00000	4731.87800
3.85645	0.00000	4731.87800
3.86029	0.00000	4731.87800
3.86412	0.00000	4726.10300
3.86796	0.00000	4726.10300
3.87178	0.00000	4726.10300
3.87561	0.00000	4726.10300
3.87944	0.00000	4726.10300
3.88326	0.00000	4726.10300
3.88709	0.00000	4728.98200
3.89093	0.00000	4728.98200
3.89476	0.00000	4728.98200
3.89860	0.00000	4728.98200
3.90243	0.00000	4728.98200
3.90626	0.00000	4728.98200
3.91008	0.00000	4726.10300
3.91393	0.00000	4726.10300
3.91775	0.00000	4726.10300
3.92159	0.00000	4726.10300
3.92541	0.00000	4726.10300
3.92924	0.00000	4737.42600
3.93310	0.00000	4737.42600
3.93692	0.00000	4737.42600
3.94075	0.00000	4737.42600
3.94459	0.00000	4737.42600
3.94842	0.00000	4737.42600
3.95225	0.00000	4731.74800
3.95607	0.00000	4731.74800
3.95990	0.00000	4731.74800
3.96373	0.00000	4731.74800
3.96755	0.00000	4731.74800
3.97139	0.00000	4731.74800
3.97521	0.00000	4726.21700
3.97904	0.00000	4726.21700
3.98287	0.00000	4726.21700
3.98670	0.00000	4726.21700
3.99055	0.00000	4726.21700
3.99438	0.00000	4726.21700
3.99821	0.00000	4728.98200
4.00205	0.00000	4728.98200
4.00588	0.00000	4728.98200
4.00971	0.00000	4728.98200
4.01353	0.00000	4728.98200
4.01737	0.00000	4743.13800
4.02119	0.00000	4743.13800
4.02502	0.00000	4743.13800
4.02886	0.00000	4743.13800
4.03269	0.00000	4743.13800
4.03652	0.00000	4743.13800
4.04037	0.00000	4734.65200
4.04419	0.00000	4734.65200
4.04801	0.00000	4734.65200
4.05186	0.00000	4734.65200
4.05569	0.00000	4734.65200
4.05952	0.00000	4734.65200
4.06335	0.00000	4745.57500
4.06718	0.00000	4745.57500
4.07102	0.00000	4745.57500
4.07485	0.00000	4745.57500
4.07869	0.00000	4745.57500
4.08252	0.00000	4745.57500
4.08634	0.00000	4731.61700
4.09018	0.00000	4731.61700
4.09401	0.00000	4731.61700
4.09784	0.00000	4731.61700
4.10167	0.00000	4731.61700
4.10550	0.00000	4731.61700
4.10932	0.00000	4734.65200
4.11316	0.00000	4734.65200
4.11699	0.00000	4734.65200
4.12082	0.00000	4734.65200
4.12465	0.00000	4734.65200
4.12848	0.00000	4726.33100
4.13232	0.00000	4726.33100
4.13616	0.00000	4726.33100
4.14000	0.00000	4726.33100
4.14383	0.00000	4726.33100
4.14766	0.00000	4726.33100
4.15149	0.00000	4717.83100
4.15532	0.00000	4717.83100
4.15915	0.00000	4717.83100
4.16299	0.00000	4717.83100
4.16682	0.00000	4717.83100
4.17066	0.00000	4717.83100
4.17449	0.00000	4726.10300
4.17832	0.00000	4726.10300
4.18215	0.00000	4726.10300
4.18599	0.00000	4726.10300
4.18982	0.00000	4726.10300
4.19366	0.00000	4726.10300
4.19749	0.00000	4742.81000
4.20133	0.00000	4742.81000
4.20516	0.00000	4742.81000
4.20900	0.00000	4742.81000
4.21283	0.00000	4742.81000
4.21665	0.00000	4740.19900
4.22049	0.00000	4740.19900
4.22434	0.00000	4740.19900
4.22817	0.00000	4740.19900
4.23201	0.00000	4740.19900
4.23584	0.00000	4740.19900
4.23967	0.00000	4745.74700
4.24351	0.00000	4745.74700
4.24734	0.00000	4745.74700
4.25116	0.00000	4745.74700
4.25500	0.00000	4745.74700
4.25882	0.00000	4745.74700
4.26266	0.00000	4742.64700
4.26650	0.00000	4742.64700
4.27033	0.00000	4742.64700
4.27416	0.00000	4742.64700
4.27800	0.00000	4742.64700
4.28182	0.00000	4742.64700
4.28565	0.00000	4750.91900
4.28948	0.00000	4750.91900
4.29331	0.00000	4750.91900
4.29715	0.00000	4750.91900
4.30098	0.00000	4750.91900
4.30481	0.00000	4750.91900
4.30864	0.00000	4737.27900
4.31247	0.00000	4737.27900
4.31630	0.00000	4737.27900
4.32013	0.00000	4737.27900
4.32396	0.00000	4737.27900
4.32779	0.00000	4734.65200
4.33164	0.00000	4734.65200
4.33548	0.00000	4734.65200
4.33931	0.00000	4734.65200
4.34314	0.00000	4734.65200
4.34697	0.00000	4734.65200
4.35082	0.00000	4742.64700
4.35465	0.00000	4742.64700
4.35849	0.00000	4742.64700
4.36232	0.00000	4742.64700
4.36616	0.00000	4742.64700
4.36999	0.00000	4742.64700
4.37384	0.00000	4737.13200
4.37766	0.00000	4737.13200
4.38149	0.00000	4737.13200
4.38532	0.00000	4737.13200
4.38915	0.00000	4737.13200
4.39297	0.00000	4737.13200
4.39680	0.00000	4737.13200
4.40064	0.00000	4737.13200
4.40447	0.00000	4737.13200
4.40830	0.00000	4737.13200
4.41214	0.00000	4737.13200
4.41596	0.00000	4734.65200
4.41979	0.00000	4734.65200
4.42363	0.00000	4734.65200
4.42745	0.00000	4734.65200
4.43128	0.00000	4734.65200
4.43512	0.00000	4734.65200
4.43895	0.00000	4734.37500
4.44279	0.00000	4734.37500
4.44662	0.00000	4734.37500
4.45045	0.00000	4734.37500
4.45428	0.00000	4734.37500
4.45812	0.00000	4734.37500
4.46195	0.00000	4742.48500
4.46577	0.00000	4742.48500
4.46960	0.00000	4742.48500
4.47343	0.00000	4742.48500
4.47725	0.00000	4742.48500
4.48109	0.00000	4742.48500
4.48492	0.00000	4745.57500
4.48875	0.00000	4745.57500
4.49260	0.00000	4745.57500
4.49644	0.00000	4745.57500
4.50027	0.00000	4745.57500
4.50411	0.00000	4745.57500
4.50794	0.00000	4731.61700
4.51177	0.00000	4731.61700
4.51560	0.00000	4731.61700
4.51943	0.00000	4731.61700
4.52327	0.00000	4731.61700
4.52710	0.00000	4745.74700
4.53095	0.00000	4745.74700
4.53479	0.00000	4745.74700
4.53862	0.00000	4745.74700
4.54245	0.00000	4745.74700
4.54628	0.00000	4745.74700
4.55011	0.00000	4739.88900
4.55395	0.00000	4739.88900
4.55778	0.00000	4739.88900
4.56161	0.00000	4739.88900
4.56544	0.00000	4739.88900
4.56927	0.00000	4739.88900
4.57309	0.00000	4728.73900
4.57693	0.00000	4728.73900
4.58076	0.00000	4728.73900
4.58454	0.00000	4728.73900
4.58836	0.00000	4728.73900
4.59219	0.00000	4728.73900
4.59602	0.00000	4739.88900
4.59986	0.00000	4739.88900
4.60370	0.00000	4739.88900
4.60753	0.00000	4739.88900
4.61136	0.00000	4739.88900
4.61519	0.00000	4739.88900
4.61901	0.00000	4731.61700
4.62284	0.00000	4731.61700
4.62667	0.00000	4731.61700
4.63051	0.00000	4731.61700
4.63434	0.00000	4731.61700
4.63816	0.00000	4745.74700
4.64200	0.00000	4745.74700
4.64583	0.00000	4745.74700
4.64966	0.00000	4745.74700
4.65349	0.00000	4745.74700
4.65732	0.00000	4745.74700
4.66116	0.00000	4739.88900
4.66500	0.00000	4739.88900
4.66882	0.00000	4739.88900
4.67265	0.00000	4739.88900
4.67648	0.00000	4739.88900
4.68031	0.00000	4739.88900
4.68414	0.00000	4739.88900
4.68797	0.00000	4739.88900
4.69181	0.00000	4739.88900
4.69564	0.00000	4739.88900
4.69947	0.00000	4739.88900
4.70330	0.00000	4739.88900
4.70714	0.00000	4742.64700
4.71096	0.00000	4742.64700
4.71479	0.00000	4742.64700
4.71864	0.00000	4742.64700
4.72247	0.00000	4742.64700
4.72629	0.00000	4740.19900
4.73011	0.00000	4740.19900
4.73395	0.00000	4740.19900
4.73777	0.00000	4740.19900
4.74161	0.00000	4740.19900
4.74545	0.00000	4740.19900
4.74928	0.00000	4745.57500
4.75313	0.00000	4745.57500
4.75696	0.00000	4745.57500
4.76079	0.00000	4745.57500
4.76463	0.00000	4745.57500
4.76846	0.00000	4745.57500
4.77230	0.00000	4745.23400
4.77613	0.00000	4745.23400
4.77997	0.00000	4745.23400
4.78380	0.00000	4745.23400
4.78762	0.00000	4745.23400
4.79146	0.00000	4745.23400
4.79529	0.00000	4750.91900
4.79912	0.00000	4750.91900
4.80295	0.00000	4750.91900
4.80678	0.00000	4750.91900
4.81061	0.00000	4750.91900
4.81444	0.00000	4750.91900
4.81827	0.00000	4739.88900
4.82211	0.00000	4739.88900
4.82594	0.00000	4739.88900
4.82977	0.00000	4739.88900
4.83360	0.00000	4739.88900
4.83743	0.00000	4745.74700
4.84125	0.00000	4745.74700
4.84509	0.00000	4745.74700
4.84892	0.00000	4745.74700
4.85276	0.00000	4745.74700
4.85659	0.00000	4745.74700
4.86043	0.00000	4742.64700
4.86425	0.00000	4742.64700
4.86809	0.00000	4742.64700
4.87193	0.00000	4742.64700
4.87577	0.00000	4742.64700
4.87960	0.00000	4742.64700
4.88344	0.00000	4753.67600
4.88726	0.00000	4753.67600
4.89109	0.00000	4753.67600
4.89492	0.00000	4753.67600
4.89876	0.00000	4753.67600
4.90261	0.00000	4753.67600
4.90643	0.00000	4745.40400
4.91027	0.00000	4745.40400
4.91409	0.00000	4745.40400
4.91792	0.00000	4745.40400
4.92175	0.00000	4745.40400
4.92558	0.00000	4745.40400
4.92941	0.00000	4742.64700
4.93324	0.00000	4742.64700
4.93708	0.00000	4742.64700
4.94091	0.00000	4742.64700
4.94474	0.00000	4742.64700
4.94854	0.00000	4745.74700
4.95237	0.00000	4745.74700
4.95620	0.00000	4745.74700
4.96003	0.00000	4745.74700
4.96386	0.00000	4745.74700
4.96770	0.00000	4745.74700
4.97153	0.00000	4745.40400
4.97535	0.00000	4745.40400
4.97919	0.00000	4745.40400
4.98302	0.00000	4745.40400
4.98685	0.00000	4745.40400
4.99069	0.00000	4745.40400
4.99453	0.00000	4750.91900
4.99836	0.00000	4750.91900
5.00272	0.00000	4750.91900
5.00659	0.00000	4750.91900
5.01046	0.00000	4750.91900
5.01459	0.00000	4751.10600
5.01848	0.00000	4751.10600
5.02238	0.00000	4751.10600
5.02627	0.00000	4751.10600
5.03014	0.00000	4751.10600
5.03424	0.00000	4751.10600
5.03816	0.00000	4833.81500
5.04201	0.00000	4833.81500
5.04587	0.00000	4833.81500
5.04972	0.00000	4833.81500
5.05356	0.00000	4833.81500
5.05740	0.00000	4833.81500
5.06124	0.00000	4991.34300
5.06510	0.00000	4991.34300
5.06894	0.00000	4991.34300
5.07278	0.00000	4991.34300
5.07661	0.00000	4991.34300
5.08046	0.00000	4991.34300
5.08430	0.00000	4991.34300
5.08814	0.00000	5108.62300
5.09198	0.00000	5108.62300
5.09582	0.00000	5108.62300
5.09966	0.00000	5108.62300
5.10352	0.00000	5108.62300
5.10736	0.00000	5108.62300
5.11120	0.00000	5190.78900
5.11505	0.00000	5190.78900
5.11889	0.00000	5190.78900
5.12272	0.00000	5190.78900
5.12657	0.00000	5190.78900
5.13040	0.00000	5190.78900
5.13425	0.00000	5190.78900
5.13808	0.00000	5260.14800
5.14193	0.00000	5260.14800
5.14576	0.00000	5260.14800
5.14960	0.00000	5260.14800
5.15344	0.00000	5260.14800
5.15728	0.00000	5260.14800
5.16112	0.00000	5307.69200
5.16498	0.00000	5307.69200
5.16883	0.00000	5307.69200
5.17267	0.00000	5307.69200
5.17652	0.00000	5307.69200
5.18037	0.00000	5307.69200
5.18421	0.00000	5307.69200
5.18805	0.00000	5340.90800
5.19189	0.00000	5340.90800
5.19572	0.00000	5340.90800
5.19956	0.00000	5340.90800
5.20340	0.00000	5340.90800
5.20724	0.00000	5340.90800
5.21109	0.00000	5340.90800
5.21493	0.00000	5361.84200
5.21877	0.00000	5361.84200
5.22260	0.00000	5361.84200
5.22644	0.00000	5361.84200
5.23028	0.00000	5361.84200
5.23412	0.00000	5361.84200
5.23796	0.00000	5361.84200
5.24178	0.00000	5376.56200
5.24562	0.00000	5376.56200
5.24945	0.00000	5376.56200
5.25329	0.00000	5376.56200
5.25713	0.00000	5376.56200
5.26097	0.00000	5376.56200
5.26481	0.00000	5406.48500
5.26865	0.00000	5406.48500
5.27249	0.00000	5406.48500
5.27633	0.00000	5406.48500
5.28016	0.00000	5406.48500
5.28400	0.00000	5406.48500
5.28785	0.00000	5406.48500
5.29169	0.00000	5401.67500
5.29552	0.00000	5401.67500
5.29936	0.00000	5401.67500
5.30321	0.00000	5401.67500
5.30705	0.00000	5401.67500
5.31088	0.00000	5401.67500
5.31472	0.00000	5401.67500
5.31857	0.00000	5411.51000
5.32241	0.00000	5411.51000
5.32625	0.00000	5411.51000
5.33008	0.00000	5411.51000
5.33393	0.00000	5411.51000
5.33776	0.00000	5411.51000
5.34161	0.00000	5411.51000
5.34545	0.00000	5414.35200
5.34929	0.00000	5414.35200
5.35313	0.00000	5414.35200
5.35696	0.00000	5414.35200
5.36080	0.00000	5414.35200
5.36463	0.00000	5414.35200
5.36847	0.00000	5414.35200
5.37232	0.00000	5416.66600
5.37615	0.00000	5416.66600
5.37999	0.00000	5416.66600
5.38382	0.00000	5416.66600
5.38768	0.00000	5416.66600
5.39151	0.00000	5416.66600
5.39535	0.00000	5416.66600
5.39918	0.00000	5430.07400
5.40302	0.00000	5430.07400
5.40690	0.00000	5430.07400
5.41081	0.00000	5430.07400
5.41467	0.00000	5430.07400
5.41852	0.00000	5430.07400
5.42240	0.00000	5431.91600
5.42627	0.00000	5431.91600
5.43011	0.00000	5431.91600
5.43396	0.00000	5431.91600
5.43783	0.00000	5431.91600
5.44169	0.00000	5431.91600
5.44555	0.00000	5431.91600
5.44940	0.00000	5426.41600
5.45324	0.00000	5426.41600
5.45712	0.00000	5426.41600
5.46099	0.00000	5426.41600
5.46484	0.00000	5426.41600
5.46869	0.00000	5426.41600
5.47253	0.00000	5426.41600
5.47638	0.00000	5426.41600
5.48022	0.00000	5426.41600
5.48405	0.00000	5426.41600
5.48789	0.00000	5426.41600
5.49174	0.00000	5426.41600
5.49557	0.00000	5426.41600
5.49940	0.00000	5426.41600
5.50325	0.00000	5433.34400
5.50710	0.00000	5433.34400
5.51094	0.00000	5433.34400
5.51478	0.00000	5433.34400
5.51861	0.00000	5433.34400
5.52246	0.00000	5433.34400
5.52629	0.00000	5433.34400
5.53013	0.00000	5424.60000
5.53396	0.00000	5424.60000
5.53780	0.00000	5424.60000
5.54163	0.00000	5424.60000
5.54547	0.00000	5424.60000
5.54930	0.00000	5424.60000
5.55313	0.00000	5424.60000
5.55697	0.00000	5424.60000
5.56080	0.00000	5424.60000
5.56465	0.00000	5424.60000
5.56848	0.00000	5424.60000
5.57232	0.00000	5424.60000
5.57615	0.00000	5424.60000
5.57999	0.00000	5424.60000
5.58381	0.00000	5428.72500
5.58765	0.00000	5428.72500
5.59149	0.00000	5428.72500
5.59532	0.00000	5428.72500
5.59917	0.00000	5428.72500
5.60300	0.00000	5428.72500
5.60684	0.00000	5443.54800
5.61067	0.00000	5443.54800
5.61452	0.00000	5443.54800
5.61836	0.00000	5443.54800
5.62220	0.00000	5443.54800
5.62604	0.00000	5443.54800
5.62988	0.00000	5443.54800
5.63373	0.00000	5446.31800
5.63758	0.00000	5446.31800
5.64142	0.00000	5446.31800
5.64525	0.00000	5446.31800
5.64909	0.00000	5446.31800
5.65292	0.00000	5446.31800
5.65675	0.00000	5446.31800
5.66059	0.00000	5437.96200
5.66442	0.00000	5437.96200
5.66826	0.00000	5437.96200
5.67210	0.00000	5437.96200
5.67593	0.00000	5437.96200
5.67977	0.00000	5437.96200
5.68360	0.00000	5437.96200
5.68743	0.00000	5435.65200
5.69127	0.00000	5435.65200
5.69510	0.00000	5435.65200
5.69893	0.00000	5435.65200
5.70277	0.00000	5435.65200
5.70661	0.00000	5435.65200
5.71048	0.00000	5435.65200
5.71435	0.00000	5437.96200
5.71820	0.00000	5437.96200
5.72206	0.00000	5437.96200
5.72593	0.00000	5437.96200
5.72978	0.00000	5437.96200
5.73363	0.00000	5437.96200
5.73749	0.00000	5437.96200
5.74133	0.00000	5442.58000
5.74520	0.00000	5442.58000
5.74906	0.00000	5442.58000
5.75290	0.00000	5442.58000
5.75674	0.00000	5442.58000
5.76054	0.00000	5442.58000
5.76438	0.00000	5442.58000
5.76821	0.00000	5435.65200
5.77204	0.00000	5435.65200
5.77588	0.00000	5435.65200
5.77971	0.00000	5435.65200
5.78355	0.00000	5435.65200
5.78740	0.00000	5435.65200
5.79125	0.00000	5435.65200
5.79508	0.00000	5442.13000
5.79892	0.00000	5442.13000
5.80276	0.00000	5442.13000
5.80659	0.00000	5442.13000
5.81043	0.00000	5442.13000
5.81427	0.00000	5442.13000
5.81810	0.00000	5434.71500
5.82195	0.00000	5434.71500
5.82578	0.00000	5434.71500
5.82961	0.00000	5434.71500
5.83345	0.00000	5434.71500
5.83728	0.00000	5434.71500
5.84111	0.00000	5434.71500
5.84495	0.00000	5432.87000
5.84879	0.00000	5432.87000
5.85263	0.00000	5432.87000
5.85651	0.00000	5432.87000
5.86038	0.00000	5432.87000
5.86422	0.00000	5432.87000
5.86807	0.00000	5432.87000
5.87193	0.00000	5429.20700
5.87577	0.00000	5429.20700
5.87961	0.00000	5429.20700
5.88345	0.00000	5429.20700
5.88733	0.00000	5429.20700
5.89117	0.00000	5429.20700
5.89503	0.00000	5429.20700
5.89888	0.00000	5440.27100
5.90275	0.00000	5440.27100
5.90660	0.00000	5440.27100
5.91045	0.00000	5440.27100
5.91430	0.00000	5440.27100
5.91817	0.00000	5440.27100
5.92202	0.00000	5440.27100
5.92587	0.00000	5424.60000
5.92972	0.00000	5424.60000
5.93360	0.00000	5424.60000
5.93744	0.00000	5424.60000
5.94131	0.00000	5424.60000
5.94516	0.00000	5424.60000
5.94902	0.00000	5424.60000
5.95289	0.00000	5440.27100
5.95674	0.00000	5440.27100
5.96054	0.00000	5440.27100
5.96437	0.00000	5440.27100
5.96825	0.00000	5440.27100
5.97210	0.00000	5440.27100
5.97595	0.00000	5440.27100
5.97979	0.00000	5437.50000
5.98367	0.00000	5437.50000
5.98751	0.00000	5437.50000
5.99134	0.00000	5437.50000
5.99519	0.00000	5437.50000
5.99907	0.00000	5437.50000
6.00292	0.00000	5434.71500
6.00677	0.00000	5434.71500
6.01062	0.00000	5434.71500
6.01450	0.00000	5434.71500
6.01836	0.00000	5434.71500
6.02221	0.00000	5434.71500
6.02607	0.00000	5434.71500
6.02994	0.00000	5435.18500
6.03378	0.00000	5435.18500
6.03764	0.00000	5435.18500
6.04148	0.00000	5435.18500
6.04533	0.00000	5435.18500
6.04923	0.00000	5435.18500
6.05310	0.00000	5435.18500
6.05695	0.00000	5437.96200
6.06082	0.00000	5437.96200
6.06470	0.00000	5437.96200
6.06854	0.00000	5437.96200
6.07239	0.00000	5437.96200
6.07625	0.00000	5437.96200
6.08015	0.00000	5437.96200
6.08400	0.00000	5424.60000
6.08784	0.00000	5424.60000
6.09168	0.00000	5424.60000
6.09556	0.00000	5424.60000
6.09942	0.00000	5424.60000
6.10326	0.00000	5424.60000
6.10711	0.00000	5424.60000
6.11098	0.00000	5424.60000
6.11482	0.00000	5424.60000
6.11868	0.00000	5424.60000
6.12253	0.00000	5424.60000
6.12639	0.00000	5424.60000
6.13023	0.00000	5424.60000
6.13408	0.00000	5424.60000
6.13793	0.00000	5429.20700
6.14179	0.00000	5429.20700
6.14564	0.00000	5429.20700
6.14949	0.00000	5429.20700
6.15335	0.00000	5429.20700
6.15719	0.00000	5429.20700
6.16105	0.00000	5430.07400
6.16489	0.00000	5430.07400
6.16875	0.00000	5430.07400
6.17259	0.00000	5430.07400
6.17645	0.00000	5430.07400
6.18031	0.00000	5430.07400
6.18414	0.00000	5430.07400
6.18798	0.00000	5434.71500
6.19189	0.00000	5434.71500
6.19575	0.00000	5434.71500
6.19960	0.00000	5434.71500
6.20345	0.00000	5434.71500
6.20731	0.00000	5434.71500
6.21116	0.00000	5434.71500
6.21500	0.00000	5437.96200
6.21886	0.00000	5437.96200
6.22272	0.00000	5437.96200
6.22656	0.00000	5437.96200
6.23042	0.00000	5437.96200
6.23426	0.00000	5437.96200
6.23811	0.00000	5437.96200
6.24196	0.00000	5437.96200
6.24579	0.00000	5437.96200
6.24965	0.00000	5437.96200
6.25351	0.00000	5437.96200
6.25735	0.00000	5437.96200
6.26122	0.00000	5437.96200
6.26506	0.00000	5437.96200
6.26893	0.00000	5431.03400
6.27283	0.00000	5431.03400
6.27672	0.00000	5431.03400
6.28054	0.00000	5431.03400
6.28439	0.00000	5431.03400
6.28826	0.00000	5431.03400
6.29211	0.00000	5431.03400
6.29598	0.00000	5446.75900
6.29984	0.00000	5446.75900
6.30371	0.00000	5446.75900
6.30755	0.00000	5446.75900
6.31141	0.00000	5446.75900
6.31526	0.00000	5446.75900
6.31912	0.00000	5446.75900
6.32296	0.00000	5434.71500
6.32681	0.00000	5434.71500
6.33065	0.00000	5434.71500
6.33451	0.00000	5434.71500
6.33835	0.00000	5434.71500
6.34220	0.00000	5434.71500
6.34605	0.00000	5445.87400
6.34992	0.00000	5445.87400
6.35376	0.00000	5445.87400
6.35760	0.00000	5445.87400
6.36146	0.00000	5445.87400
6.36531	0.00000	5445.87400
6.36917	0.00000	5445.87400
6.37302	0.00000	5421.79800
6.37687	0.00000	5421.79800
6.38075	0.00000	5421.79800
6.38465	0.00000	5421.79800
6.38851	0.00000	5421.79800
6.39236	0.00000	5421.79800
6.39622	0.00000	5421.79800
6.40010	0.00000	5424.10700
6.40395	0.00000	5424.10700
6.40779	0.00000	5424.10700
6.41165	0.00000	5424.10700
6.41549	0.00000	5424.10700
6.41933	0.00000	5424.10700
6.42317	0.00000	5424.10700
6.42702	0.00000	5442.13000
6.43086	0.00000	5442.13000
6.43470	0.00000	5442.13000
6.43854	0.00000	5442.13000
6.44238	0.00000	5442.13000
6.44622	0.00000	5442.13000
6.45007	0.00000	5442.13000
6.45391	0.00000	5424.10700
6.45774	0.00000	5424.10700
6.46158	0.00000	5424.10700
6.46542	0.00000	5424.10700
6.46925	0.00000	5424.10700
6.47309	0.00000	5424.10700
6.47693	0.00000	5424.10700
6.48076	0.00000	5426.41600
6.48461	0.00000	5426.41600
6.48845	0.00000	5426.41600
6.49229	0.00000	5426.41600
6.49612	0.00000	5426.41600
6.49996	0.00000	5426.41600
6.50381	0.00000	5438.89600
6.50763	0.00000	5438.89600
6.51146	0.00000	5438.89600
6.51530	0.00000	5438.89600
6.51914	0.00000	5438.89600
6.52297	0.00000	5438.89600
6.52681	0.00000	5438.89600
6.53065	0.00000	5438.89600
6.53450	0.00000	5438.89600
6.53833	0.00000	5438.89600
6.54217	0.00000	5438.89600
6.54601	0.00000	5438.89600
6.54984	0.00000	5438.89600
6.55367	0.00000	5438.89600
6.55751	0.00000	5426.41600
6.56135	0.00000	5426.41600
6.56518	0.00000	5426.41600
6.56902	0.00000	5426.41600
6.57286	0.00000	5426.41600
6.57670	0.00000	5426.41600
6.58054	0.00000	5426.41600
6.58437	0.00000	5421.79800
6.58820	0.00000	5421.79800
6.59203	0.00000	5421.79800
6.59589	0.00000	5421.79800
6.59972	0.00000	5421.79800
6.60356	0.00000	5421.79800
6.60739	0.00000	5421.79800
6.61122	0.00000	5437.50000
6.61506	0.00000	5437.50000
6.61890	0.00000	5437.50000
6.62274	0.00000	5437.50000
6.62657	0.00000	5437.50000
6.63041	0.00000	5437.50000
6.63425	0.00000	5437.50000
6.63808	0.00000	5437.50000
6.64191	0.00000	5437.50000
6.64575	0.00000	5437.50000
6.64959	0.00000	5437.50000
6.65345	0.00000	5437.50000
6.65728	0.00000	5437.50000
6.66113	0.00000	5437.50000
6.66496	0.00000	5424.10700
6.66880	0.00000	5424.10700
6.67264	0.00000	5424.10700
6.67649	0.00000	5424.10700
6.68033	0.00000	5424.10700
6.68417	0.00000	5424.10700
6.68801	0.00000	5424.10700
6.69184	0.00000	5423.61100
6.69567	0.00000	5423.61100
6.69952	0.00000	5423.61100
6.70336	0.00000	5423.61100
6.70721	0.00000	5423.61100
6.71104	0.00000	5423.61100
6.71489	0.00000	5436.56900
6.71873	0.00000	5436.56900
6.72257	0.00000	5436.56900
6.72640	0.00000	5436.56900
6.73024	0.00000	5436.56900
6.73408	0.00000	5436.56900
6.73791	0.00000	5436.56900
6.74175	0.00000	5425.92600
6.74560	0.00000	5425.92600
6.74944	0.00000	5425.92600
6.75329	0.00000	5425.92600
6.75712	0.00000	5425.92600
6.76098	0.00000	5425.92600
6.76481	0.00000	5425.92600
6.76865	0.00000	5435.18500
6.77249	0.00000	5435.18500
6.77632	0.00000	5435.18500
6.78016	0.00000	5435.18500
6.78401	0.00000	5435.18500
6.78785	0.00000	5435.18500
6.79168	0.00000	5435.18500
6.79552	0.00000	5424.10700
6.79936	0.00000	5424.10700
6.80320	0.00000	5424.10700
6.80705	0.00000	5424.10700
6.81088	0.00000	5424.10700
6.81472	0.00000	5424.10700
6.81856	0.00000	5424.10700
6.82242	0.00000	5426.41600
6.82625	0.00000	5426.41600
6.83009	0.00000	5426.41600
6.83393	0.00000	5426.41600
6.83778	0.00000	5426.41600
6.84161	0.00000	5426.41600
6.84546	0.00000	5426.41600
6.84930	0.00000	5424.10700
6.85314	0.00000	5424.10700
6.85697	0.00000	5424.10700
6.86082	0.00000	5424.10700
6.86466	0.00000	5424.10700
6.86851	0.00000	5424.10700
6.87235	0.00000	5424.10700
6.87618	0.00000	5437.50000
6.88002	0.00000	5437.50000
6.88386	0.00000	5437.50000
6.88770	0.00000	5437.50000
6.89154	0.00000	5437.50000
6.89539	0.00000	5437.50000
6.89925	0.00000	5431.91600
6.90310	0.00000	5431.91600
6.90694	0.00000	5431.91600
6.91077	0.00000	5431.91600
6.91462	0.00000	5431.91600
6.91846	0.00000	5431.91600
6.92230	0.00000	5431.91600
6.92613	0.00000	5432.39400
6.92998	0.00000	5432.39400
6.93383	0.00000	5432.39400
6.93767	0.00000	5432.39400
6.94150	0.00000	5432.39400
6.94534	0.00000	5432.39400
6.94919	0.00000	5432.39400
6.95302	0.00000	5426.41600
6.95686	0.00000	5426.41600
6.96070	0.00000	5426.41600
6.96454	0.00000	5426.41600
6.96837	0.00000	5426.41600
6.97221	0.00000	5426.41600
6.97604	0.00000	5426.41600
6.97988	0.00000	5437.50000
6.98372	0.00000	5437.50000
6.98755	0.00000	5437.50000
6.99139	0.00000	5437.50000
6.99523	0.00000	5437.50000
6.99907	0.00000	5437.50000
7.00291	0.00000	5437.50000
7.00675	0.00000	5424.10700
7.01058	0.00000	5424.10700
7.01443	0.00000	5424.10700
7.01827	0.00000	5424.10700
7.02211	0.00000	5424.10700
7.02596	0.00000	5424.10700
7.02983	0.00000	5424.10700
7.03369	0.00000	5431.03400
7.03754	0.00000	5431.03400
7.04138	0.00000	5431.03400
7.04522	0.00000	5431.03400
7.04905	0.00000	5431.03400
7.05289	0.00000	5431.03400
7.05672	0.00000	5431.03400
7.06054	0.00000	5433.34400
7.06437	0.00000	5433.34400
7.06821	0.00000	5433.34400
7.07205	0.00000	5433.34400
7.07588	0.00000	5433.34400
7.07972	0.00000	5433.34400
7.08355	0.00000	5433.34400
7.08738	0.00000	5428.24000
7.09124	0.00000	5428.24000
7.09507	0.00000	5428.24000
7.09891	0.00000	5428.24000
7.10275	0.00000	5428.24000
7.10660	0.00000	5428.24000
7.11043	0.00000	5427.75400
7.11428	0.00000	5427.75400
7.11811	0.00000	5427.75400
7.12196	0.00000	5427.75400
7.12580	0.00000	5427.75400
7.12964	0.00000	5427.75400
7.13347	0.00000	5427.75400
7.13732	0.00000	5435.18500
7.14115	0.00000	5435.18500
7.14500	0.00000	5435.18500
7.14883	0.00000	5435.18500
7.15266	0.00000	5435.18500
7.15650	0.00000	5435.18500
7.16036	0.00000	5435.18500
7.16419	0.00000	5435.65200
7.16804	0.00000	5435.65200
7.17187	0.00000	5435.65200
7.17572	0.00000	5435.65200
7.17955	0.00000	5435.65200
7.18340	0.00000	5435.65200
7.18723	0.00000	5435.65200
7.19108	0.00000	5428.72500
7.19492	0.00000	5428.72500
7.19875	0.00000	5428.72500
7.20259	0.00000	5428.72500
7.20643	0.00000	5428.72500
7.21026	0.00000	5428.72500
7.21410	0.00000	5428.72500
7.21793	0.00000	5435.65200
7.22178	0.00000	5435.65200
7.22562	0.00000	5435.65200
7.22945	0.00000	5435.65200
7.23328	0.00000	5435.65200
7.23712	0.00000	5435.65200
7.24095	0.00000	5435.65200
7.24499	0.00000	5433.34400
7.24888	0.00000	5433.34400
7.25273	0.00000	5433.34400
7.25654	0.00000	5433.34400
7.26042	0.00000	5433.34400
7.26431	0.00000	5433.34400
7.26816	0.00000	5433.34400
7.27200	0.00000	5439.81500
7.27588	0.00000	5439.81500
7.27977	0.00000	5439.81500
7.28362	0.00000	5439.81500
7.28746	0.00000	5439.81500
7.29130	0.00000	5439.81500
7.29518	0.00000	5432.39400
7.29905	0.00000	5432.39400
7.30288	0.00000	5432.39400
7.30672	0.00000	5432.39400
7.31060	0.00000	5432.39400
7.31445	0.00000	5432.39400
7.31828	0.00000	5432.39400
7.32213	0.00000	5428.72500
7.32601	0.00000	5428.72500
7.32985	0.00000	5428.72500
7.33369	0.00000	5428.72500
7.33754	0.00000	5428.72500
7.34138	0.00000	5428.72500
7.34525	0.00000	5428.72500
7.34911	0.00000	5437.96200
7.35296	0.00000	5437.96200
7.35681	0.00000	5437.96200
7.36065	0.00000	5437.96200
7.36449	0.00000	5437.96200
7.36834	0.00000	5437.96200
7.37218	0.00000	5437.96200
7.37607	0.00000	5437.96200
7.37991	0.00000	5437.96200
7.38375	0.00000	5437.96200
7.38758	0.00000	5437.96200
7.39142	0.00000	5437.96200
7.39526	0.00000	5437.96200
7.39910	0.00000	5437.96200
7.40293	0.00000	5442.58000
7.40677	0.00000	5442.58000
7.41061	0.00000	5442.58000
7.41445	0.00000	5442.58000
7.41828	0.00000	5442.58000
7.42211	0.00000	5442.58000
7.42595	0.00000	5442.58000
7.42979	0.00000	5433.34400
7.43363	0.00000	5433.34400
7.43747	0.00000	5433.34400
7.44131	0.00000	5433.34400
7.44515	0.00000	5433.34400
7.44898	0.00000	5433.34400
7.45282	0.00000	5433.34400
7.45665	0.00000	5424.10700
7.46049	0.00000	5424.10700
7.46433	0.00000	5424.10700
7.46817	0.00000	5424.10700
7.47200	0.00000	5424.10700
7.47584	0.00000	5424.10700
7.47968	0.00000	5438.89600
7.48351	0.00000	5438.89600
7.48735	0.00000	5438.89600
7.49118	0.00000	5438.89600
7.49501	0.00000	5438.89600
7.49885	0.00000	5438.89600
7.50269	0.00000	5438.89600
7.50652	0.00000	5441.67700
7.51038	0.00000	5441.67700
7.51423	0.00000	5441.67700
7.51811	0.00000	5441.67700
7.52196	0.00000	5441.67700
7.52580	0.00000	5441.67700
7.52966	0.00000	5441.67700
7.53351	0.00000	5424.10700
7.53737	0.00000	5424.10700
7.54120	0.00000	5424.10700
7.54505	0.00000	5424.10700
7.54889	0.00000	5424.10700
7.55277	0.00000	5424.10700
7.55662	0.00000	5424.10700
7.56047	0.00000	5431.03400
7.56432	0.00000	5431.03400
7.56815	0.00000	5431.03400
7.57199	0.00000	5431.03400
7.57584	0.00000	5431.03400
7.57967	0.00000	5431.03400
7.58352	0.00000	5431.03400
7.58737	0.00000	5442.13000
7.59120	0.00000	5442.13000
7.59504	0.00000	5442.13000
7.59888	0.00000	5442.13000
7.60271	0.00000	5442.13000
7.60654	0.00000	5442.13000
7.61038	0.00000	5442.13000
7.61422	0.00000	5431.03400
7.61805	0.00000	5431.03400
7.62190	0.00000	5431.03400
7.62573	0.00000	5431.03400
7.62957	0.00000	5431.03400
7.63341	0.00000	5431.03400
7.63724	0.00000	5431.03400
7.64107	0.00000	5419.99300
7.64491	0.00000	5419.99300
7.64875	0.00000	5419.99300
7.65254	0.00000	5419.99300
7.65638	0.00000	5419.99300
7.66021	0.00000	5419.99300
7.66405	0.00000	5419.99300
7.66788	0.00000	5430.55500
7.67172	0.00000	5430.55500
7.67555	0.00000	5430.55500
7.67939	0.00000	5430.55500
7.68322	0.00000	5430.55500
7.68706	0.00000	5430.55500
7.69090	0.00000	5425.43300
7.69474	0.00000	5425.43300
7.69858	0.00000	5425.43300
7.70241	0.00000	5425.43300
7.70625	0.00000	5425.43300
7.71008	0.00000	5425.43300
7.71392	0.00000	5425.43300
7.71775	0.00000	5426.41600
7.72159	0.00000	5426.41600
7.72543	0.00000	5426.41600
7.72927	0.00000	5426.41600
7.73311	0.00000	5426.41600
7.73694	0.00000	5426.41600
7.74078	0.00000	5426.41600
7.74461	0.00000	5431.03400
7.74845	0.00000	5431.03400
7.75228	0.00000	5431.03400
7.75612	0.00000	5431.03400
7.75996	0.00000	5431.03400
7.76379	0.00000	5431.03400
7.76763	0.00000	5431.03400
7.77147	0.00000	5431.03400
7.77532	0.00000	5431.03400
7.77916	0.00000	5431.03400
7.78300	0.00000	5431.03400
7.78684	0.00000	5431.03400
7.79067	0.00000	5431.03400
7.79451	0.00000	5431.03400
7.79835	0.00000	5431.03400
7.80219	0.00000	5431.03400
7.80604	0.00000	5431.03400
7.80987	0.00000	5431.03400
7.81371	0.00000	5431.03400
7.81755	0.00000	5431.03400
7.82140	0.00000	5431.03400
7.82524	0.00000	5433.34400
7.82908	0.00000	5433.34400
7.83292	0.00000	5433.34400
7.83680	0.00000	5433.34400
7.84068	0.00000	5433.34400
7.84454	0.00000	5433.34400
7.84839	0.00000	5433.34400
7.85223	0.00000	5426.41600
7.85606	0.00000	5426.41600
7.85989	0.00000	5426.41600
7.86373	0.00000	5426.41600
7.86756	0.00000	5426.41600
7.87140	0.00000	5426.41600
7.87524	0.00000	5427.75400
7.87908	0.00000	5427.75400
7.88291	0.00000	5427.75400
7.88675	0.00000	5427.75400
7.89058	0.00000	5427.75400
7.89442	0.00000	5427.75400
7.89825	0.00000	5427.75400
7.90209	0.00000	5439.35600
7.90593	0.00000	5439.35600
7.90977	0.00000	5439.35600
7.91360	0.00000	5439.35600
7.91744	0.00000	5439.35600
7.92128	0.00000	5439.35600
7.92511	0.00000	5439.35600
7.92894	0.00000	5431.03400
7.93278	0.00000	5431.03400
7.93661	0.00000	5431.03400
7.94045	0.00000	5431.03400
7.94429	0.00000	5431.03400
7.94812	0.00000	5431.03400
7.95197	0.00000	5431.03400
7.95580	0.00000	5433.34400
7.95965	0.00000	5433.34400
7.96349	0.00000	5433.34400
7.96732	0.00000	5433.34400
7.97115	0.00000	5433.34400
7.97501	0.00000	5433.34400
7.97884	0.00000	5433.34400
7.98268	0.00000	5428.72500
7.98652	0.00000	5428.72500
7.99037	0.00000	5428.72500
7.99421	0.00000	5428.72500
7.99804	0.00000	5428.72500
8.00188	0.00000	5428.72500
8.00574	0.00000	5428.72500
8.00957	0.00000	5428.72500
8.01341	0.00000	5428.72500
8.01724	0.00000	5428.72500
8.02109	0.00000	5428.72500
8.02493	0.00000	5428.72500
8.02880	0.00000	5428.72500
8.03265	0.00000	5428.72500
8.03649	0.00000	5442.13000
8.04033	0.00000	5442.13000
8.04416	0.00000	5442.13000
8.04800	0.00000	5442.13000
8.05184	0.00000	5442.13000
8.05567	0.00000	5442.13000
8.05951	0.00000	5442.13000
8.06334	0.00000	5432.87000
8.06718	0.00000	5432.87000
8.07102	0.00000	5432.87000
8.07486	0.00000	5432.87000
8.07869	0.00000	5432.87000
8.08254	0.00000	5432.87000
8.08638	0.00000	5425.43300
8.09020	0.00000	5425.43300
8.09404	0.00000	5425.43300
8.09788	0.00000	5425.43300
8.10171	0.00000	5425.43300
8.10557	0.00000	5425.43300
8.10941	0.00000	5425.43300
8.11326	0.00000	5434.71500
8.11711	0.00000	5434.71500
8.12094	0.00000	5434.71500
8.12478	0.00000	5434.71500
8.12862	0.00000	5434.71500
8.13245	0.00000	5434.71500
8.13630	0.00000	5434.71500
8.14014	0.00000	5437.50000
8.14398	0.00000	5437.50000
8.14781	0.00000	5437.50000
8.15165	0.00000	5437.50000
8.15549	0.00000	5437.50000
8.15934	0.00000	5437.50000
8.16317	0.00000	5437.50000
8.16703	0.00000	5426.41600
8.17086	0.00000	5426.41600
8.17471	0.00000	5426.41600
8.17854	0.00000	5426.41600
8.18238	0.00000	5426.41600
8.18622	0.00000	5426.41600
8.19006	0.00000	5426.41600
8.19390	0.00000	5419.48900
8.19774	0.00000	5419.48900
8.20158	0.00000	5419.48900
8.20540	0.00000	5419.48900
8.20924	0.00000	5419.48900
8.21310	0.00000	5419.48900
8.21693	0.00000	5419.48900
8.22077	0.00000	5437.50000
8.22460	0.00000	5437.50000
8.22845	0.00000	5437.50000
8.23229	0.00000	5437.50000
8.23613	0.00000	5437.50000
8.23997	0.00000	5437.50000
8.24381	0.00000	5437.50000
8.24765	0.00000	5424.10700
8.25148	0.00000	5424.10700
8.25532	0.00000	5424.10700
8.25915	0.00000	5424.10700
8.26299	0.00000	5424.10700
8.26683	0.00000	5424.10700
8.27067	0.00000	5431.91600
8.27450	0.00000	5431.91600
8.27833	0.00000	5431.91600
8.28217	0.00000	5431.91600
8.28601	0.00000	5431.91600
8.28985	0.00000	5431.91600
8.29370	0.00000	5431.91600
8.29754	0.00000	5431.91600
8.30139	0.00000	5431.91600
8.30522	0.00000	5431.91600
8.30906	0.00000	5431.91600
8.31289	0.00000	5431.91600
8.31672	0.00000	5431.91600
8.32054	0.00000	5431.91600
8.32437	0.00000	5432.87000
8.32821	0.00000	5432.87000
8.33206	0.00000	5432.87000
8.33594	0.00000	5432.87000
8.33979	0.00000	5432.87000
8.34364	0.00000	5432.87000
8.34747	0.00000	5432.87000
8.35132	0.00000	5437.50000
8.35516	0.00000	5437.50000
8.35900	0.00000	5437.50000
8.36285	0.00000	5437.50000
8.36670	0.00000	5437.50000
8.37054	0.00000	5437.50000
8.37438	0.00000	5437.50000
8.37822	0.00000	5430.55500
8.38208	0.00000	5430.55500
8.38592	0.00000	5430.55500
8.38976	0.00000	5430.55500
8.39360	0.00000	5430.55500
8.39744	0.00000	5430.55500
8.40127	0.00000	5430.55500
8.40512	0.00000	5430.55500
8.40895	0.00000	5430.55500
8.41279	0.00000	5430.55500
8.41662	0.00000	5430.55500
8.42046	0.00000	5430.55500
8.42430	0.00000	5430.55500
8.42815	0.00000	5430.55500
8.43199	0.00000	5421.79800
8.43584	0.00000	5421.79800
8.43968	0.00000	5421.79800
8.44352	0.00000	5421.79800
8.44735	0.00000	5421.79800
8.45118	0.00000	5421.79800
8.45502	0.00000	5421.79800
8.45887	0.00000	5432.39400
8.46270	0.00000	5432.39400
8.46654	0.00000	5432.39400
8.47038	0.00000	5432.39400
8.47423	0.00000	5432.39400
8.47807	0.00000	5432.39400
8.48190	0.00000	5427.26400
8.48575	0.00000	5427.26400
8.48961	0.00000	5427.26400
8.49345	0.00000	5427.26400
8.49729	0.00000	5427.26400
8.50112	0.00000	5427.26400
8.50497	0.00000	5427.26400
8.50880	0.00000	5417.17900
8.51264	0.00000	5417.17900
8.51648	0.00000	5417.17900
8.52032	0.00000	5417.17900
8.52417	0.00000	5417.17900
8.52804	0.00000	5417.17900
8.53189	0.00000	5417.17900
8.53573	0.00000	5428.24000
8.53957	0.00000	5428.24000
8.54344	0.00000	5428.24000
8.54729	0.00000	5428.24000
8.55113	0.00000	5428.24000
8.55498	0.00000	5428.24000
8.55885	0.00000	5428.24000
8.56271	0.00000	5432.87000
8.56656	0.00000	5432.87000
8.57040	0.00000	5432.87000
8.57424	0.00000	5432.87000
8.57808	0.00000	5432.87000
8.58192	0.00000	5432.87000
8.58577	0.00000	5432.87000
8.58964	0.00000	5425.92600
8.59350	0.00000	5425.92600
8.59735	0.00000	5425.92600
8.60120	0.00000	5425.92600
8.60508	0.00000	5425.92600
8.60896	0.00000	5425.92600
8.61282	0.00000	5425.92600
8.61667	0.00000	5427.75400
8.62051	0.00000	5427.75400
8.62435	0.00000	5427.75400
8.62819	0.00000	5427.75400
8.63203	0.00000	5427.75400
8.63586	0.00000	5427.75400
8.63970	0.00000	5422.61200
8.64355	0.00000	5422.61200
8.64739	0.00000	5422.61200
8.65123	0.00000	5422.61200
8.65507	0.00000	5422.61200
8.65890	0.00000	5422.61200
8.66274	0.00000	5422.61200
8.66659	0.00000	5425.43300
8.67046	0.00000	5425.43300
8.67430	0.00000	5425.43300
8.67816	0.00000	5425.43300
8.68202	0.00000	5425.43300
8.68586	0.00000	5425.43300
8.68970	0.00000	5425.43300
8.69354	0.00000	5428.24000
8.69738	0.00000	5428.24000
8.70122	0.00000	5428.24000
8.70505	0.00000	5428.24000
8.70889	0.00000	5428.24000
8.71275	0.00000	5428.24000
8.71655	0.00000	5428.24000
8.72042	0.00000	5414.87000
8.72427	0.00000	5414.87000
8.72813	0.00000	5414.87000
8.73198	0.00000	5414.87000
8.73582	0.00000	5414.87000
8.73966	0.00000	5414.87000
8.74350	0.00000	5414.87000
8.74735	0.00000	5428.24000
8.75119	0.00000	5428.24000
8.75504	0.00000	5428.24000
8.75888	0.00000	5428.24000
8.76273	0.00000	5428.24000
8.76660	0.00000	5428.24000
8.77045	0.00000	5428.24000
8.77429	0.00000	5428.24000
8.77814	0.00000	5428.24000
8.78198	0.00000	5428.24000
8.78582	0.00000	5428.24000
8.78966	0.00000	5428.24000
8.79350	0.00000	5428.24000
8.79734	0.00000	5424.93800
8.80117	0.00000	5424.93800
8.80501	0.00000	5424.93800
8.80885	0.00000	5424.93800
8.81270	0.00000	5424.93800
8.81654	0.00000	5424.93800
8.82037	0.00000	5424.93800
8.82421	0.00000	5427.26400
8.82807	0.00000	5427.26400
8.83191	0.00000	5427.26400
8.83575	0.00000	5427.26400
8.83959	0.00000	5427.26400
8.84344	0.00000	5427.26400
8.84727	0.00000	5427.26400
8.85111	0.00000	5428.24000
8.85495	0.00000	5428.24000
8.85878	0.00000	5428.24000
8.86262	0.00000	5428.24000
8.86646	0.00000	5428.24000
8.87030	0.00000	5428.24000
8.87415	0.00000	5428.24000
8.87803	0.00000	5423.61100
8.88188	0.00000	5423.61100
8.88572	0.00000	5423.61100
8.88956	0.00000	5423.61100
8.89341	0.00000	5423.61100
8.89729	0.00000	5423.61100
8.90114	0.00000	5423.61100
8.90498	0.00000	5414.87000
8.90882	0.00000	5414.87000
8.91268	0.00000	5414.87000
8.91654	0.00000	5414.87000
8.92037	0.00000	5414.87000
8.92421	0.00000	5414.87000
8.92805	0.00000	5414.87000
8.93189	0.00000	5421.29600
8.93573	0.00000	5421.29600
8.93957	0.00000	5421.29600
8.94342	0.00000	5421.29600
8.94726	0.00000	5421.29600
8.95110	0.00000	5421.29600
8.95493	0.00000	5421.29600
8.95876	0.00000	5430.07400
8.96261	0.00000	5430.07400
8.96644	0.00000	5430.07400
8.97027	0.00000	5430.07400
8.97411	0.00000	5430.07400
8.97794	0.00000	5430.07400
8.98178	0.00000	5420.28500
8.98564	0.00000	5420.28500
8.98947	0.00000	5420.28500
8.99331	0.00000	5420.28500
8.99715	0.00000	5420.28500
9.00098	0.00000	5420.28500
9.00482	0.00000	5420.28500
9.00866	0.00000	5420.79200
9.01250	0.00000	5420.79200
9.01634	0.00000	5420.79200
9.02017	0.00000	5420.79200
9.02402	0.00000	5420.79200
9.02789	0.00000	5420.79200
9.03174	0.00000	5420.79200
9.03558	0.00000	5432.39400
9.03942	0.00000	5432.39400
9.04326	0.00000	5432.39400
9.04710	0.00000	5432.39400
9.05093	0.00000	5432.39400
9.05478	0.00000	5432.39400
9.05862	0.00000	5432.39400
9.06246	0.00000	5423.61100
9.06631	0.00000	5423.61100
9.07014	0.00000	5423.61100
9.07399	0.00000	5423.61100
9.07782	0.00000	5423.61100
9.08166	0.00000	5423.61100
9.08550	0.00000	5423.61100
9.08933	0.00000	5432.39400
9.09317	0.00000	5432.39400
9.09701	0.00000	5432.39400
9.10086	0.00000	5432.39400
9.10470	0.00000	5432.39400
9.10854	0.00000	5432.39400
9.11239	0.00000	5432.39400
9.11623	0.00000	5425.92600
9.12008	0.00000	5425.92600
9.12392	0.00000	5425.92600
9.12776	0.00000	5425.92600
9.13160	0.00000	5425.92600
9.13544	0.00000	5425.92600
9.13928	0.00000	5425.92600
9.14311	0.00000	5420.79200
9.14694	0.00000	5420.79200
9.15078	0.00000	5420.79200
9.15462	0.00000	5420.79200
9.15846	0.00000	5420.79200
9.16231	0.00000	5420.79200
9.16614	0.00000	5429.10400
9.16998	0.00000	5429.10400
9.17382	0.00000	5429.10400
9.17767	0.00000	5429.10400
9.18151	0.00000	5429.10400
9.18534	0.00000	5429.10400
9.18917	0.00000	5429.10400
9.19301	0.00000	5418.98100
9.19684	0.00000	5418.98100
9.20067	0.00000	5418.98100
9.20451	0.00000	5418.98100
9.20836	0.00000	5418.98100
9.21220	0.00000	5418.98100
9.21604	0.00000	5418.98100
9.21987	0.00000	5437.03500
9.22370	0.00000	5437.03500
9.22752	0.00000	5437.03500
9.23136	0.00000	5437.03500
9.23519	0.00000	5437.03500
9.23903	0.00000	5437.03500
9.24286	0.00000	5437.03500
9.24670	0.00000	5425.92600
9.25054	0.00000	5425.92600
9.25437	0.00000	5425.92600
9.25821	0.00000	5425.92600
9.26204	0.00000	5425.92600
9.26588	0.00000	5425.92600
9.26972	0.00000	5425.92600
9.27355	0.00000	5425.92600
9.27738	0.00000	5425.92600
9.28122	0.00000	5425.92600
9.28506	0.00000	5425.92600
9.28890	0.00000	5425.92600
9.29274	0.00000	5425.92600
9.29654	0.00000	5425.92600
9.30038	0.00000	5421.29600
9.30422	0.00000	5421.29600
9.30805	0.00000	5421.29600
9.31188	0.00000	5421.29600
9.31572	0.00000	5421.29600
9.31955	0.00000	5421.29600
9.32339	0.00000	5421.29600
9.32723	0.00000	5416.66600
9.33107	0.00000	5416.66600
9.33491	0.00000	5416.66600
9.33876	0.00000	5416.66600
9.34264	0.00000	5416.66600
9.34649	0.00000	5416.66600
9.35034	0.00000	5429.10400
9.35419	0.00000	5429.10400
9.35807	0.00000	5429.10400
9.36193	0.00000	5429.10400
9.36578	0.00000	5429.10400
9.36962	0.00000	5429.10400
9.37347	0.00000	5429.10400
9.37734	0.00000	5420.79200
9.38119	0.00000	5420.79200
9.38504	0.00000	5420.79200
9.38889	0.00000	5420.79200
9.39277	0.00000	5420.79200
9.39662	0.00000	5420.79200
9.40047	0.00000	5420.79200
9.40431	0.00000	5421.29600
9.40814	0.00000	5421.29600
9.41198	0.00000	5421.29600
9.41582	0.00000	5421.29600
9.41966	0.00000	5421.29600
9.42350	0.00000	5421.29600
9.42734	0.00000	5421.29600
9.43117	0.00000	5416.66600
9.43501	0.00000	5416.66600
9.43885	0.00000	5416.66600
9.44269	0.00000	5416.66600
9.44653	0.00000	5416.66600
9.45037	0.00000	5416.66600
9.45420	0.00000	5416.66600
9.45804	0.00000	5423.61100
9.46187	0.00000	5423.61100
9.46572	0.00000	5423.61100
9.46954	0.00000	5423.61100
9.47338	0.00000	5423.61100
9.47721	0.00000	5423.61100
9.48105	0.00000	5423.61100
9.48489	0.00000	5423.61100
9.48872	0.00000	5423.61100
9.49254	0.00000	5423.61100
9.49638	0.00000	5423.61100
9.50021	0.00000	5423.61100
9.50405	0.00000	5423.61100
9.50789	0.00000	5424.93800
9.51174	0.00000	5424.93800
9.51557	0.00000	5424.93800
9.51941	0.00000	5424.93800
9.52325	0.00000	5424.93800
9.52709	0.00000	5424.93800
9.53092	0.00000	5424.93800
9.53477	0.00000	5427.26400
9.53862	0.00000	5427.26400
9.54246	0.00000	5427.26400
9.54630	0.00000	5427.26400
9.55014	0.00000	5427.26400
9.55398	0.00000	5427.26400
9.55782	0.00000	5427.26400
9.56166	0.00000	5423.61100
9.56549	0.00000	5423.61100
9.56933	0.00000	5423.61100
9.57316	0.00000	5423.61100
9.57699	0.00000	5423.61100
9.58083	0.00000	5423.61100
9.58466	0.00000	5423.61100
9.58850	0.00000	5412.56100
9.59234	0.00000	5412.56100
9.59618	0.00000	5412.56100
9.60002	0.00000	5412.56100
9.60386	0.00000	5412.56100
9.60769	0.00000	5412.56100
9.61153	0.00000	5412.56100
9.61537	0.00000	5423.61100
9.61920	0.00000	5423.61100
9.62304	0.00000	5423.61100
9.62687	0.00000	5423.61100
9.63070	0.00000	5423.61100
9.63454	0.00000	5423.61100
9.63838	0.00000	5423.61100
9.64221	0.00000	5425.92600
9.64605	0.00000	5425.92600
9.64988	0.00000	5425.92600
9.65372	0.00000	5425.92600
9.65756	0.00000	5425.92600
9.66140	0.00000	5425.92600
9.66524	0.00000	5425.92600
9.66908	0.00000	5425.92600
9.67292	0.00000	5425.92600
9.67676	0.00000	5425.92600
9.68060	0.00000	5425.92600
9.68444	0.00000	5425.92600
9.68828	0.00000	5425.92600
9.69212	0.00000	5420.28500
9.69595	0.00000	5420.28500
9.69979	0.00000	5420.28500
9.70362	0.00000	5420.28500
9.70746	0.00000	5420.28500
9.71131	0.00000	5420.28500
9.71514	0.00000	5420.28500
9.71897	0.00000	5424.93800
9.72281	0.00000	5424.93800
9.72666	0.00000	5424.93800
9.73049	0.00000	5424.93800
9.73433	0.00000	5424.93800
9.73817	0.00000	5424.93800
9.74203	0.00000	5424.93800
9.74587	0.00000	5425.92600
9.74970	0.00000	5425.92600
9.75353	0.00000	5425.92600
9.75738	0.00000	5425.92600
9.76121	0.00000	5425.92600
9.76505	0.00000	5425.92600
9.76889	0.00000	5425.92600
9.77275	0.00000	5423.61100
9.77659	0.00000	5423.61100
9.78043	0.00000	5423.61100
9.78426	0.00000	5423.61100
9.78811	0.00000	5423.61100
9.79195	0.00000	5423.61100
9.79579	0.00000	5423.61100
9.79963	0.00000	5423.61100
9.80348	0.00000	5423.61100
9.80731	0.00000	5423.61100
9.81115	0.00000	5423.61100
9.81499	0.00000	5423.61100
9.81883	0.00000	5423.61100
9.82267	0.00000	5423.61100
9.82650	0.00000	5425.92600
9.83035	0.00000	5425.92600
9.83421	0.00000	5425.92600
9.83805	0.00000	5425.92600
9.84189	0.00000	5425.92600
9.84573	0.00000	5425.92600
9.84957	0.00000	5425.92600
9.85341	0.00000	5417.17900
9.85725	0.00000	5417.17900
9.86110	0.00000	5417.17900
9.86492	0.00000	5417.17900
9.86877	0.00000	5417.17900
9.87260	0.00000	5417.17900
9.87644	0.00000	5422.61200
9.88027	0.00000	5422.61200
9.88410	0.00000	5422.61200
9.88795	0.00000	5422.61200
9.89181	0.00000	5422.61200
9.89565	0.00000	5422.61200
9.89949	0.00000	5422.61200
9.90333	0.00000	5420.28500
9.90718	0.00000	5420.28500
9.91102	0.00000	5420.28500
9.91487	0.00000	5420.28500
9.91870	0.00000	5420.28500
9.92254	0.00000	5420.28500
9.92637	0.00000	5420.28500
9.93020	0.00000	5423.61100
9.93404	0.00000	5423.61100
9.93787	0.00000	5423.61100
9.94172	0.00000	5423.61100
9.94556	0.00000	5423.61100
9.94940	0.00000	5423.61100
9.95324	0.00000	5423.61100
9.95709	0.00000	5423.61100
9.96092	0.00000	5423.61100
9.96475	0.00000	5423.61100
9.96854	0.00000	5423.61100
9.97238	0.00000	5423.61100
9.97622	0.00000	5423.61100
9.98005	0.00000	5423.61100
9.98388	0.00000	5421.29600
9.98772	0.00000	5421.29600
9.99157	0.00000	5421.29600
9.99541	0.00000	5421.29600
9.99925	0.00000	5421.29600
