Time (s)   Thrust (N)   RPM
0.00035	0.00000	4842.39100
0.00425	0.00000	4842.39100
0.00813	0.00000	4842.39100
0.01197	0.00000	4842.39100
0.01581	0.00000	4843.29400
0.01965	0.00000	4843.29400
0.02357	0.00000	4843.29400
0.02745	0.00000	4843.29400
0.03131	0.00000	4843.29400
0.03515	0.00000	4843.29400
0.03900	0.00000	4801.30100
0.04284	0.00000	4801.30100
0.04669	0.00000	4801.30100
0.05053	0.00000	4801.30100
0.05438	0.00000	4801.30100
0.05821	0.00000	4801.30100
0.06207	0.00000	4793.47800
0.06595	0.00000	4793.47800
0.06983	0.00000	4793.47800
0.07367	0.00000	4793.47800
0.07750	0.00000	4793.47800
0.08135	0.00000	4793.47800
0.08518	0.00000	4796.51100
0.08902	0.00000	4796.51100
0.09284	0.00000	4796.51100
0.09664	0.00000	4796.51100
0.10047	0.00000	4796.51100
0.10431	0.00000	4796.51100
0.10816	0.00000	4780.43000
0.11199	0.00000	4780.43000
0.11584	0.00000	4780.43000
0.11968	0.00000	4780.43000
0.12352	0.00000	4780.43000
0.12736	0.00000	4780.43000
0.13120	0.00000	4780.97500
0.13503	0.00000	4780.97500
0.13887	0.00000	4780.97500
0.14270	0.00000	4780.97500
0.14655	0.00000	4780.97500
0.15038	0.00000	4756.43300
0.15421	0.00000	4756.43300
0.15804	0.00000	4756.43300
0.16186	0.00000	4756.43300
0.16569	0.00000	4756.43300
0.16952	0.00000	4756.43300
0.17335	0.00000	4750.91900
0.17719	0.00000	4750.91900
0.18103	0.00000	4750.91900
0.18486	0.00000	4750.91900
0.18869	0.00000	4750.91900
0.19254	0.00000	4750.91900
0.19637	0.00000	4745.40400
0.20021	0.00000	4745.40400
0.20405	0.00000	4745.40400
0.20789	0.00000	4745.40400
0.21172	0.00000	4745.40400
0.21555	0.00000	4745.40400
0.21939	0.00000	4739.88900
0.22323	0.00000	4739.88900
0.22706	0.00000	4739.88900
0.23089	0.00000	4739.88900
0.23473	0.00000	4739.88900
0.23855	0.00000	4729.22800
0.24238	0.00000	4729.22800
0.24622	0.00000	4729.22800
0.25004	0.00000	4729.22800
0.25387	0.00000	4729.22800
0.25770	0.00000	4729.22800
0.26153	0.00000	4720.78400
0.26537	0.00000	4720.78400
0.26921	0.00000	4720.78400
0.27305	0.00000	4720.78400
0.27688	0.00000	4720.78400
0.28072	0.00000	4720.78400
0.28456	0.00000	4728.98200
0.28840	0.00000	4728.98200
0.29223	0.00000	4728.98200
0.29608	0.00000	4728.98200
0.29990	0.00000	4728.98200
0.30374	0.00000	4728.98200
0.30757	0.00000	4720.68500
0.31141	0.00000	4720.68500
0.31524	0.00000	4720.68500
0.31907	0.00000	4720.68500
0.32290	0.00000	4720.68500
0.32674	0.00000	4720.68500
0.33056	0.00000	4712.53700
0.33439	0.00000	4712.53700
0.33822	0.00000	4712.53700
0.34205	0.00000	4712.53700
0.34588	0.00000	4712.53700
0.34972	0.00000	4709.82100
0.35354	0.00000	4709.82100
0.35738	0.00000	4709.82100
0.36121	0.00000	4709.82100
0.36504	0.00000	4709.82100
0.36887	0.00000	4709.82100
0.37271	0.00000	4720.78400
0.37655	0.00000	4720.78400
0.38038	0.00000	4720.78400
0.38422	0.00000	4720.78400
0.38805	0.00000	4720.78400
0.39189	0.00000	4720.78400
0.39572	0.00000	4709.68900
0.39955	0.00000	4709.68900
0.40339	0.00000	4709.68900
0.40722	0.00000	4709.68900
0.41106	0.00000	4709.68900
0.41489	0.00000	4726.56200
0.41872	0.00000	4726.56200
0.42255	0.00000	4726.56200
0.42638	0.00000	4726.56200
0.43023	0.00000	4726.56200
0.43406	0.00000	4726.56200
0.43790	0.00000	4712.61200
0.44173	0.00000	4712.61200
0.44557	0.00000	4712.61200
0.44940	0.00000	4712.61200
0.45323	0.00000	4712.61200
0.45706	0.00000	4712.61200
0.46090	0.00000	4720.88300
0.46474	0.00000	4720.88300
0.46856	0.00000	4720.88300
0.47239	0.00000	4720.88300
0.47622	0.00000	4720.88300
0.48005	0.00000	4720.88300
0.48389	0.00000	4709.68900
0.48772	0.00000	4709.68900
0.49155	0.00000	4709.68900
0.49540	0.00000	4709.68900
0.49922	0.00000	4709.68900
0.50306	0.00000	4709.88800
0.50689	0.00000	4709.88800
0.51072	0.00000	4709.88800
0.51454	0.00000	4709.88800
0.51838	0.00000	4709.88800
0.52221	0.00000	4709.88800
0.52605	0.00000	4698.66000
0.52987	0.00000	4698.66000
0.53371	0.00000	4698.66000
0.53755	0.00000	4698.66000
0.54137	0.00000	4698.66000
0.54520	0.00000	4698.66000
0.54903	0.00000	4695.84500
0.55287	0.00000	4695.84500
0.55670	0.00000	4695.84500
0.56054	0.00000	4695.84500
0.56438	0.00000	4695.84500
0.56821	0.00000	4695.84500
0.57204	0.00000	4704.19100
0.57586	0.00000	4704.19100
0.57970	0.00000	4704.19100
0.58353	0.00000	4704.19100
0.58735	0.00000	4704.19100
0.59118	0.00000	4701.49200
0.59502	0.00000	4701.49200
0.59884	0.00000	4701.49200
0.60267	0.00000	4701.49200
0.60649	0.00000	4701.49200
0.61032	0.00000	4701.49200
0.61415	0.00000	4707.03100
0.61797	0.00000	4707.03100
0.62181	0.00000	4707.03100
0.62564	0.00000	4707.03100
0.62947	0.00000	4707.03100
0.63330	0.00000	4707.03100
0.63713	0.00000	4701.40900
0.64099	0.00000	4701.40900
0.64481	0.00000	4701.40900
0.64864	0.00000	4701.40900
0.65247	0.00000	4701.40900
0.65630	0.00000	4701.40900
0.66014	0.00000	4706.97300
0.66396	0.00000	4706.97300
0.66780	0.00000	4706.97300
0.67163	0.00000	4706.97300
0.67546	0.00000	4706.97300
0.67930	0.00000	4693.09600
0.68316	0.00000	4693.09600
0.68700	0.00000	4693.09600
0.69082	0.00000	4693.09600
0.69465	0.00000	4693.09600
0.69848	0.00000	4693.09600
0.70233	0.00000	4695.84500
0.70616	0.00000	4695.84500
0.70998	0.00000	4695.84500
0.71381	0.00000	4695.84500
0.71764	0.00000	4695.84500
0.72147	0.00000	4695.84500
0.72529	0.00000	4690.29000
0.72912	0.00000	4690.29000
0.73294	0.00000	4690.29000
0.73677	0.00000	4690.29000
0.74061	0.00000	4690.29000
0.74445	0.00000	4693.09600
0.74827	0.00000	4693.09600
0.75210	0.00000	4693.09600
0.75593	0.00000	4693.09600
0.75976	0.00000	4693.09600
0.76359	0.00000	4693.09600
0.76742	0.00000	4695.92100
0.77125	0.00000	4695.92100
0.77508	0.00000	4695.92100
0.77893	0.00000	4695.92100
0.78276	0.00000	4695.92100
0.78660	0.00000	4695.92100
0.79044	0.00000	4690.29000
0.79427	0.00000	4690.29000
0.79811	0.00000	4690.29000
0.80194	0.00000	4690.29000
0.80578	0.00000	4690.29000
0.80961	0.00000	4690.29000
0.81344	0.00000	4684.72600
0.81727	0.00000	4684.72600
0.82111	0.00000	4684.72600
0.82494	0.00000	4684.72600
0.82877	0.00000	4684.72600
0.83260	0.00000	4681.90300
0.83644	0.00000	4681.90300
0.84027	0.00000	4681.90300
0.84410	0.00000	4681.90300
0.84793	0.00000	4681.90300
0.85176	0.00000	4681.90300
0.85559	0.00000	4684.71800
0.85943	0.00000	4684.71800
0.86326	0.00000	4684.71800
0.86710	0.00000	4684.71800
0.87093	0.00000	4684.71800
0.87475	0.00000	4684.71800
0.87858	0.00000	4676.37200
0.88242	0.00000	4676.37200
0.88625	0.00000	4676.37200
0.89008	0.00000	4676.37200
0.89393	0.00000	4676.37200
0.89776	0.00000	4676.37200
0.90158	0.00000	4679.12900
0.90541	0.00000	4679.12900
0.90923	0.00000	4679.12900
0.91306	0.00000	4679.12900
0.91689	0.00000	4679.12900
0.92071	0.00000	4684.69300
0.92455	0.00000	4684.69300
0.92838	0.00000	4684.69300
0.93221	0.00000	4684.69300
0.93604	0.00000	4684.69300
0.93986	0.00000	4684.69300
0.94370	0.00000	4681.91900
0.94754	0.00000	4681.91900
0.95137	0.00000	4681.91900
0.95520	0.00000	4681.91900
0.95903	0.00000	4681.91900
0.96287	0.00000	4681.91900
0.96670	0.00000	4687.50000
0.97053	0.00000	4687.50000
0.97436	0.00000	4687.50000
0.97819	0.00000	4687.50000
0.98202	0.00000	4687.50000
0.98585	0.00000	4693.11400
0.98968	0.00000	4693.11400
0.99351	0.00000	4693.11400
0.99735	0.00000	4693.11400
1.00119	0.00000	4693.11400
1.00502	0.00000	4693.11400
1.00885	0.00000	4690.29000
1.01264	0.00000	4690.29000
1.01647	0.00000	4690.29000
1.02030	0.00000	4690.29000
1.02413	0.00000	4690.29000
1.02796	0.00000	4690.29000
1.03179	0.00000	4690.29000
1.03562	0.00000	4690.29000
1.03945	0.00000	4690.29000
1.04328	0.00000	4690.29000
1.04710	0.00000	4690.29000
1.05093	0.00000	4690.29000
1.05476	0.00000	4687.50000
1.05860	0.00000	4687.50000
1.06247	0.00000	4687.50000
1.06631	0.00000	4687.50000
1.07013	0.00000	4687.50000
1.07397	0.00000	4681.88600
1.07780	0.00000	4681.88600
1.08163	0.00000	4681.88600
1.08547	0.00000	4681.88600
1.08929	0.00000	4681.88600
1.09312	0.00000	4681.88600
1.09695	0.00000	4681.91900
1.10078	0.00000	4681.91900
1.10461	0.00000	4681.91900
1.10845	0.00000	4681.91900
1.11228	0.00000	4681.91900
1.11611	0.00000	4681.91900
1.11994	0.00000	4679.15400
1.12378	0.00000	4679.15400
1.12762	0.00000	4679.15400
1.13146	0.00000	4679.15400
1.13530	0.00000	4679.15400
1.13913	0.00000	4681.90300
1.14297	0.00000	4681.90300
1.14680	0.00000	4681.90300
1.15064	0.00000	4681.90300
1.15447	0.00000	4681.90300
1.15830	0.00000	4681.90300
1.16213	0.00000	4676.30500
1.16595	0.00000	4676.30500
1.16979	0.00000	4676.30500
1.17363	0.00000	4676.30500
1.17746	0.00000	4676.30500
1.18129	0.00000	4676.30500
1.18512	0.00000	4676.33900
1.18895	0.00000	4676.33900
1.19278	0.00000	4676.33900
1.19662	0.00000	4676.33900
1.20045	0.00000	4676.33900
1.20427	0.00000	4676.33900
1.20811	0.00000	4693.09600
1.21193	0.00000	4693.09600
1.21576	0.00000	4693.09600
1.21959	0.00000	4693.09600
1.22343	0.00000	4693.09600
1.22726	0.00000	4684.69300
1.23108	0.00000	4684.69300
1.23492	0.00000	4684.69300
1.23875	0.00000	4684.69300
1.24258	0.00000	4684.69300
1.24641	0.00000	4684.69300
1.25023	0.00000	4676.33900
1.25406	0.00000	4676.33900
1.25789	0.00000	4676.33900
1.26173	0.00000	4676.33900
1.26556	0.00000	4676.33900
1.26939	0.00000	4676.33900
1.27322	0.00000	4681.91900
1.27704	0.00000	4681.91900
1.28088	0.00000	4681.91900
1.28471	0.00000	4681.91900
1.28854	0.00000	4681.91900
1.29237	0.00000	4684.69300
1.29621	0.00000	4684.69300
1.30005	0.00000	4684.69300
1.30388	0.00000	4684.69300
1.30770	0.00000	4684.69300
1.31154	0.00000	4684.69300
1.31537	0.00000	4690.29800
1.31921	0.00000	4690.29800
1.32303	0.00000	4690.29800
1.32687	0.00000	4690.29800
1.33069	0.00000	4690.29800
1.33452	0.00000	4690.29800
1.33837	0.00000	4676.33900
1.34220	0.00000	4676.33900
1.34603	0.00000	4676.33900
1.34985	0.00000	4676.33900
1.35368	0.00000	4676.33900
1.35752	0.00000	4676.33900
1.36134	0.00000	4670.70900
1.36518	0.00000	4670.70900
1.36902	0.00000	4670.70900
1.37286	0.00000	4670.70900
1.37669	0.00000	4670.70900
1.38052	0.00000	4684.69300
1.38436	0.00000	4684.69300
1.38820	0.00000	4684.69300
1.39203	0.00000	4684.69300
1.39587	0.00000	4684.69300
1.39970	0.00000	4684.69300
1.40352	0.00000	4676.33900
1.40736	0.00000	4676.33900
1.41120	0.00000	4676.33900
1.41503	0.00000	4676.33900
1.41886	0.00000	4676.33900
1.42269	0.00000	4676.33900
1.42652	0.00000	4679.12900
1.43035	0.00000	4679.12900
1.43417	0.00000	4679.12900
1.43800	0.00000	4679.12900
1.44182	0.00000	4679.12900
1.44565	0.00000	4679.07900
1.44950	0.00000	4679.07900
1.45332	0.00000	4679.07900
1.45716	0.00000	4679.07900
1.46099	0.00000	4679.07900
1.46482	0.00000	4679.07900
1.46864	0.00000	4676.33900
1.47246	0.00000	4676.33900
1.47629	0.00000	4676.33900
1.48011	0.00000	4676.33900
1.48394	0.00000	4676.33900
1.48778	0.00000	4676.33900
1.49161	0.00000	4690.29000
1.49544	0.00000	4690.29000
1.49927	0.00000	4690.29000
1.50310	0.00000	4690.29000
1.50694	0.00000	4690.29000
1.51078	0.00000	4693.13100
1.51459	0.00000	4693.13100
1.51843	0.00000	4693.13100
1.52226	0.00000	4693.13100
1.52609	0.00000	4693.13100
1.52992	0.00000	4693.13100
1.53374	0.00000	4687.50000
1.53757	0.00000	4687.50000
1.54140	0.00000	4687.50000
1.54523	0.00000	4687.50000
1.54905	0.00000	4687.50000
1.55288	0.00000	4687.50000
1.55671	0.00000	4684.70100
1.56054	0.00000	4684.70100
1.56437	0.00000	4684.70100
1.56820	0.00000	4684.70100
1.57205	0.00000	4684.70100
1.57588	0.00000	4684.70100
1.57971	0.00000	4684.70900
1.58354	0.00000	4684.70900
1.58737	0.00000	4684.70900
1.59121	0.00000	4684.70900
1.59504	0.00000	4684.70900
1.59886	0.00000	4679.07900
1.60269	0.00000	4679.07900
1.60652	0.00000	4679.07900
1.61035	0.00000	4679.07900
1.61418	0.00000	4679.07900
1.61801	0.00000	4679.07900
1.62184	0.00000	4667.96900
1.62567	0.00000	4667.96900
1.62951	0.00000	4667.96900
1.63334	0.00000	4667.96900
1.63718	0.00000	4667.96900
1.64100	0.00000	4667.96900
1.64483	0.00000	4673.59000
1.64864	0.00000	4673.59000
1.65247	0.00000	4673.59000
1.65630	0.00000	4673.59000
1.66013	0.00000	4673.59000
1.66397	0.00000	4690.30700
1.66779	0.00000	4690.30700
1.67162	0.00000	4690.30700
1.67546	0.00000	4690.30700
1.67928	0.00000	4690.30700
1.68312	0.00000	4690.30700
1.68695	0.00000	4684.69300
1.69079	0.00000	4684.69300
1.69462	0.00000	4684.69300
1.69846	0.00000	4684.69300
1.70230	0.00000	4684.69300
1.70613	0.00000	4684.69300
1.70995	0.00000	4684.70100
1.71378	0.00000	4684.70100
1.71761	0.00000	4684.70100
1.72143	0.00000	4684.70100
1.72527	0.00000	4684.70100
1.72909	0.00000	4684.70100
1.73293	0.00000	4673.54900
1.73677	0.00000	4673.54900
1.74059	0.00000	4673.54900
1.74442	0.00000	4673.54900
1.74825	0.00000	4673.54900
1.75207	0.00000	4670.65800
1.75591	0.00000	4670.65800
1.75975	0.00000	4670.65800
1.76358	0.00000	4670.65800
1.76741	0.00000	4670.65800
1.77123	0.00000	4670.65800
1.77506	0.00000	4679.12900
1.77889	0.00000	4679.12900
1.78272	0.00000	4679.12900
1.78655	0.00000	4679.12900
1.79037	0.00000	4679.12900
1.79421	0.00000	4679.12900
1.79804	0.00000	4684.70900
1.80187	0.00000	4684.70900
1.80571	0.00000	4684.70900
1.80955	0.00000	4684.70900
1.81338	0.00000	4684.70900
1.81721	0.00000	4687.50000
1.82104	0.00000	4687.50000
1.82487	0.00000	4687.50000
1.82870	0.00000	4687.50000
1.83253	0.00000	4687.50000
1.83635	0.00000	4687.50000
1.84018	0.00000	4690.30700
1.84401	0.00000	4690.30700
1.84785	0.00000	4690.30700
1.85169	0.00000	4690.30700
1.85553	0.00000	4690.30700
1.85936	0.00000	4690.30700
1.86319	0.00000	4684.70900
1.86702	0.00000	4684.70900
1.87084	0.00000	4684.70900
1.87468	0.00000	4684.70900
1.87852	0.00000	4684.70900
1.88236	0.00000	4684.70900
1.88619	0.00000	4687.50000
1.89002	0.00000	4687.50000
1.89384	0.00000	4687.50000
1.89768	0.00000	4687.50000
1.90151	0.00000	4687.50000
1.90534	0.00000	4687.50000
1.90916	0.00000	4687.50000
1.91299	0.00000	4687.50000
1.91682	0.00000	4687.50000
1.92064	0.00000	4687.50000
1.92446	0.00000	4687.50000
1.92828	0.00000	4676.33900
1.93213	0.00000	4676.33900
1.93596	0.00000	4676.33900
1.93980	0.00000	4676.33900
1.94363	0.00000	4676.33900
1.94746	0.00000	4676.33900
1.95128	0.00000	4676.33900
1.95511	0.00000	4676.33900
1.95895	0.00000	4676.33900
1.96277	0.00000	4676.33900
1.96659	0.00000	4676.33900
1.97043	0.00000	4693.11400
1.97428	0.00000	4693.11400
1.97812	0.00000	4693.11400
1.98195	0.00000	4693.11400
1.98579	0.00000	4693.11400
1.98962	0.00000	4693.11400
1.99345	0.00000	4684.70100
1.99729	0.00000	4684.70100
2.00113	0.00000	4684.70100
2.00496	0.00000	4684.70100
2.00878	0.00000	4684.70100
2.01261	0.00000	4684.70100
2.01644	0.00000	4681.91900
2.02028	0.00000	4681.91900
2.02411	0.00000	4681.91900
2.02794	0.00000	4681.91900
2.03177	0.00000	4681.91900
2.03560	0.00000	4681.91900
2.03943	0.00000	4695.89500
2.04326	0.00000	4695.89500
2.04709	0.00000	4695.89500
2.05092	0.00000	4695.89500
2.05475	0.00000	4695.89500
2.05862	0.00000	4679.07900
2.06252	0.00000	4679.07900
2.06635	0.00000	4679.07900
2.07018	0.00000	4679.07900
2.07401	0.00000	4679.07900
2.07785	0.00000	4679.07900
2.08168	0.00000	4684.70900
2.08551	0.00000	4684.70900
2.08934	0.00000	4684.70900
2.09318	0.00000	4684.70900
2.09701	0.00000	4684.70900
2.10084	0.00000	4684.70900
2.10464	0.00000	4670.75900
2.10848	0.00000	4670.75900
2.11230	0.00000	4670.75900
2.11613	0.00000	4670.75900
2.11996	0.00000	4670.75900
2.12379	0.00000	4690.31500
2.12761	0.00000	4690.31500
2.13144	0.00000	4690.31500
2.13528	0.00000	4690.31500
2.13912	0.00000	4690.31500
2.14295	0.00000	4690.31500
2.14678	0.00000	4698.69400
2.15061	0.00000	4698.69400
2.15445	0.00000	4698.69400
2.15828	0.00000	4698.69400
2.16211	0.00000	4698.69400
2.16594	0.00000	4698.69400
2.16976	0.00000	4679.12900
2.17359	0.00000	4679.12900
2.17742	0.00000	4679.12900
2.18127	0.00000	4679.12900
2.18510	0.00000	4679.12900
2.18893	0.00000	4679.12900
2.19275	0.00000	4673.54900
2.19659	0.00000	4673.54900
2.20042	0.00000	4673.54900
2.20424	0.00000	4673.54900
2.20808	0.00000	4673.54900
2.21191	0.00000	4679.07900
2.21574	0.00000	4679.07900
2.21957	0.00000	4679.07900
2.22340	0.00000	4679.07900
2.22723	0.00000	4679.07900
2.23105	0.00000	4679.07900
2.23489	0.00000	4670.75900
2.23873	0.00000	4670.75900
2.24255	0.00000	4670.75900
2.24637	0.00000	4670.75900
2.25021	0.00000	4670.75900
2.25404	0.00000	4670.75900
2.25787	0.00000	4676.33900
2.26169	0.00000	4676.33900
2.26553	0.00000	4676.33900
2.26936	0.00000	4676.33900
2.27319	0.00000	4676.33900
2.27702	0.00000	4690.30700
2.28087	0.00000	4690.30700
2.28470	0.00000	4690.30700
2.28853	0.00000	4690.30700
2.29237	0.00000	4690.30700
2.29620	0.00000	4690.30700
2.30003	0.00000	4690.29800
2.30385	0.00000	4690.29800
2.30768	0.00000	4690.29800
2.31152	0.00000	4690.29800
2.31534	0.00000	4690.29800
2.31917	0.00000	4690.29800
2.32301	0.00000	4690.29000
2.32684	0.00000	4690.29000
2.33067	0.00000	4690.29000
2.33449	0.00000	4690.29000
2.33833	0.00000	4690.29000
2.34218	0.00000	4690.29000
2.34600	0.00000	4681.90300
2.34983	0.00000	4681.90300
2.35368	0.00000	4681.90300
2.35754	0.00000	4681.90300
2.36137	0.00000	4681.90300
2.36522	0.00000	4687.50000
2.36906	0.00000	4687.50000
2.37289	0.00000	4687.50000
2.37672	0.00000	4687.50000
2.38056	0.00000	4687.50000
2.38438	0.00000	4687.50000
2.38820	0.00000	4687.50000
2.39204	0.00000	4687.50000
2.39587	0.00000	4687.50000
2.39971	0.00000	4687.50000
2.40353	0.00000	4687.50000
2.40736	0.00000	4687.50000
2.41120	0.00000	4695.87000
2.41505	0.00000	4695.87000
2.41890	0.00000	4695.87000
2.42274	0.00000	4695.87000
2.42656	0.00000	4695.87000
2.43039	0.00000	4698.72700
2.43423	0.00000	4698.72700
2.43806	0.00000	4698.72700
2.44190	0.00000	4698.72700
2.44572	0.00000	4698.72700
2.44955	0.00000	4698.72700
2.45339	0.00000	4687.50000
2.45723	0.00000	4687.50000
2.46107	0.00000	4687.50000
2.46492	0.00000	4687.50000
2.46875	0.00000	4687.50000
2.47258	0.00000	4687.50000
2.47642	0.00000	4687.50000
2.48026	0.00000	4687.50000
2.48409	0.00000	4687.50000
2.48791	0.00000	4687.50000
2.49174	0.00000	4687.50000
2.49557	0.00000	4687.50000
2.49939	0.00000	4690.29000
2.50322	0.00000	4690.29000
2.50704	0.00000	4690.29000
2.51087	0.00000	4690.29000
2.51470	0.00000	4690.29000
2.51854	0.00000	4681.90300
2.52238	0.00000	4681.90300
2.52622	0.00000	4681.90300
2.53010	0.00000	4681.90300
2.53395	0.00000	4681.90300
2.53779	0.00000	4681.90300
2.54163	0.00000	4687.50000
2.54546	0.00000	4687.50000
2.54930	0.00000	4687.50000
2.55314	0.00000	4687.50000
2.55698	0.00000	4687.50000
2.56081	0.00000	4687.50000
2.56464	0.00000	4693.06400
2.56849	0.00000	4693.06400
2.57231	0.00000	4693.06400
2.57615	0.00000	4693.06400
2.57998	0.00000	4693.06400
2.58381	0.00000	4707.14800
2.58767	0.00000	4707.14800
2.59150	0.00000	4707.14800
2.59533	0.00000	4707.14800
2.59916	0.00000	4707.14800
2.60300	0.00000	4707.14800
2.60683	0.00000	4695.84500
2.61065	0.00000	4695.84500
2.61449	0.00000	4695.84500
2.61832	0.00000	4695.84500
2.62215	0.00000	4695.84500
2.62599	0.00000	4695.84500
2.62982	0.00000	4695.87000
2.63365	0.00000	4695.87000
2.63748	0.00000	4695.87000
2.64131	0.00000	4695.87000
2.64514	0.00000	4695.87000
2.64896	0.00000	4695.87000
2.65278	0.00000	4695.89500
2.65661	0.00000	4695.89500
2.66044	0.00000	4695.89500
2.66427	0.00000	4695.89500
2.66810	0.00000	4695.89500
2.67194	0.00000	4687.50000
2.67577	0.00000	4687.50000
2.67960	0.00000	4687.50000
2.68343	0.00000	4687.50000
2.68727	0.00000	4687.50000
2.69111	0.00000	4687.50000
2.69494	0.00000	4679.15400
2.69876	0.00000	4679.15400
2.70260	0.00000	4679.15400
2.70643	0.00000	4679.15400
2.71027	0.00000	4679.15400
2.71410	0.00000	4679.15400
2.71792	0.00000	4687.50000
2.72175	0.00000	4687.50000
2.72558	0.00000	4687.50000
2.72942	0.00000	4687.50000
2.73326	0.00000	4687.50000
2.73710	0.00000	4704.34100
2.74093	0.00000	4704.34100
2.74477	0.00000	4704.34100
2.74861	0.00000	4704.34100
2.75245	0.00000	4704.34100
2.75628	0.00000	4704.34100
2.76010	0.00000	4679.12900
2.76394	0.00000	4679.12900
2.76777	0.00000	4679.12900
2.77159	0.00000	4679.12900
2.77542	0.00000	4679.12900
2.77924	0.00000	4679.12900
2.78307	0.00000	4673.59000
2.78690	0.00000	4673.59000
2.79073	0.00000	4673.59000
2.79456	0.00000	4673.59000
2.79839	0.00000	4673.59000
2.80222	0.00000	4673.59000
2.80605	0.00000	4693.08000
2.80988	0.00000	4693.08000
2.81371	0.00000	4693.08000
2.81754	0.00000	4693.08000
2.82137	0.00000	4693.08000
2.82523	0.00000	4681.90300
2.82906	0.00000	4681.90300
2.83289	0.00000	4681.90300
2.83672	0.00000	4681.90300
2.84055	0.00000	4681.90300
2.84438	0.00000	4681.90300
2.84820	0.00000	4690.28100
2.85202	0.00000	4690.28100
2.85585	0.00000	4690.28100
2.85968	0.00000	4690.28100
2.86351	0.00000	4690.28100
2.86734	0.00000	4690.28100
2.87117	0.00000	4693.08000
2.87500	0.00000	4693.08000
2.87882	0.00000	4693.08000
2.88266	0.00000	4693.08000
2.88648	0.00000	4693.08000
2.89030	0.00000	4684.69300
2.89413	0.00000	4684.69300
2.89795	0.00000	4684.69300
2.90179	0.00000	4684.69300
2.90562	0.00000	4684.69300
2.90944	0.00000	4684.69300
2.91328	0.00000	4684.70100
2.91711	0.00000	4684.70100
2.92095	0.00000	4684.70100
2.92477	0.00000	4684.70100
2.92860	0.00000	4684.70100
2.93243	0.00000	4684.70100
2.93626	0.00000	4690.29000
2.94009	0.00000	4690.29000
2.94392	0.00000	4690.29000
2.94774	0.00000	4690.29000
2.95158	0.00000	4690.29000
2.95541	0.00000	4690.29000
2.95924	0.00000	4695.87000
2.96307	0.00000	4695.87000
2.96690	0.00000	4695.87000
2.97074	0.00000	4695.87000
2.97457	0.00000	4695.87000
2.97840	0.00000	4698.72700
2.98224	0.00000	4698.72700
2.98608	0.00000	4698.72700
2.98990	0.00000	4698.72700
2.99374	0.00000	4698.72700
2.99757	0.00000	4698.72700
3.00139	0.00000	4695.84500
3.00522	0.00000	4695.84500
3.00905	0.00000	4695.84500
3.01288	0.00000	4695.84500
3.01670	0.00000	4695.84500
3.02053	0.00000	4695.84500
3.02436	0.00000	4679.15400
3.02819	0.00000	4679.15400
3.03202	0.00000	4679.15400
3.03585	0.00000	4679.15400
3.03969	0.00000	4679.15400
3.04351	0.00000	4679.15400
3.04734	0.00000	4690.29000
3.05118	0.00000	4690.29000
3.05500	0.00000	4690.29000
3.05884	0.00000	4690.29000
3.06271	0.00000	4690.29000
3.06655	0.00000	4681.90300
3.07039	0.00000	4681.90300
3.07422	0.00000	4681.90300
3.07805	0.00000	4681.90300
3.08188	0.00000	4681.90300
3.08571	0.00000	4681.90300
3.08955	0.00000	4681.93600
3.09337	0.00000	4681.93600
3.09720	0.00000	4681.93600
3.10104	0.00000	4681.93600
3.10487	0.00000	4681.93600
3.10871	0.00000	4681.93600
3.11254	0.00000	4698.66000
3.11636	0.00000	4698.66000
3.12019	0.00000	4698.66000
3.12403	0.00000	4698.66000
3.12786	0.00000	4698.66000
3.13170	0.00000	4693.11400
3.13553	0.00000	4693.11400
3.13936	0.00000	4693.11400
3.14320	0.00000	4693.11400
3.14703	0.00000	4693.11400
3.15086	0.00000	4693.11400
3.15468	0.00000	4687.50000
3.15851	0.00000	4687.50000
3.16234	0.00000	4687.50000
3.16617	0.00000	4687.50000
3.17000	0.00000	4687.50000
3.17383	0.00000	4687.50000
3.17766	0.00000	4707.03100
3.18150	0.00000	4707.03100
3.18534	0.00000	4707.03100
3.18916	0.00000	4707.03100
3.19298	0.00000	4707.03100
3.19681	0.00000	4707.03100
3.20064	0.00000	4684.71800
3.20447	0.00000	4684.71800
3.20830	0.00000	4684.71800
3.21214	0.00000	4684.71800
3.21596	0.00000	4684.71800
3.21979	0.00000	4690.29800
3.22363	0.00000	4690.29800
3.22746	0.00000	4690.29800
3.23129	0.00000	4690.29800
3.23512	0.00000	4690.29800
3.23894	0.00000	4690.29800
3.24277	0.00000	4693.08000
3.24660	0.00000	4693.08000
3.25043	0.00000	4693.08000
3.25426	0.00000	4693.08000
3.25810	0.00000	4693.08000
3.26193	0.00000	4693.08000
3.26576	0.00000	4690.28100
3.26958	0.00000	4690.28100
3.27342	0.00000	4690.28100
3.27725	0.00000	4690.28100
3.28109	0.00000	4690.28100
3.28491	0.00000	4690.29800
3.28873	0.00000	4690.29800
3.29256	0.00000	4690.29800
3.29640	0.00000	4690.29800
3.30023	0.00000	4690.29800
3.30406	0.00000	4690.29800
3.30788	0.00000	4693.09600
3.31172	0.00000	4693.09600
3.31556	0.00000	4693.09600
3.31938	0.00000	4693.09600
3.32322	0.00000	4693.09600
3.32705	0.00000	4693.09600
3.33088	0.00000	4687.50000
3.33470	0.00000	4687.50000
3.33853	0.00000	4687.50000
3.34236	0.00000	4687.50000
3.34619	0.00000	4687.50000
3.35001	0.00000	4687.50000
3.35385	0.00000	4679.15400
3.35769	0.00000	4679.15400
3.36152	0.00000	4679.15400
3.36536	0.00000	4679.15400
3.36920	0.00000	4679.15400
3.37303	0.00000	4687.50000
3.37687	0.00000	4687.50000
3.38069	0.00000	4687.50000
3.38452	0.00000	4687.50000
3.38835	0.00000	4687.50000
3.39218	0.00000	4687.50000
3.39603	0.00000	4684.71800
3.39986	0.00000	4684.71800
3.40370	0.00000	4684.71800
3.40752	0.00000	4684.71800
3.41135	0.00000	4684.71800
3.41519	0.00000	4684.71800
3.41902	0.00000	4684.71800
3.42285	0.00000	4684.71800
3.42667	0.00000	4684.71800
3.43051	0.00000	4684.71800
3.43435	0.00000	4684.71800
3.43818	0.00000	4684.71800
3.44201	0.00000	4690.29800
3.44584	0.00000	4690.29800
3.44967	0.00000	4690.29800
3.45349	0.00000	4690.29800
3.45732	0.00000	4690.29800
3.46117	0.00000	4695.92100
3.46500	0.00000	4695.92100
3.46883	0.00000	4695.92100
3.47264	0.00000	4695.92100
3.47647	0.00000	4695.92100
3.48030	0.00000	4695.92100
3.48413	0.00000	4695.87000
3.48797	0.00000	4695.87000
3.49180	0.00000	4695.87000
3.49563	0.00000	4695.87000
3.49946	0.00000	4695.87000
3.50329	0.00000	4695.87000
3.50713	0.00000	4681.93600
3.51096	0.00000	4681.93600
3.51478	0.00000	4681.93600
3.51862	0.00000	4681.93600
3.52245	0.00000	4681.93600
3.52627	0.00000	4687.50000
3.53011	0.00000	4687.50000
3.53393	0.00000	4687.50000
3.53776	0.00000	4687.50000
3.54160	0.00000	4687.50000
3.54543	0.00000	4687.50000
3.54926	0.00000	4687.50000
3.55310	0.00000	4687.50000
3.55693	0.00000	4687.50000
3.56076	0.00000	4687.50000
3.56461	0.00000	4687.50000
3.56845	0.00000	4687.50000
3.57228	0.00000	4681.93600
3.57612	0.00000	4681.93600
3.57996	0.00000	4681.93600
3.58380	0.00000	4681.93600
3.58763	0.00000	4681.93600
3.59146	0.00000	4681.93600
3.59528	0.00000	4670.75900
3.59911	0.00000	4670.75900
3.60294	0.00000	4670.75900
3.60677	0.00000	4670.75900
3.61060	0.00000	4670.75900
3.61445	0.00000	4693.13100
3.61828	0.00000	4693.13100
3.62210	0.00000	4693.13100
3.62593	0.00000	4693.13100
3.62976	0.00000	4693.13100
3.63359	0.00000	4693.13100
3.63742	0.00000	4670.75900
3.64125	0.00000	4670.75900
3.64508	0.00000	4670.75900
3.64891	0.00000	4670.75900
3.65274	0.00000	4670.75900
3.65657	0.00000	4670.75900
3.66039	0.00000	4684.70900
3.66423	0.00000	4684.70900
3.66805	0.00000	4684.70900
3.67189	0.00000	4684.70900
3.67572	0.00000	4684.70900
3.67954	0.00000	4673.46600
3.68337	0.00000	4673.46600
3.68720	0.00000	4673.46600
3.69103	0.00000	4673.46600
3.69486	0.00000	4673.46600
3.69868	0.00000	4673.46600
3.70251	0.00000	4679.10400
3.70633	0.00000	4679.10400
3.71016	0.00000	4679.10400
3.71399	0.00000	4679.10400
3.71782	0.00000	4679.10400
3.72164	0.00000	4679.10400
3.72548	0.00000	4676.37200
3.72931	0.00000	4676.37200
3.73314	0.00000	4676.37200
3.73696	0.00000	4676.37200
3.74079	0.00000	4676.37200
3.74464	0.00000	4676.37200
3.74846	0.00000	4676.30500
3.75230	0.00000	4676.30500
3.75613	0.00000	4676.30500
3.75996	0.00000	4676.30500
3.76378	0.00000	4676.30500
3.76761	0.00000	4681.88600
3.77146	0.00000	4681.88600
3.77529	0.00000	4681.88600
3.77912	0.00000	4681.88600
3.78296	0.00000	4681.88600
3.78678	0.00000	4681.88600
3.79061	0.00000	4679.12900
3.79443	0.00000	4679.12900
3.79827	0.00000	4679.12900
3.80210	0.00000	4679.12900
3.80593	0.00000	4679.12900
3.80977	0.00000	4679.12900
3.81360	0.00000	4679.12900
3.81745	0.00000	4679.12900
3.82128	0.00000	4679.12900
3.82511	0.00000	4679.12900
3.82894	0.00000	4679.12900
3.83277	0.00000	4684.68400
3.83662	0.00000	4684.68400
3.84047	0.00000	4684.68400
3.84430	0.00000	4684.68400
3.84813	0.00000	4684.68400
3.85196	0.00000	4684.68400
3.85579	0.00000	4679.12900
3.85963	0.00000	4679.12900
3.86346	0.00000	4679.12900
3.86729	0.00000	4679.12900
3.87112	0.00000	4679.12900
3.87495	0.00000	4679.12900
3.87877	0.00000	4676.33900
3.88259	0.00000	4676.33900
3.88642	0.00000	4676.33900
3.89026	0.00000	4676.33900
3.89409	0.00000	4676.33900
3.89792	0.00000	4687.50000
3.90174	0.00000	4687.50000
3.90557	0.00000	4687.50000
3.90940	0.00000	4687.50000
3.91322	0.00000	4687.50000
3.91706	0.00000	4687.50000
3.92089	0.00000	4676.27200
3.92471	0.00000	4676.27200
3.92854	0.00000	4676.27200
3.93237	0.00000	4676.27200
3.93619	0.00000	4676.27200
3.94002	0.00000	4676.27200
3.94385	0.00000	4684.70100
3.94768	0.00000	4684.70100
3.95151	0.00000	4684.70100
3.95534	0.00000	4684.70100
3.95918	0.00000	4684.70100
3.96300	0.00000	4684.70100
3.96683	0.00000	4673.54900
3.97066	0.00000	4673.54900
3.97449	0.00000	4673.54900
3.97833	0.00000	4673.54900
3.98216	0.00000	4673.54900
3.98599	0.00000	4670.65800
3.98981	0.00000	4670.65800
3.99364	0.00000	4670.65800
3.99747	0.00000	4670.65800
4.00130	0.00000	4670.65800
4.00512	0.00000	4670.65800
4.00894	0.00000	4679.10400
4.01277	0.00000	4679.10400
4.01661	0.00000	4679.10400
4.02044	0.00000	4679.10400
4.02427	0.00000	4679.10400
4.02811	0.00000	4679.10400
4.03195	0.00000	4679.12900
4.03578	0.00000	4679.12900
4.03961	0.00000	4679.12900
4.04344	0.00000	4679.12900
4.04728	0.00000	4679.12900
4.05111	0.00000	4679.07900
4.05495	0.00000	4679.07900
4.05884	0.00000	4679.07900
4.06272	0.00000	4679.07900
4.06656	0.00000	4679.07900
4.07040	0.00000	4679.07900
4.07423	0.00000	4693.13100
4.07806	0.00000	4693.13100
4.08189	0.00000	4693.13100
4.08573	0.00000	4693.13100
4.08957	0.00000	4693.13100
4.09340	0.00000	4693.13100
4.09723	0.00000	4676.33900
4.10106	0.00000	4676.33900
4.10489	0.00000	4676.33900
4.10872	0.00000	4676.33900
4.11255	0.00000	4676.33900
4.11638	0.00000	4676.33900
4.12020	0.00000	4670.70900
4.12404	0.00000	4670.70900
4.12788	0.00000	4670.70900
4.13172	0.00000	4670.70900
4.13555	0.00000	4670.70900
4.13940	0.00000	4676.27200
4.14323	0.00000	4676.27200
4.14706	0.00000	4676.27200
4.15089	0.00000	4676.27200
4.15472	0.00000	4676.27200
4.15857	0.00000	4676.27200
4.16240	0.00000	4684.70100
4.16624	0.00000	4684.70100
4.17007	0.00000	4684.70100
4.17389	0.00000	4684.70100
4.17772	0.00000	4684.70100
4.18154	0.00000	4684.70100
4.18537	0.00000	4679.10400
4.18919	0.00000	4679.10400
4.19302	0.00000	4679.10400
4.19685	0.00000	4679.10400
4.20064	0.00000	4679.10400
4.20446	0.00000	4687.50000
4.20831	0.00000	4687.50000
4.21215	0.00000	4687.50000
4.21597	0.00000	4687.50000
4.21982	0.00000	4687.50000
4.22365	0.00000	4687.50000
4.22748	0.00000	4673.50700
4.23131	0.00000	4673.50700
4.23514	0.00000	4673.50700
4.23897	0.00000	4673.50700
4.24280	0.00000	4673.50700
4.24664	0.00000	4673.50700
4.25047	0.00000	4681.90300
4.25430	0.00000	4681.90300
4.25813	0.00000	4681.90300
4.26196	0.00000	4681.90300
4.26580	0.00000	4681.90300
4.26963	0.00000	4684.69300
4.27345	0.00000	4684.69300
4.27729	0.00000	4684.69300
4.28112	0.00000	4684.69300
4.28496	0.00000	4684.69300
4.28879	0.00000	4684.69300
4.29262	0.00000	4681.88600
4.29645	0.00000	4681.88600
4.30029	0.00000	4681.88600
4.30412	0.00000	4681.88600
4.30795	0.00000	4681.88600
4.31178	0.00000	4681.88600
4.31560	0.00000	4673.54900
4.31944	0.00000	4673.54900
4.32327	0.00000	4673.54900
4.32710	0.00000	4673.54900
4.33093	0.00000	4673.54900
4.33477	0.00000	4673.54900
4.33860	0.00000	4662.38800
4.34242	0.00000	4662.38800
4.34626	0.00000	4662.38800
4.35008	0.00000	4662.38800
4.35391	0.00000	4662.38800
4.35774	0.00000	4684.68400
4.36157	0.00000	4684.68400
4.36540	0.00000	4684.68400
4.36923	0.00000	4684.68400
4.37306	0.00000	4684.68400
4.37688	0.00000	4684.68400
4.38072	0.00000	4676.30500
4.38455	0.00000	4676.30500
4.38839	0.00000	4676.30500
4.39221	0.00000	4676.30500
4.39605	0.00000	4676.30500
4.39988	0.00000	4676.30500
4.40371	0.00000	4690.29800
4.40754	0.00000	4690.29800
4.41136	0.00000	4690.29800
4.41519	0.00000	4690.29800
4.41902	0.00000	4690.29800
4.42286	0.00000	4676.23900
4.42670	0.00000	4676.23900
4.43053	0.00000	4676.23900
4.43436	0.00000	4676.23900
4.43819	0.00000	4676.23900
4.44202	0.00000	4676.23900
4.44585	0.00000	4673.50700
4.44967	0.00000	4673.50700
4.45350	0.00000	4673.50700
4.45734	0.00000	4673.50700
4.46116	0.00000	4673.50700
4.46499	0.00000	4673.50700
4.46882	0.00000	4690.29800
4.47264	0.00000	4690.29800
4.47647	0.00000	4690.29800
4.48031	0.00000	4690.29800
4.48415	0.00000	4690.29800
4.48797	0.00000	4690.29800
4.49179	0.00000	4676.30500
4.49563	0.00000	4676.30500
4.49945	0.00000	4676.30500
4.50328	0.00000	4676.30500
4.50710	0.00000	4676.30500
4.51093	0.00000	4676.23900
4.51476	0.00000	4676.23900
4.51858	0.00000	4676.23900
4.52242	0.00000	4676.23900
4.52626	0.00000	4676.23900
4.53010	0.00000	4676.23900
4.53393	0.00000	4679.10400
4.53776	0.00000	4679.10400
4.54158	0.00000	4679.10400
4.54542	0.00000	4679.10400
4.54924	0.00000	4679.10400
4.55307	0.00000	4679.10400
4.55689	0.00000	4670.70900
4.56071	0.00000	4670.70900
4.56454	0.00000	4670.70900
4.56837	0.00000	4670.70900
4.57219	0.00000	4670.70900
4.57603	0.00000	4665.04500
4.57987	0.00000	4665.04500
4.58370	0.00000	4665.04500
4.58753	0.00000	4665.04500
4.59135	0.00000	4665.04500
4.59518	0.00000	4665.04500
4.59902	0.00000	4673.50700
4.60285	0.00000	4673.50700
4.60668	0.00000	4673.50700
4.61051	0.00000	4673.50700
4.61434	0.00000	4673.50700
4.61816	0.00000	4673.50700
4.62200	0.00000	4673.50700
4.62584	0.00000	4673.50700
4.62966	0.00000	4673.50700
4.63350	0.00000	4673.50700
4.63732	0.00000	4673.50700
4.64115	0.00000	4679.05400
4.64498	0.00000	4679.05400
4.64881	0.00000	4679.05400
4.65264	0.00000	4679.05400
4.65646	0.00000	4679.05400
4.66029	0.00000	4679.05400
4.66411	0.00000	4684.68400
4.66794	0.00000	4684.68400
4.67177	0.00000	4684.68400
4.67560	0.00000	4684.68400
4.67943	0.00000	4684.68400
4.68326	0.00000	4684.68400
4.68710	0.00000	4679.12900
4.69092	0.00000	4679.12900
4.69475	0.00000	4679.12900
4.69858	0.00000	4679.12900
4.70241	0.00000	4679.12900
4.70625	0.00000	4679.12900
4.71007	0.00000	4679.10400
4.71392	0.00000	4679.10400
4.71774	0.00000	4679.10400
4.72157	0.00000	4679.10400
4.72541	0.00000	4679.10400
4.72924	0.00000	4687.50000
4.73307	0.00000	4687.50000
4.73690	0.00000	4687.50000
4.74073	0.00000	4687.50000
4.74455	0.00000	4687.50000
4.74839	0.00000	4687.50000
4.75221	0.00000	4684.70100
4.75604	0.00000	4684.70100
4.75987	0.00000	4684.70100
4.76371	0.00000	4684.70100
4.76753	0.00000	4684.70100
4.77137	0.00000	4684.70100
4.77519	0.00000	4673.54900
4.77901	0.00000	4673.54900
4.78284	0.00000	4673.54900
4.78667	0.00000	4673.54900
4.79050	0.00000	4673.54900
4.79432	0.00000	4690.32300
4.79815	0.00000	4690.32300
4.80199	0.00000	4690.32300
4.80582	0.00000	4690.32300
4.80965	0.00000	4690.32300
4.81348	0.00000	4690.32300
4.81731	0.00000	4681.90300
4.82114	0.00000	4681.90300
4.82497	0.00000	4681.90300
4.82880	0.00000	4681.90300
4.83263	0.00000	4681.90300
4.83647	0.00000	4681.90300
4.84030	0.00000	4673.54900
4.84412	0.00000	4673.54900
4.84795	0.00000	4673.54900
4.85178	0.00000	4673.54900
4.85560	0.00000	4673.54900
4.85944	0.00000	4673.54900
4.86326	0.00000	4676.27200
4.86708	0.00000	4676.27200
4.87091	0.00000	4676.27200
4.87474	0.00000	4676.27200
4.87859	0.00000	4676.27200
4.88242	0.00000	4676.27200
4.88625	0.00000	4676.27200
4.89008	0.00000	4676.27200
4.89390	0.00000	4676.27200
4.89775	0.00000	4676.27200
4.90158	0.00000	4676.27200
4.90542	0.00000	4679.12900
4.90925	0.00000	4679.12900
4.91308	0.00000	4679.12900
4.91691	0.00000	4679.12900
4.92075	0.00000	4679.12900
4.92458	0.00000	4679.12900
4.92842	0.00000	4681.90300
4.93225	0.00000	4681.90300
4.93609	0.00000	4681.90300
4.93993	0.00000	4681.90300
4.94376	0.00000	4681.90300
4.94759	0.00000	4679.05400
4.95144	0.00000	4679.05400
4.95527	0.00000	4679.05400
4.95909	0.00000	4679.05400
4.96292	0.00000	4679.05400
4.96675	0.00000	4679.05400
4.97058	0.00000	4670.75900
4.97441	0.00000	4670.75900
4.97824	0.00000	4670.75900
4.98206	0.00000	4670.75900
4.98589	0.00000	4670.75900
4.98972	0.00000	4670.75900
4.99355	0.00000	4676.33900
4.99737	0.00000	4676.33900
5.00176	0.00000	4676.33900
5.00563	0.00000	4676.33900
5.00949	0.00000	4676.33900
5.01333	0.00000	4673.42300
5.01717	0.00000	4673.42300
5.02101	0.00000	4673.42300
5.02485	0.00000	4673.42300
5.02870	0.00000	4673.42300
5.03307	0.00000	4673.42300
5.03698	0.00000	4695.82100
5.04089	0.00000	4695.82100
5.04475	0.00000	4695.82100
5.04862	0.00000	4695.82100
5.05248	0.00000	4695.82100
5.05633	0.00000	4695.82100
5.06018	0.00000	4756.03100
5.06406	0.00000	4756.03100
5.06790	0.00000	4756.03100
5.07175	0.00000	4756.03100
5.07560	0.00000	4756.03100
5.07943	0.00000	4796.82900
5.08327	0.00000	4796.82900
5.08710	0.00000	4796.82900
5.09094	0.00000	4796.82900
5.09478	0.00000	4796.82900
5.09862	0.00000	4796.82900
5.10245	0.00000	4836.52400
5.10630	0.00000	4836.52400
5.11014	0.00000	4836.52400
5.11398	0.00000	4836.52400
5.11781	0.00000	4836.52400
5.12165	0.00000	4836.52400
5.12548	0.00000	4859.42000
5.12933	0.00000	4859.42000
5.13316	0.00000	4859.42000
5.13700	0.00000	4859.42000
5.14084	0.00000	4859.42000
5.14464	0.00000	4859.42000
5.14848	0.00000	4885.15000
5.15231	0.00000	4885.15000
5.15615	0.00000	4885.15000
5.15998	0.00000	4885.15000
5.16381	0.00000	4885.15000
5.16765	0.00000	4885.15000
5.17149	0.00000	4894.65300
5.17533	0.00000	4894.65300
5.17916	0.00000	4894.65300
5.18299	0.00000	4894.65300
5.18682	0.00000	4894.65300
5.19066	0.00000	4894.65300
5.19449	0.00000	4909.95700
5.19832	0.00000	4909.95700
5.20215	0.00000	4909.95700
5.20600	0.00000	4909.95700
5.20982	0.00000	4909.95700
5.21366	0.00000	4909.95700
5.21750	0.00000	4925.17600
5.22135	0.00000	4925.17600
5.22519	0.00000	4925.17600
5.22902	0.00000	4925.17600
5.23286	0.00000	4925.17600
5.23669	0.00000	4925.17600
5.24052	0.00000	4935.73900
5.24437	0.00000	4935.73900
5.24821	0.00000	4935.73900
5.25204	0.00000	4935.73900
5.25587	0.00000	4935.73900
5.25970	0.00000	4935.73900
5.26354	0.00000	4939.60000
5.26736	0.00000	4939.60000
5.27119	0.00000	4939.60000
5.27503	0.00000	4939.60000
5.27886	0.00000	4939.60000
5.28269	0.00000	4939.60000
5.28652	0.00000	4945.57500
5.29035	0.00000	4945.57500
5.29418	0.00000	4945.57500
5.29801	0.00000	4945.57500
5.30184	0.00000	4945.57500
5.30567	0.00000	4945.57500
5.30950	0.00000	4945.57500
5.31334	0.00000	4955.35700
5.31718	0.00000	4955.35700
5.32101	0.00000	4955.35700
5.32485	0.00000	4955.35700
5.32864	0.00000	4955.35700
5.33247	0.00000	4955.35700
5.33631	0.00000	4959.84600
5.34014	0.00000	4959.84600
5.34397	0.00000	4959.84600
5.34782	0.00000	4959.84600
5.35165	0.00000	4959.84600
5.35548	0.00000	4959.84600
5.35931	0.00000	4953.86400
5.36316	0.00000	4953.86400
5.36699	0.00000	4953.86400
5.37083	0.00000	4953.86400
5.37466	0.00000	4953.86400
5.37849	0.00000	4953.86400
5.38232	0.00000	4974.75600
5.38616	0.00000	4974.75600
5.39001	0.00000	4974.75600
5.39385	0.00000	4974.75600
5.39767	0.00000	4974.75600
5.40150	0.00000	4974.75600
5.40534	0.00000	4964.31000
5.40916	0.00000	4964.31000
5.41300	0.00000	4964.31000
5.41683	0.00000	4964.31000
5.42064	0.00000	4964.31000
5.42447	0.00000	4964.31000
5.42831	0.00000	4974.75600
5.43215	0.00000	4974.75600
5.43598	0.00000	4974.75600
5.43982	0.00000	4974.75600
5.44364	0.00000	4974.75600
5.44747	0.00000	4974.75600
5.45130	0.00000	4960.93700
5.45513	0.00000	4960.93700
5.45897	0.00000	4960.93700
5.46280	0.00000	4960.93700
5.46663	0.00000	4960.93700
5.47047	0.00000	4960.93700
5.47430	0.00000	4974.75600
5.47815	0.00000	4974.75600
5.48197	0.00000	4974.75600
5.48580	0.00000	4974.75600
5.48963	0.00000	4974.75600
5.49347	0.00000	4974.75600
5.49729	0.00000	4977.36700
5.50113	0.00000	4977.36700
5.50496	0.00000	4977.36700
5.50879	0.00000	4977.36700
5.51262	0.00000	4977.36700
5.51649	0.00000	4977.36700
5.52031	0.00000	4977.36700
5.52414	0.00000	4968.75000
5.52797	0.00000	4968.75000
5.53181	0.00000	4968.75000
5.53563	0.00000	4968.75000
5.53947	0.00000	4968.75000
5.54331	0.00000	4968.75000
5.54714	0.00000	4973.95800
5.55097	0.00000	4973.95800
5.55481	0.00000	4973.95800
5.55863	0.00000	4973.95800
5.56247	0.00000	4973.95800
5.56631	0.00000	4973.95800
5.57015	0.00000	4968.75000
5.57398	0.00000	4968.75000
5.57781	0.00000	4968.75000
5.58164	0.00000	4968.75000
5.58548	0.00000	4968.75000
5.58931	0.00000	4968.75000
5.59314	0.00000	4982.59000
5.59697	0.00000	4982.59000
5.60081	0.00000	4982.59000
5.60464	0.00000	4982.59000
5.60847	0.00000	4982.59000
5.61229	0.00000	4982.59000
5.61613	0.00000	4984.37500
5.61995	0.00000	4984.37500
5.62379	0.00000	4984.37500
5.62762	0.00000	4984.37500
5.63147	0.00000	4984.37500
5.63530	0.00000	4984.37500
5.63913	0.00000	4973.95800
5.64295	0.00000	4973.95800
5.64678	0.00000	4973.95800
5.65061	0.00000	4973.95800
5.65445	0.00000	4973.95800
5.65828	0.00000	4973.95800
5.66211	0.00000	4985.20200
5.66594	0.00000	4985.20200
5.66977	0.00000	4985.20200
5.67360	0.00000	4985.20200
5.67745	0.00000	4985.20200
5.68128	0.00000	4985.20200
5.68511	0.00000	4973.95800
5.68896	0.00000	4973.95800
5.69279	0.00000	4973.95800
5.69662	0.00000	4973.95800
5.70047	0.00000	4973.95800
5.70430	0.00000	4973.95800
5.70814	0.00000	4971.35400
5.71196	0.00000	4971.35400
5.71579	0.00000	4971.35400
5.71961	0.00000	4971.35400
5.72345	0.00000	4971.35400
5.72728	0.00000	4971.35400
5.73111	0.00000	4971.35400
5.73494	0.00000	4987.81300
5.73878	0.00000	4987.81300
5.74261	0.00000	4987.81300
5.74644	0.00000	4987.81300
5.75028	0.00000	4987.81300
5.75410	0.00000	4987.81300
5.75794	0.00000	4976.56200
5.76177	0.00000	4976.56200
5.76562	0.00000	4976.56200
5.76945	0.00000	4976.56200
5.77329	0.00000	4976.56200
5.77712	0.00000	4976.56200
5.78096	0.00000	4973.95800
5.78479	0.00000	4973.95800
5.78864	0.00000	4973.95800
5.79247	0.00000	4973.95800
5.79630	0.00000	4973.95800
5.80013	0.00000	4973.95800
5.80396	0.00000	4973.95800
5.80780	0.00000	4973.95800
5.81163	0.00000	4973.95800
5.81547	0.00000	4973.95800
5.81931	0.00000	4973.95800
5.82314	0.00000	4973.95800
5.82697	0.00000	4976.56200
5.83081	0.00000	4976.56200
5.83464	0.00000	4976.56200
5.83848	0.00000	4976.56200
5.84231	0.00000	4976.56200
5.84614	0.00000	4976.56200
5.84997	0.00000	4967.97100
5.85381	0.00000	4967.97100
5.85765	0.00000	4967.97100
5.86148	0.00000	4967.97100
5.86531	0.00000	4967.97100
5.86914	0.00000	4967.97100
5.87296	0.00000	4976.56200
5.87680	0.00000	4976.56200
5.88064	0.00000	4976.56200
5.88447	0.00000	4976.56200
5.88829	0.00000	4976.56200
5.89214	0.00000	4976.56200
5.89597	0.00000	4990.42500
5.89981	0.00000	4990.42500
5.90364	0.00000	4990.42500
5.90747	0.00000	4990.42500
5.91129	0.00000	4990.42500
5.91513	0.00000	4990.42500
5.91897	0.00000	4990.42500
5.92280	0.00000	4981.77100
5.92663	0.00000	4981.77100
5.93047	0.00000	4981.77100
5.93431	0.00000	4981.77100
5.93814	0.00000	4981.77100
5.94197	0.00000	4981.77100
5.94580	0.00000	4979.16600
5.94963	0.00000	4979.16600
5.95347	0.00000	4979.16600
5.95730	0.00000	4979.16600
5.96113	0.00000	4979.16600
5.96496	0.00000	4979.16600
5.96880	0.00000	4976.56200
5.97264	0.00000	4976.56200
5.97647	0.00000	4976.56200
5.98029	0.00000	4976.56200
5.98412	0.00000	4976.56200
5.98795	0.00000	4976.56200
5.99179	0.00000	4973.95800
5.99562	0.00000	4973.95800
5.99945	0.00000	4973.95800
6.00329	0.00000	4973.95800
6.00712	0.00000	4973.95800
6.01095	0.00000	4973.95800
6.01478	0.00000	4973.95800
6.01860	0.00000	4973.95800
6.02244	0.00000	4973.95800
6.02627	0.00000	4973.95800
6.03010	0.00000	4973.95800
6.03395	0.00000	4973.95800
6.03779	0.00000	4976.56200
6.04163	0.00000	4976.56200
6.04546	0.00000	4976.56200
6.04932	0.00000	4976.56200
6.05315	0.00000	4976.56200
6.05698	0.00000	4976.56200
6.06081	0.00000	4971.35400
6.06469	0.00000	4971.35400
6.06853	0.00000	4971.35400
6.07237	0.00000	4971.35400
6.07620	0.00000	4971.35400
6.08003	0.00000	4971.35400
6.08387	0.00000	4971.35400
6.08770	0.00000	4971.35400
6.09153	0.00000	4971.35400
6.09538	0.00000	4971.35400
6.09921	0.00000	4971.35400
6.10305	0.00000	4971.35400
6.10688	0.00000	4972.14500
6.11071	0.00000	4972.14500
6.11455	0.00000	4972.14500
6.11838	0.00000	4972.14500
6.12221	0.00000	4972.14500
6.12605	0.00000	4972.14500
6.12987	0.00000	4972.14500
6.13371	0.00000	4973.95800
6.13754	0.00000	4973.95800
6.14137	0.00000	4973.95800
6.14520	0.00000	4973.95800
6.14903	0.00000	4973.95800
6.15287	0.00000	4973.95800
6.15671	0.00000	4987.81300
6.16055	0.00000	4987.81300
6.16438	0.00000	4987.81300
6.16821	0.00000	4987.81300
6.17203	0.00000	4987.81300
6.17586	0.00000	4987.81300
6.17970	0.00000	4973.95800
6.18353	0.00000	4973.95800
6.18736	0.00000	4973.95800
6.19119	0.00000	4973.95800
6.19502	0.00000	4973.95800
6.19885	0.00000	4973.95800
6.20269	0.00000	4973.95800
6.20651	0.00000	4973.95800
6.21034	0.00000	4973.95800
6.21417	0.00000	4973.95800
6.21801	0.00000	4973.95800
6.22185	0.00000	4973.95800
6.22567	0.00000	4982.59000
6.22951	0.00000	4982.59000
6.23334	0.00000	4982.59000
6.23717	0.00000	4982.59000
6.24101	0.00000	4982.59000
6.24484	0.00000	4982.59000
6.24864	0.00000	4982.59000
6.25247	0.00000	4982.59000
6.25631	0.00000	4982.59000
6.26016	0.00000	4982.59000
6.26400	0.00000	4982.59000
6.26782	0.00000	4982.59000
6.27165	0.00000	4985.20200
6.27549	0.00000	4985.20200
6.27933	0.00000	4985.20200
6.28316	0.00000	4985.20200
6.28699	0.00000	4985.20200
6.29082	0.00000	4985.20200
6.29465	0.00000	4971.35400
6.29849	0.00000	4971.35400
6.30231	0.00000	4971.35400
6.30615	0.00000	4971.35400
6.30999	0.00000	4971.35400
6.31382	0.00000	4971.35400
6.31765	0.00000	4971.35400
6.32148	0.00000	4976.56200
6.32531	0.00000	4976.56200
6.32914	0.00000	4976.56200
6.33297	0.00000	4976.56200
6.33681	0.00000	4976.56200
6.34064	0.00000	4976.56200
6.34447	0.00000	4984.37500
6.34832	0.00000	4984.37500
6.35216	0.00000	4984.37500
6.35599	0.00000	4984.37500
6.35983	0.00000	4984.37500
6.36366	0.00000	4984.37500
6.36748	0.00000	4987.81300
6.37132	0.00000	4987.81300
6.37515	0.00000	4987.81300
6.37898	0.00000	4987.81300
6.38281	0.00000	4987.81300
6.38664	0.00000	4987.81300
6.39047	0.00000	4973.95800
6.39432	0.00000	4973.95800
6.39814	0.00000	4973.95800
6.40197	0.00000	4973.95800
6.40580	0.00000	4973.95800
6.40964	0.00000	4973.95800
6.41347	0.00000	4976.56200
6.41731	0.00000	4976.56200
6.42114	0.00000	4976.56200
6.42497	0.00000	4976.56200
6.42880	0.00000	4976.56200
6.43264	0.00000	4976.56200
6.43647	0.00000	4976.56200
6.44030	0.00000	4976.56200
6.44413	0.00000	4976.56200
6.44797	0.00000	4976.56200
6.45181	0.00000	4976.56200
6.45565	0.00000	4976.56200
6.45948	0.00000	4984.37500
6.46331	0.00000	4984.37500
6.46714	0.00000	4984.37500
6.47099	0.00000	4984.37500
6.47481	0.00000	4984.37500
6.47865	0.00000	4984.37500
6.48248	0.00000	4984.37500
6.48632	0.00000	4984.37500
6.49015	0.00000	4984.37500
6.49398	0.00000	4984.37500
6.49781	0.00000	4984.37500
6.50164	0.00000	4984.37500
6.50548	0.00000	4984.37500
6.50931	0.00000	4975.76100
6.51315	0.00000	4975.76100
6.51697	0.00000	4975.76100
6.52081	0.00000	4975.76100
6.52464	0.00000	4975.76100
6.52847	0.00000	4975.76100
6.53230	0.00000	4984.37500
6.53612	0.00000	4984.37500
6.53996	0.00000	4984.37500
6.54380	0.00000	4984.37500
6.54762	0.00000	4984.37500
6.55145	0.00000	4984.37500
6.55529	0.00000	4967.97100
6.55912	0.00000	4967.97100
6.56295	0.00000	4967.97100
6.56678	0.00000	4967.97100
6.57062	0.00000	4967.97100
6.57446	0.00000	4967.97100
6.57830	0.00000	4984.37500
6.58213	0.00000	4984.37500
6.58596	0.00000	4984.37500
6.58981	0.00000	4984.37500
6.59364	0.00000	4984.37500
6.59747	0.00000	4984.37500
6.60130	0.00000	4992.18700
6.60514	0.00000	4992.18700
6.60897	0.00000	4992.18700
6.61281	0.00000	4992.18700
6.61664	0.00000	4992.18700
6.62047	0.00000	4992.18700
6.62430	0.00000	4992.18700
6.62813	0.00000	4992.18700
6.63198	0.00000	4992.18700
6.63581	0.00000	4992.18700
6.63965	0.00000	4992.18700
6.64348	0.00000	4992.18700
6.64732	0.00000	4981.77100
6.65115	0.00000	4981.77100
6.65498	0.00000	4981.77100
6.65881	0.00000	4981.77100
6.66265	0.00000	4981.77100
6.66648	0.00000	4981.77100
6.67031	0.00000	4993.03600
6.67414	0.00000	4993.03600
6.67797	0.00000	4993.03600
6.68180	0.00000	4993.03600
6.68564	0.00000	4993.03600
6.68948	0.00000	4993.03600
6.69331	0.00000	4993.03600
6.69713	0.00000	4986.97900
6.70096	0.00000	4986.97900
6.70480	0.00000	4986.97900
6.70863	0.00000	4986.97900
6.71246	0.00000	4986.97900
6.71630	0.00000	4986.97900
6.72014	0.00000	4976.56200
6.72397	0.00000	4976.56200
6.72780	0.00000	4976.56200
6.73163	0.00000	4976.56200
6.73546	0.00000	4976.56200
6.73929	0.00000	4976.56200
6.74313	0.00000	4995.64800
6.74696	0.00000	4995.64800
6.75080	0.00000	4995.64800
6.75463	0.00000	4995.64800
6.75847	0.00000	4995.64800
6.76231	0.00000	4995.64800
6.76616	0.00000	4981.77100
6.76998	0.00000	4981.77100
6.77382	0.00000	4981.77100
6.77765	0.00000	4981.77100
6.78150	0.00000	4981.77100
6.78533	0.00000	4981.77100
6.78917	0.00000	4979.16600
6.79299	0.00000	4979.16600
6.79683	0.00000	4979.16600
6.80064	0.00000	4979.16600
6.80447	0.00000	4979.16600
6.80832	0.00000	4979.16600
6.81214	0.00000	4981.77100
6.81597	0.00000	4981.77100
6.81980	0.00000	4981.77100
6.82364	0.00000	4981.77100
6.82748	0.00000	4981.77100
6.83131	0.00000	4981.77100
6.83515	0.00000	4984.37500
6.83899	0.00000	4984.37500
6.84282	0.00000	4984.37500
6.84666	0.00000	4984.37500
6.85049	0.00000	4984.37500
6.85432	0.00000	4984.37500
6.85816	0.00000	4989.58300
6.86199	0.00000	4989.58300
6.86582	0.00000	4989.58300
6.86966	0.00000	4989.58300
6.87350	0.00000	4989.58300
6.87733	0.00000	4989.58300
6.88117	0.00000	4989.58300
6.88500	0.00000	4970.56800
6.88883	0.00000	4970.56800
6.89264	0.00000	4970.56800
6.89646	0.00000	4970.56800
6.90030	0.00000	4970.56800
6.90413	0.00000	4970.56800
6.90796	0.00000	4975.76100
6.91180	0.00000	4975.76100
6.91563	0.00000	4975.76100
6.91946	0.00000	4975.76100
6.92329	0.00000	4975.76100
6.92712	0.00000	4975.76100
6.93096	0.00000	4975.76100
6.93479	0.00000	4975.76100
6.93862	0.00000	4975.76100
6.94246	0.00000	4975.76100
6.94630	0.00000	4975.76100
6.95013	0.00000	4975.76100
6.95396	0.00000	4978.35900
6.95780	0.00000	4978.35900
6.96164	0.00000	4978.35900
6.96547	0.00000	4978.35900
6.96930	0.00000	4978.35900
6.97314	0.00000	4978.35900
6.97697	0.00000	4975.76100
6.98081	0.00000	4975.76100
6.98464	0.00000	4975.76100
6.98846	0.00000	4975.76100
6.99230	0.00000	4975.76100
6.99612	0.00000	4975.76100
6.99996	0.00000	4978.35900
7.00379	0.00000	4978.35900
7.00762	0.00000	4978.35900
7.01145	0.00000	4978.35900
7.01529	0.00000	4978.35900
7.01912	0.00000	4978.35900
7.02296	0.00000	4994.79100
7.02680	0.00000	4994.79100
7.03063	0.00000	4994.79100
7.03446	0.00000	4994.79100
7.03829	0.00000	4994.79100
7.04212	0.00000	4994.79100
7.04596	0.00000	4992.18700
7.04978	0.00000	4992.18700
7.05363	0.00000	4992.18700
7.05746	0.00000	4992.18700
7.06129	0.00000	4992.18700
7.06517	0.00000	4992.18700
7.06901	0.00000	4992.18700
7.07285	0.00000	4994.79100
7.07669	0.00000	4994.79100
7.08055	0.00000	4994.79100
7.08438	0.00000	4994.79100
7.08821	0.00000	4994.79100
7.09204	0.00000	4994.79100
7.09587	0.00000	4983.55200
7.09970	0.00000	4983.55200
7.10354	0.00000	4983.55200
7.10738	0.00000	4983.55200
7.11121	0.00000	4983.55200
7.11505	0.00000	4983.55200
7.11889	0.00000	4975.76100
7.12272	0.00000	4975.76100
7.12655	0.00000	4975.76100
7.13038	0.00000	4975.76100
7.13421	0.00000	4975.76100
7.13804	0.00000	4975.76100
7.14189	0.00000	4978.35900
7.14572	0.00000	4978.35900
7.14955	0.00000	4978.35900
7.15340	0.00000	4978.35900
7.15724	0.00000	4978.35900
7.16107	0.00000	4978.35900
7.16490	0.00000	4980.95500
7.16873	0.00000	4980.95500
7.17256	0.00000	4980.95500
7.17638	0.00000	4980.95500
7.18022	0.00000	4980.95500
7.18407	0.00000	4980.95500
7.18790	0.00000	4980.95500
7.19173	0.00000	4980.95500
7.19556	0.00000	4980.95500
7.19939	0.00000	4980.95500
7.20322	0.00000	4980.95500
7.20705	0.00000	4980.95500
7.21088	0.00000	4992.18700
7.21472	0.00000	4992.18700
7.21856	0.00000	4992.18700
7.22239	0.00000	4992.18700
7.22622	0.00000	4992.18700
7.23006	0.00000	4992.18700
7.23389	0.00000	4992.18700
7.23772	0.00000	4994.79100
7.24156	0.00000	4994.79100
7.24540	0.00000	4994.79100
7.24923	0.00000	4994.79100
7.25306	0.00000	4994.79100
7.25691	0.00000	4994.79100
7.26075	0.00000	4992.18700
7.26458	0.00000	4992.18700
7.26841	0.00000	4992.18700
7.27225	0.00000	4992.18700
7.27608	0.00000	4992.18700
7.27992	0.00000	4992.18700
7.28375	0.00000	4997.39500
7.28759	0.00000	4997.39500
7.29142	0.00000	4997.39500
7.29524	0.00000	4997.39500
7.29908	0.00000	4997.39500
7.30292	0.00000	4997.39500
7.30676	0.00000	4983.55200
7.31059	0.00000	4983.55200
7.31442	0.00000	4983.55200
7.31825	0.00000	4983.55200
7.32209	0.00000	4983.55200
7.32592	0.00000	4983.55200
7.32974	0.00000	4980.95500
7.33358	0.00000	4980.95500
7.33741	0.00000	4980.95500
7.34125	0.00000	4980.95500
7.34507	0.00000	4980.95500
7.34891	0.00000	4980.95500
7.35274	0.00000	4973.16400
7.35657	0.00000	4973.16400
7.36042	0.00000	4973.16400
7.36424	0.00000	4973.16400
7.36807	0.00000	4973.16400
7.37190	0.00000	4973.16400
7.37573	0.00000	4975.76100
7.37958	0.00000	4975.76100
7.38341	0.00000	4975.76100
7.38724	0.00000	4975.76100
7.39107	0.00000	4975.76100
7.39491	0.00000	4975.76100
7.39873	0.00000	4978.35900
7.40256	0.00000	4978.35900
7.40639	0.00000	4978.35900
7.41022	0.00000	4978.35900
7.41405	0.00000	4978.35900
7.41788	0.00000	4978.35900
7.42171	0.00000	4978.35900
7.42555	0.00000	4980.95500
7.42939	0.00000	4980.95500
7.43323	0.00000	4980.95500
7.43706	0.00000	4980.95500
7.44088	0.00000	4980.95500
7.44472	0.00000	4980.95500
7.44855	0.00000	4992.18700
7.45238	0.00000	4992.18700
7.45621	0.00000	4992.18700
7.46004	0.00000	4992.18700
7.46387	0.00000	4992.18700
7.46771	0.00000	4992.18700
7.47154	0.00000	4997.39500
7.47537	0.00000	4997.39500
7.47920	0.00000	4997.39500
7.48303	0.00000	4997.39500
7.48686	0.00000	4997.39500
7.49069	0.00000	4997.39500
7.49453	0.00000	4994.79100
7.49836	0.00000	4994.79100
7.50219	0.00000	4994.79100
7.50602	0.00000	4994.79100
7.50985	0.00000	4994.79100
7.51367	0.00000	4994.79100
7.51752	0.00000	4992.18700
7.52135	0.00000	4992.18700
7.52518	0.00000	4992.18700
7.52901	0.00000	4992.18700
7.53284	0.00000	4992.18700
7.53664	0.00000	4992.18700
7.54047	0.00000	4992.18700
7.54430	0.00000	4992.18700
7.54814	0.00000	4992.18700
7.55198	0.00000	4992.18700
7.55581	0.00000	4992.18700
7.55964	0.00000	4992.18700
7.56347	0.00000	4989.58300
7.56732	0.00000	4989.58300
7.57116	0.00000	4989.58300
7.57500	0.00000	4989.58300
7.57884	0.00000	4989.58300
7.58267	0.00000	4989.58300
7.58649	0.00000	4989.58300
7.59032	0.00000	4983.55200
7.59416	0.00000	4983.55200
7.59798	0.00000	4983.55200
7.60181	0.00000	4983.55200
7.60564	0.00000	4983.55200
7.60949	0.00000	4983.55200
7.61332	0.00000	4992.18700
7.61715	0.00000	4992.18700
7.62098	0.00000	4992.18700
7.62481	0.00000	4992.18700
7.62864	0.00000	4992.18700
7.63247	0.00000	4992.18700
7.63631	0.00000	5000.00000
7.64014	0.00000	5000.00000
7.64397	0.00000	5000.00000
7.64781	0.00000	5000.00000
7.65163	0.00000	5000.00000
7.65546	0.00000	5000.00000
7.65928	0.00000	4992.18700
7.66313	0.00000	4992.18700
7.66696	0.00000	4992.18700
7.67079	0.00000	4992.18700
7.67462	0.00000	4992.18700
7.67844	0.00000	4992.18700
7.68227	0.00000	4992.18700
7.68611	0.00000	4992.18700
7.68995	0.00000	4992.18700
7.69378	0.00000	4992.18700
7.69761	0.00000	4992.18700
7.70144	0.00000	4992.18700
7.70527	0.00000	4994.79100
7.70912	0.00000	4994.79100
7.71295	0.00000	4994.79100
7.71678	0.00000	4994.79100
7.72062	0.00000	4994.79100
7.72445	0.00000	4994.79100
7.72828	0.00000	4992.18700
7.73214	0.00000	4992.18700
7.73598	0.00000	4992.18700
7.73981	0.00000	4992.18700
7.74364	0.00000	4992.18700
7.74748	0.00000	4992.18700
7.75131	0.00000	4983.55200
7.75513	0.00000	4983.55200
7.75898	0.00000	4983.55200
7.76281	0.00000	4983.55200
7.76664	0.00000	4983.55200
7.77047	0.00000	4983.55200
7.77430	0.00000	4983.55200
7.77813	0.00000	4980.95500
7.78196	0.00000	4980.95500
7.78579	0.00000	4980.95500
7.78963	0.00000	4980.95500
7.79346	0.00000	4980.95500
7.79730	0.00000	4980.95500
7.80112	0.00000	4994.79100
7.80496	0.00000	4994.79100
7.80879	0.00000	4994.79100
7.81262	0.00000	4994.79100
7.81646	0.00000	4994.79100
7.82029	0.00000	4994.79100
7.82413	0.00000	4994.79100
7.82797	0.00000	4994.79100
7.83180	0.00000	4994.79100
7.83562	0.00000	4994.79100
7.83946	0.00000	4994.79100
7.84329	0.00000	4994.79100
7.84712	0.00000	4989.58300
7.85095	0.00000	4989.58300
7.85479	0.00000	4989.58300
7.85863	0.00000	4989.58300
7.86246	0.00000	4989.58300
7.86629	0.00000	4989.58300
7.87012	0.00000	4989.58300
7.87395	0.00000	4989.58300
7.87779	0.00000	4989.58300
7.88163	0.00000	4989.58300
7.88546	0.00000	4989.58300
7.88930	0.00000	4989.58300
7.89313	0.00000	4994.79100
7.89696	0.00000	4994.79100
7.90080	0.00000	4994.79100
7.90464	0.00000	4994.79100
7.90847	0.00000	4994.79100
7.91230	0.00000	4994.79100
7.91613	0.00000	4992.18700
7.91998	0.00000	4992.18700
7.92380	0.00000	4992.18700
7.92764	0.00000	4992.18700
7.93148	0.00000	4992.18700
7.93531	0.00000	4992.18700
7.93914	0.00000	4992.18700
7.94297	0.00000	4993.94000
7.94681	0.00000	4993.94000
7.95064	0.00000	4993.94000
7.95447	0.00000	4993.94000
7.95831	0.00000	4993.94000
7.96214	0.00000	4993.94000
7.96597	0.00000	4994.79100
7.96981	0.00000	4994.79100
7.97364	0.00000	4994.79100
7.97748	0.00000	4994.79100
7.98130	0.00000	4994.79100
7.98514	0.00000	4994.79100
7.98897	0.00000	4986.97900
7.99280	0.00000	4986.97900
7.99664	0.00000	4986.97900
8.00046	0.00000	4986.97900
8.00430	0.00000	4986.97900
8.00815	0.00000	4986.97900
8.01198	0.00000	4986.97900
8.01581	0.00000	4986.97900
8.01964	0.00000	4986.97900
8.02347	0.00000	4986.97900
8.02731	0.00000	4986.97900
8.03114	0.00000	4986.97900
8.03499	0.00000	4984.37500
8.03882	0.00000	4984.37500
8.04265	0.00000	4984.37500
8.04648	0.00000	4984.37500
8.05033	0.00000	4984.37500
8.05416	0.00000	4984.37500
8.05799	0.00000	4973.16400
8.06184	0.00000	4973.16400
8.06571	0.00000	4973.16400
8.06956	0.00000	4973.16400
8.07340	0.00000	4973.16400
8.07724	0.00000	4973.16400
8.08108	0.00000	4986.97900
8.08495	0.00000	4986.97900
8.08878	0.00000	4986.97900
8.09262	0.00000	4986.97900
8.09646	0.00000	4986.97900
8.10029	0.00000	4986.97900
8.10414	0.00000	4984.37500
8.10798	0.00000	4984.37500
8.11181	0.00000	4984.37500
8.11564	0.00000	4984.37500
8.11948	0.00000	4984.37500
8.12331	0.00000	4984.37500
8.12715	0.00000	4992.18700
8.13097	0.00000	4992.18700
8.13480	0.00000	4992.18700
8.13863	0.00000	4992.18700
8.14247	0.00000	4992.18700
8.14631	0.00000	4992.18700
8.15014	0.00000	4992.18700
8.15397	0.00000	4984.37500
8.15780	0.00000	4984.37500
8.16163	0.00000	4984.37500
8.16546	0.00000	4984.37500
8.16930	0.00000	4984.37500
8.17314	0.00000	4984.37500
8.17697	0.00000	4984.37500
8.18080	0.00000	4984.37500
8.18464	0.00000	4984.37500
8.18848	0.00000	4984.37500
8.19231	0.00000	4984.37500
8.19614	0.00000	4984.37500
8.19998	0.00000	4984.37500
8.20381	0.00000	4984.37500
8.20765	0.00000	4984.37500
8.21149	0.00000	4984.37500
8.21532	0.00000	4984.37500
8.21916	0.00000	4984.37500
8.22299	0.00000	4989.58300
8.22682	0.00000	4989.58300
8.23067	0.00000	4989.58300
8.23451	0.00000	4989.58300
8.23833	0.00000	4989.58300
8.24217	0.00000	4989.58300
8.24600	0.00000	4989.58300
8.24984	0.00000	4989.58300
8.25366	0.00000	4989.58300
8.25749	0.00000	4989.58300
8.26133	0.00000	4989.58300
8.26516	0.00000	4989.58300
8.26899	0.00000	4986.97900
8.27283	0.00000	4986.97900
8.27664	0.00000	4986.97900
8.28048	0.00000	4986.97900
8.28431	0.00000	4986.97900
8.28814	0.00000	4986.97900
8.29197	0.00000	4989.58300
8.29581	0.00000	4989.58300
8.29964	0.00000	4989.58300
8.30348	0.00000	4989.58300
8.30731	0.00000	4989.58300
8.31114	0.00000	4989.58300
8.31497	0.00000	4989.58300
8.31880	0.00000	4978.35900
8.32264	0.00000	4978.35900
8.32648	0.00000	4978.35900
8.33031	0.00000	4978.35900
8.33414	0.00000	4978.35900
8.33799	0.00000	4978.35900
8.34182	0.00000	4984.37500
8.34565	0.00000	4984.37500
8.34949	0.00000	4984.37500
8.35332	0.00000	4984.37500
8.35716	0.00000	4984.37500
8.36100	0.00000	4984.37500
8.36483	0.00000	4986.97900
8.36864	0.00000	4986.97900
8.37247	0.00000	4986.97900
8.37630	0.00000	4986.97900
8.38014	0.00000	4986.97900
8.38398	0.00000	4986.97900
8.38781	0.00000	4989.58300
8.39164	0.00000	4989.58300
8.39549	0.00000	4989.58300
8.39934	0.00000	4989.58300
8.40317	0.00000	4989.58300
8.40700	0.00000	4989.58300
8.41084	0.00000	4986.97900
8.41467	0.00000	4986.97900
8.41851	0.00000	4986.97900
8.42233	0.00000	4986.97900
8.42618	0.00000	4986.97900
8.43002	0.00000	4986.97900
8.43386	0.00000	4984.37500
8.43770	0.00000	4984.37500
8.44154	0.00000	4984.37500
8.44538	0.00000	4984.37500
8.44921	0.00000	4984.37500
8.45305	0.00000	4984.37500
8.45690	0.00000	4984.37500
8.46077	0.00000	4984.37500
8.46461	0.00000	4984.37500
8.46845	0.00000	4984.37500
8.47228	0.00000	4984.37500
8.47611	0.00000	4984.37500
8.47995	0.00000	4981.77100
8.48379	0.00000	4981.77100
8.48763	0.00000	4981.77100
8.49146	0.00000	4981.77100
8.49530	0.00000	4981.77100
8.49913	0.00000	4981.77100
8.50296	0.00000	4986.97900
8.50679	0.00000	4986.97900
8.51062	0.00000	4986.97900
8.51446	0.00000	4986.97900
8.51829	0.00000	4986.97900
8.52213	0.00000	4986.97900
8.52597	0.00000	4986.97900
8.52980	0.00000	4973.16400
8.53363	0.00000	4973.16400
8.53747	0.00000	4973.16400
8.54130	0.00000	4973.16400
8.54513	0.00000	4973.16400
8.54896	0.00000	4973.16400
8.55279	0.00000	4984.37500
8.55662	0.00000	4984.37500
8.56046	0.00000	4984.37500
8.56429	0.00000	4984.37500
8.56813	0.00000	4984.37500
8.57197	0.00000	4984.37500
8.57580	0.00000	4992.18700
8.57963	0.00000	4992.18700
8.58348	0.00000	4992.18700
8.58731	0.00000	4992.18700
8.59114	0.00000	4992.18700
8.59497	0.00000	4992.18700
8.59881	0.00000	4986.97900
8.60265	0.00000	4986.97900
8.60647	0.00000	4986.97900
8.61031	0.00000	4986.97900
8.61414	0.00000	4986.97900
8.61797	0.00000	4986.97900
8.62180	0.00000	4986.97900
8.62564	0.00000	4986.97900
8.62947	0.00000	4986.97900
8.63330	0.00000	4986.97900
8.63714	0.00000	4986.97900
8.64098	0.00000	4986.97900
8.64482	0.00000	4986.97900
8.64864	0.00000	4986.97900
8.65248	0.00000	4986.97900
8.65631	0.00000	4986.97900
8.66014	0.00000	4986.97900
8.66397	0.00000	4986.97900
8.66781	0.00000	4989.58300
8.67166	0.00000	4989.58300
8.67549	0.00000	4989.58300
8.67932	0.00000	4989.58300
8.68315	0.00000	4989.58300
8.68698	0.00000	4989.58300
8.69081	0.00000	4989.58300
8.69464	0.00000	4988.74600
8.69847	0.00000	4988.74600
8.70230	0.00000	4988.74600
8.70613	0.00000	4988.74600
8.70996	0.00000	4988.74600
8.71379	0.00000	4988.74600
8.71762	0.00000	4986.97900
8.72145	0.00000	4986.97900
8.72528	0.00000	4986.97900
8.72911	0.00000	4986.97900
8.73294	0.00000	4986.97900
8.73677	0.00000	4986.97900
8.74061	0.00000	4983.55200
8.74446	0.00000	4983.55200
8.74829	0.00000	4983.55200
8.75212	0.00000	4983.55200
8.75595	0.00000	4983.55200
8.75978	0.00000	4983.55200
8.76362	0.00000	4980.95500
8.76746	0.00000	4980.95500
8.77128	0.00000	4980.95500
8.77511	0.00000	4980.95500
8.77895	0.00000	4980.95500
8.78279	0.00000	4980.95500
8.78661	0.00000	4994.79100
8.79046	0.00000	4994.79100
8.79429	0.00000	4994.79100
8.79812	0.00000	4994.79100
8.80195	0.00000	4994.79100
8.80578	0.00000	4994.79100
8.80961	0.00000	4989.58300
8.81345	0.00000	4989.58300
8.81727	0.00000	4989.58300
8.82111	0.00000	4989.58300
8.82494	0.00000	4989.58300
8.82877	0.00000	4989.58300
8.83260	0.00000	4997.39500
8.83645	0.00000	4997.39500
8.84028	0.00000	4997.39500
8.84411	0.00000	4997.39500
8.84794	0.00000	4997.39500
8.85179	0.00000	4997.39500
8.85562	0.00000	4997.39500
8.85944	0.00000	4997.39500
8.86328	0.00000	4997.39500
8.86711	0.00000	4997.39500
8.87094	0.00000	4997.39500
8.87478	0.00000	4997.39500
8.87861	0.00000	4997.39500
8.88244	0.00000	4986.15000
8.88627	0.00000	4986.15000
8.89012	0.00000	4986.15000
8.89394	0.00000	4986.15000
8.89777	0.00000	4986.15000
8.90160	0.00000	4986.15000
8.90544	0.00000	4994.79100
8.90927	0.00000	4994.79100
8.91310	0.00000	4994.79100
8.91694	0.00000	4994.79100
8.92079	0.00000	4994.79100
8.92462	0.00000	4994.79100
8.92846	0.00000	4988.74600
8.93229	0.00000	4988.74600
8.93612	0.00000	4988.74600
8.93995	0.00000	4988.74600
8.94378	0.00000	4988.74600
8.94762	0.00000	4988.74600
8.95144	0.00000	4993.94000
8.95528	0.00000	4993.94000
8.95911	0.00000	4993.94000
8.96294	0.00000	4993.94000
8.96678	0.00000	4993.94000
8.97061	0.00000	4993.94000
8.97444	0.00000	4994.79100
8.97826	0.00000	4994.79100
8.98210	0.00000	4994.79100
8.98594	0.00000	4994.79100
8.98978	0.00000	4994.79100
8.99361	0.00000	4994.79100
8.99744	0.00000	4989.58300
9.00127	0.00000	4989.58300
9.00510	0.00000	4989.58300
9.00893	0.00000	4989.58300
9.01275	0.00000	4989.58300
9.01658	0.00000	4989.58300
9.02042	0.00000	4983.55200
9.02427	0.00000	4983.55200
9.02812	0.00000	4983.55200
9.03195	0.00000	4983.55200
9.03578	0.00000	4983.55200
9.03962	0.00000	4983.55200
9.04345	0.00000	4983.55200
9.04728	0.00000	4986.15000
9.05111	0.00000	4986.15000
9.05495	0.00000	4986.15000
9.05880	0.00000	4986.15000
9.06266	0.00000	4986.15000
9.06651	0.00000	4986.15000
9.07035	0.00000	4994.79100
9.07418	0.00000	4994.79100
9.07801	0.00000	4994.79100
9.08184	0.00000	4994.79100
9.08569	0.00000	4994.79100
9.08953	0.00000	4994.79100
9.09337	0.00000	4986.15000
9.09719	0.00000	4986.15000
9.10103	0.00000	4986.15000
9.10486	0.00000	4986.15000
9.10870	0.00000	4986.15000
9.11254	0.00000	4986.15000
9.11639	0.00000	4986.15000
9.12025	0.00000	4986.15000
9.12409	0.00000	4986.15000
9.12793	0.00000	4986.15000
9.13176	0.00000	4986.15000
9.13559	0.00000	4986.15000
9.13942	0.00000	4997.39500
9.14325	0.00000	4997.39500
9.14708	0.00000	4997.39500
9.15092	0.00000	4997.39500
9.15475	0.00000	4997.39500
9.15859	0.00000	4997.39500
9.16243	0.00000	4986.15000
9.16626	0.00000	4986.15000
9.17009	0.00000	4986.15000
9.17392	0.00000	4986.15000
9.17775	0.00000	4986.15000
9.18159	0.00000	4986.15000
9.18542	0.00000	4988.74600
9.18926	0.00000	4988.74600
9.19310	0.00000	4988.74600
9.19695	0.00000	4988.74600
9.20077	0.00000	4988.74600
9.20460	0.00000	4988.74600
9.20846	0.00000	5000.00000
9.21230	0.00000	5000.00000
9.21613	0.00000	5000.00000
9.21996	0.00000	5000.00000
9.22380	0.00000	5000.00000
9.22763	0.00000	5000.00000
9.23147	0.00000	5000.00000
9.23529	0.00000	4999.13400
9.23912	0.00000	4999.13400
9.24296	0.00000	4999.13400
9.24679	0.00000	4999.13400
9.25062	0.00000	4999.13400
9.25445	0.00000	4999.13400
9.25829	0.00000	4988.74600
9.26212	0.00000	4988.74600
9.26596	0.00000	4988.74600
9.26980	0.00000	4988.74600
9.27363	0.00000	4988.74600
9.27746	0.00000	4988.74600
9.28129	0.00000	4985.32400
9.28513	0.00000	4985.32400
9.28896	0.00000	4985.32400
9.29280	0.00000	4985.32400
9.29664	0.00000	4985.32400
9.30047	0.00000	4985.32400
9.30430	0.00000	5010.41600
9.30814	0.00000	5010.41600
9.31199	0.00000	5010.41600
9.31582	0.00000	5010.41600
9.31966	0.00000	5010.41600
9.32350	0.00000	5010.41600
9.32733	0.00000	4999.13400
9.33116	0.00000	4999.13400
9.33499	0.00000	4999.13400
9.33882	0.00000	4999.13400
9.34265	0.00000	4999.13400
9.34647	0.00000	4999.13400
9.35031	0.00000	4996.53700
9.35415	0.00000	4996.53700
9.35798	0.00000	4996.53700
9.36182	0.00000	4996.53700
9.36566	0.00000	4996.53700
9.36949	0.00000	4996.53700
9.37333	0.00000	4996.53700
9.37716	0.00000	4996.53700
9.38099	0.00000	4996.53700
9.38483	0.00000	4996.53700
9.38864	0.00000	4996.53700
9.39248	0.00000	4996.53700
9.39630	0.00000	4996.53700
9.40014	0.00000	4987.91400
9.40397	0.00000	4987.91400
9.40781	0.00000	4987.91400
9.41165	0.00000	4987.91400
9.41549	0.00000	4987.91400
9.41933	0.00000	4987.91400
9.42316	0.00000	4999.13400
9.42699	0.00000	4999.13400
9.43081	0.00000	4999.13400
9.43465	0.00000	4999.13400
9.43848	0.00000	4999.13400
9.44231	0.00000	4999.13400
9.44615	0.00000	4999.13400
9.44999	0.00000	4999.13400
9.45382	0.00000	4999.13400
9.45766	0.00000	4999.13400
9.46150	0.00000	4999.13400
9.46532	0.00000	4999.13400
9.46916	0.00000	4993.94000
9.47299	0.00000	4993.94000
9.47682	0.00000	4993.94000
9.48064	0.00000	4993.94000
9.48447	0.00000	4993.94000
9.48830	0.00000	4993.94000
9.49214	0.00000	4996.53700
9.49597	0.00000	4996.53700
9.49979	0.00000	4996.53700
9.50363	0.00000	4996.53700
9.50746	0.00000	4996.53700
9.51130	0.00000	4996.53700
9.51513	0.00000	4996.53700
9.51898	0.00000	4996.53700
9.52282	0.00000	4996.53700
9.52665	0.00000	4996.53700
9.53047	0.00000	4996.53700
9.53431	0.00000	4996.53700
9.53814	0.00000	4982.73500
9.54197	0.00000	4982.73500
9.54580	0.00000	4982.73500
9.54964	0.00000	4982.73500
9.55348	0.00000	4982.73500
9.55732	0.00000	4982.73500
9.56115	0.00000	4982.73500
9.56498	0.00000	5001.73100
9.56883	0.00000	5001.73100
9.57264	0.00000	5001.73100
9.57647	0.00000	5001.73100
9.58031	0.00000	5001.73100
9.58414	0.00000	5001.73100
9.58798	0.00000	4996.53700
9.59181	0.00000	4996.53700
9.59564	0.00000	4996.53700
9.59948	0.00000	4996.53700
9.60331	0.00000	4996.53700
9.60715	0.00000	4996.53700
9.61097	0.00000	5001.73100
9.61481	0.00000	5001.73100
9.61865	0.00000	5001.73100
9.62248	0.00000	5001.73100
9.62630	0.00000	5001.73100
9.63013	0.00000	5001.73100
9.63397	0.00000	4999.13400
9.63780	0.00000	4999.13400
9.64164	0.00000	4999.13400
9.64547	0.00000	4999.13400
9.64930	0.00000	4999.13400
9.65313	0.00000	4999.13400
9.65696	0.00000	4999.13400
9.66080	0.00000	4999.13400
9.66463	0.00000	4999.13400
9.66846	0.00000	4999.13400
9.67230	0.00000	4999.13400
9.67614	0.00000	4999.13400
9.67998	0.00000	4999.13400
9.68380	0.00000	4999.13400
9.68763	0.00000	4999.13400
9.69145	0.00000	4999.13400
9.69529	0.00000	4999.13400
9.69912	0.00000	4999.13400
9.70295	0.00000	5006.92500
9.70678	0.00000	5006.92500
9.71062	0.00000	5006.92500
9.71446	0.00000	5006.92500
9.71830	0.00000	5006.92500
9.72213	0.00000	5006.92500
9.72596	0.00000	5006.92500
9.72980	0.00000	4995.68300
9.73363	0.00000	4995.68300
9.73746	0.00000	4995.68300
9.74130	0.00000	4995.68300
9.74514	0.00000	4995.68300
9.74897	0.00000	4995.68300
9.75280	0.00000	4987.91400
9.75663	0.00000	4987.91400
9.76046	0.00000	4987.91400
9.76429	0.00000	4987.91400
9.76813	0.00000	4987.91400
9.77196	0.00000	4987.91400
9.77580	0.00000	4990.50400
9.77964	0.00000	4990.50400
9.78348	0.00000	4990.50400
9.78731	0.00000	4990.50400
9.79115	0.00000	4990.50400
9.79498	0.00000	4990.50400
9.79882	0.00000	4995.68300
9.80266	0.00000	4995.68300
9.80650	0.00000	4995.68300
9.81033	0.00000	4995.68300
9.81415	0.00000	4995.68300
9.81800	0.00000	4995.68300
9.82184	0.00000	5006.92500
9.82568	0.00000	5006.92500
9.82951	0.00000	5006.92500
9.83335	0.00000	5006.92500
9.83719	0.00000	5006.92500
9.84104	0.00000	5006.92500
9.84487	0.00000	5009.52200
9.84872	0.00000	5009.52200
9.85256	0.00000	5009.52200
9.85638	0.00000	5009.52200
9.86022	0.00000	5009.52200
9.86407	0.00000	5009.52200
9.86790	0.00000	5000.86300
9.87172	0.00000	5000.86300
9.87555	0.00000	5000.86300
9.87938	0.00000	5000.86300
9.88322	0.00000	5000.86300
9.88705	0.00000	5000.86300
9.89089	0.00000	5000.86300
9.89473	0.00000	5014.71600
9.89858	0.00000	5014.71600
9.90241	0.00000	5014.71600
9.90624	0.00000	5014.71600
9.91007	0.00000	5014.71600
9.91390	0.00000	5014.71600
9.91773	0.00000	4998.27400
9.92157	0.00000	4998.27400
9.92542	0.00000	4998.27400
9.92925	0.00000	4998.27400
9.93308	0.00000	4998.27400
9.93690	0.00000	4998.27400
9.94073	0.00000	5003.45300
9.94457	0.00000	5003.45300
9.94839	0.00000	5003.45300
9.95223	0.00000	5003.45300
9.95607	0.00000	5003.45300
9.95990	0.00000	5003.45300
9.96374	0.00000	5003.45300
9.96757	0.00000	5003.45300
9.97140	0.00000	5003.45300
9.97523	0.00000	5003.45300
9.97907	0.00000	5003.45300
9.98290	0.00000	5003.45300
9.98674	0.00000	5003.45300
9.99059	0.00000	5003.45300
9.99442	0.00000	5003.45300
9.99825	0.00000	5003.45300
