Time (s)   Thrust (N)   RPM
0.00030	0.00000	5555.80300
0.00421	0.00000	5555.80300
0.00810	0.00000	5555.80300
0.01196	0.00000	5556.90100
0.01581	0.00000	5556.90100
0.01966	0.00000	5556.90100
0.02356	0.00000	5556.90100
0.02747	0.00000	5556.90100
0.03131	0.00000	5556.90100
0.03515	0.00000	5556.90100
0.03901	0.00000	5472.54200
0.04285	0.00000	5472.54200
0.04668	0.00000	5472.54200
0.05052	0.00000	5472.54200
0.05437	0.00000	5472.54200
0.05820	0.00000	5472.54200
0.06204	0.00000	5472.54200
0.06587	0.00000	5328.32300
0.06970	0.00000	5328.32300
0.07353	0.00000	5328.32300
0.07737	0.00000	5328.32300
0.08119	0.00000	5328.32300
0.08503	0.00000	5328.32300
0.08886	0.00000	5211.61400
0.09268	0.00000	5211.61400
0.09651	0.00000	5211.61400
0.10034	0.00000	5211.61400
0.10416	0.00000	5211.61400
0.10799	0.00000	5211.61400
0.11182	0.00000	5211.61400
0.11565	0.00000	5127.34500
0.11947	0.00000	5127.34500
0.12330	0.00000	5127.34500
0.12712	0.00000	5127.34500
0.13095	0.00000	5127.34500
0.13480	0.00000	5127.34500
0.13863	0.00000	5048.66800
0.14247	0.00000	5048.66800
0.14631	0.00000	5048.66800
0.15014	0.00000	5048.66800
0.15397	0.00000	5048.66800
0.15781	0.00000	5048.66800
0.16164	0.00000	4997.39500
0.16547	0.00000	4997.39500
0.16930	0.00000	4997.39500
0.17313	0.00000	4997.39500
0.17693	0.00000	4997.39500
0.18076	0.00000	4997.39500
0.18458	0.00000	4939.60000
0.18842	0.00000	4939.60000
0.19225	0.00000	4939.60000
0.19608	0.00000	4939.60000
0.19991	0.00000	4939.60000
0.20374	0.00000	4939.60000
0.20759	0.00000	4894.06800
0.21142	0.00000	4894.06800
0.21526	0.00000	4894.06800
0.21909	0.00000	4894.06800
0.22292	0.00000	4894.06800
0.22675	0.00000	4894.06800
0.23058	0.00000	4865.94500
0.23441	0.00000	4865.94500
0.23823	0.00000	4865.94500
0.24206	0.00000	4865.94500
0.24589	0.00000	4865.94500
0.24972	0.00000	4865.94500
0.25357	0.00000	4845.53500
0.25741	0.00000	4845.53500
0.26125	0.00000	4845.53500
0.26509	0.00000	4845.53500
0.26893	0.00000	4845.53500
0.27277	0.00000	4845.53500
0.27661	0.00000	4825.28800
0.28045	0.00000	4825.28800
0.28429	0.00000	4825.28800
0.28813	0.00000	4825.28800
0.29196	0.00000	4825.28800
0.29580	0.00000	4825.28800
0.29965	0.00000	4812.50000
0.30349	0.00000	4812.50000
0.30733	0.00000	4812.50000
0.31116	0.00000	4812.50000
0.31500	0.00000	4812.50000
0.31884	0.00000	4812.50000
0.32267	0.00000	4793.78600
0.32651	0.00000	4793.78600
0.33034	0.00000	4793.78600
0.33417	0.00000	4793.78600
0.33800	0.00000	4793.78600
0.34184	0.00000	4789.22200
0.34568	0.00000	4789.22200
0.34950	0.00000	4789.22200
0.35334	0.00000	4789.22200
0.35718	0.00000	4789.22200
0.36102	0.00000	4789.22200
0.36487	0.00000	4780.43000
0.36869	0.00000	4780.43000
0.37254	0.00000	4780.43000
0.37637	0.00000	4780.43000
0.38020	0.00000	4780.43000
0.38404	0.00000	4780.43000
0.38786	0.00000	4775.21900
0.39170	0.00000	4775.21900
0.39554	0.00000	4775.21900
0.39938	0.00000	4775.21900
0.40322	0.00000	4775.21900
0.40705	0.00000	4775.21900
0.41088	0.00000	4764.25400
0.41472	0.00000	4764.25400
0.41855	0.00000	4764.25400
0.42238	0.00000	4764.25400
0.42621	0.00000	4764.25400
0.43004	0.00000	4764.25400
0.43388	0.00000	4745.23400
0.43772	0.00000	4745.23400
0.44156	0.00000	4745.23400
0.44540	0.00000	4745.23400
0.44922	0.00000	4745.23400
0.45306	0.00000	4751.10600
0.45692	0.00000	4751.10600
0.46076	0.00000	4751.10600
0.46459	0.00000	4751.10600
0.46842	0.00000	4751.10600
0.47225	0.00000	4751.10600
0.47609	0.00000	4742.81000
0.47994	0.00000	4742.81000
0.48377	0.00000	4742.81000
0.48760	0.00000	4742.81000
0.49143	0.00000	4742.81000
0.49526	0.00000	4742.81000
0.49909	0.00000	4736.98700
0.50293	0.00000	4736.98700
0.50676	0.00000	4736.98700
0.51061	0.00000	4736.98700
0.51445	0.00000	4736.98700
0.51828	0.00000	4736.98700
0.52211	0.00000	4734.37500
0.52594	0.00000	4734.37500
0.52977	0.00000	4734.37500
0.53360	0.00000	4734.37500
0.53744	0.00000	4734.37500
0.54127	0.00000	4734.37500
0.54509	0.00000	4731.74800
0.54892	0.00000	4731.74800
0.55276	0.00000	4731.74800
0.55659	0.00000	4731.74800
0.56043	0.00000	4731.74800
0.56426	0.00000	4723.55700
0.56809	0.00000	4723.55700
0.57192	0.00000	4723.55700
0.57576	0.00000	4723.55700
0.57960	0.00000	4723.55700
0.58345	0.00000	4723.55700
0.58729	0.00000	4728.73900
0.59113	0.00000	4728.73900
0.59495	0.00000	4728.73900
0.59879	0.00000	4728.73900
0.60262	0.00000	4728.73900
0.60646	0.00000	4728.73900
0.61029	0.00000	4726.10300
0.61411	0.00000	4726.10300
0.61795	0.00000	4726.10300
0.62179	0.00000	4726.10300
0.62563	0.00000	4726.10300
0.62946	0.00000	4726.10300
0.63330	0.00000	4728.86000
0.63713	0.00000	4728.86000
0.64097	0.00000	4728.86000
0.64481	0.00000	4728.86000
0.64863	0.00000	4728.86000
0.65246	0.00000	4734.79200
0.65630	0.00000	4734.79200
0.66014	0.00000	4734.79200
0.66397	0.00000	4734.79200
0.66780	0.00000	4734.79200
0.67163	0.00000	4734.79200
0.67546	0.00000	4728.98200
0.67930	0.00000	4728.98200
0.68312	0.00000	4728.98200
0.68695	0.00000	4728.98200
0.69077	0.00000	4728.98200
0.69460	0.00000	4728.98200
0.69843	0.00000	4723.45100
0.70226	0.00000	4723.45100
0.70610	0.00000	4723.45100
0.70993	0.00000	4723.45100
0.71375	0.00000	4723.45100
0.71759	0.00000	4723.45100
0.72142	0.00000	4723.45100
0.72525	0.00000	4723.45100
0.72908	0.00000	4723.45100
0.73292	0.00000	4723.45100
0.73676	0.00000	4723.45100
0.74060	0.00000	4726.33100
0.74443	0.00000	4726.33100
0.74828	0.00000	4726.33100
0.75210	0.00000	4726.33100
0.75595	0.00000	4726.33100
0.75977	0.00000	4726.33100
0.76360	0.00000	4734.65200
0.76743	0.00000	4734.65200
0.77127	0.00000	4734.65200
0.77510	0.00000	4734.65200
0.77893	0.00000	4734.65200
0.78275	0.00000	4734.65200
0.78659	0.00000	4720.68500
0.79042	0.00000	4720.68500
0.79424	0.00000	4720.68500
0.79808	0.00000	4720.68500
0.80191	0.00000	4720.68500
0.80575	0.00000	4720.68500
0.80958	0.00000	4731.87800
0.81341	0.00000	4731.87800
0.81723	0.00000	4731.87800
0.82106	0.00000	4731.87800
0.82489	0.00000	4731.87800
0.82873	0.00000	4731.87800
0.83256	0.00000	4729.10500
0.83639	0.00000	4729.10500
0.84022	0.00000	4729.10500
0.84405	0.00000	4729.10500
0.84788	0.00000	4729.10500
0.85172	0.00000	4737.57400
0.85555	0.00000	4737.57400
0.85939	0.00000	4737.57400
0.86322	0.00000	4737.57400
0.86705	0.00000	4737.57400
0.87088	0.00000	4737.57400
0.87471	0.00000	4731.74800
0.87855	0.00000	4731.74800
0.88238	0.00000	4731.74800
0.88622	0.00000	4731.74800
0.89005	0.00000	4731.74800
0.89388	0.00000	4731.74800
0.89772	0.00000	4737.27900
0.90156	0.00000	4737.27900
0.90539	0.00000	4737.27900
0.90922	0.00000	4737.27900
0.91307	0.00000	4737.27900
0.91690	0.00000	4737.27900
0.92075	0.00000	4726.33100
0.92458	0.00000	4726.33100
0.92842	0.00000	4726.33100
0.93225	0.00000	4726.33100
0.93609	0.00000	4726.33100
0.93991	0.00000	4726.44700
0.94376	0.00000	4726.44700
0.94760	0.00000	4726.44700
0.95144	0.00000	4726.44700
0.95527	0.00000	4726.44700
0.95910	0.00000	4726.44700
0.96293	0.00000	4737.27900
0.96676	0.00000	4737.27900
0.97059	0.00000	4737.27900
0.97442	0.00000	4737.27900
0.97826	0.00000	4737.27900
0.98210	0.00000	4737.27900
0.98594	0.00000	4723.34500
0.98977	0.00000	4723.34500
0.99360	0.00000	4723.34500
0.99745	0.00000	4723.34500
1.00129	0.00000	4723.34500
1.00517	0.00000	4723.34500
1.00901	0.00000	4723.34500
1.01284	0.00000	4723.34500
1.01667	0.00000	4723.34500
1.02050	0.00000	4723.34500
1.02434	0.00000	4723.34500
1.02817	0.00000	4720.88300
1.03201	0.00000	4720.88300
1.03584	0.00000	4720.88300
1.03968	0.00000	4720.88300
1.04350	0.00000	4720.88300
1.04734	0.00000	4720.88300
1.05118	0.00000	4726.21700
1.05502	0.00000	4726.21700
1.05886	0.00000	4726.21700
1.06269	0.00000	4726.21700
1.06653	0.00000	4726.21700
1.07036	0.00000	4726.21700
1.07420	0.00000	4728.98200
1.07804	0.00000	4728.98200
1.08187	0.00000	4728.98200
1.08571	0.00000	4728.98200
1.08955	0.00000	4728.98200
1.09339	0.00000	4728.98200
1.09722	0.00000	4726.10300
1.10106	0.00000	4726.10300
1.10488	0.00000	4726.10300
1.10871	0.00000	4726.10300
1.11254	0.00000	4726.10300
1.11637	0.00000	4723.66400
1.12019	0.00000	4723.66400
1.12404	0.00000	4723.66400
1.12787	0.00000	4723.66400
1.13170	0.00000	4723.66400
1.13554	0.00000	4723.66400
1.13939	0.00000	4726.33100
1.14322	0.00000	4726.33100
1.14706	0.00000	4726.33100
1.15089	0.00000	4726.33100
1.15473	0.00000	4726.33100
1.15855	0.00000	4726.33100
1.16239	0.00000	4734.51300
1.16623	0.00000	4734.51300
1.17007	0.00000	4734.51300
1.17390	0.00000	4734.51300
1.17774	0.00000	4734.51300
1.18158	0.00000	4734.51300
1.18541	0.00000	4737.27900
1.18924	0.00000	4737.27900
1.19307	0.00000	4737.27900
1.19690	0.00000	4737.27900
1.20073	0.00000	4737.27900
1.20457	0.00000	4737.27900
1.20839	0.00000	4720.68500
1.21222	0.00000	4720.68500
1.21605	0.00000	4720.68500
1.21989	0.00000	4720.68500
1.22372	0.00000	4720.68500
1.22756	0.00000	4718.01000
1.23141	0.00000	4718.01000
1.23524	0.00000	4718.01000
1.23907	0.00000	4718.01000
1.24291	0.00000	4718.01000
1.24674	0.00000	4718.01000
1.25059	0.00000	4723.45100
1.25442	0.00000	4723.45100
1.25825	0.00000	4723.45100
1.26208	0.00000	4723.45100
1.26591	0.00000	4723.45100
1.26974	0.00000	4723.45100
1.27358	0.00000	4726.21700
1.27742	0.00000	4726.21700
1.28124	0.00000	4726.21700
1.28509	0.00000	4726.21700
1.28892	0.00000	4726.21700
1.29276	0.00000	4726.21700
1.29660	0.00000	4726.21700
1.30043	0.00000	4726.21700
1.30427	0.00000	4726.21700
1.30810	0.00000	4726.21700
1.31195	0.00000	4726.21700
1.31578	0.00000	4729.22800
1.31961	0.00000	4729.22800
1.32344	0.00000	4729.22800
1.32728	0.00000	4729.22800
1.33111	0.00000	4729.22800
1.33495	0.00000	4729.22800
1.33878	0.00000	4734.51300
1.34260	0.00000	4734.51300
1.34645	0.00000	4734.51300
1.35029	0.00000	4734.51300
1.35413	0.00000	4734.51300
1.35797	0.00000	4734.51300
1.36181	0.00000	4740.04400
1.36563	0.00000	4740.04400
1.36946	0.00000	4740.04400
1.37329	0.00000	4740.04400
1.37713	0.00000	4740.04400
1.38093	0.00000	4740.04400
1.38477	0.00000	4734.51300
1.38859	0.00000	4734.51300
1.39244	0.00000	4734.51300
1.39627	0.00000	4734.51300
1.40010	0.00000	4734.51300
1.40394	0.00000	4723.55700
1.40776	0.00000	4723.55700
1.41159	0.00000	4723.55700
1.41543	0.00000	4723.55700
1.41926	0.00000	4723.55700
1.42309	0.00000	4723.55700
1.42692	0.00000	4731.74800
1.43075	0.00000	4731.74800
1.43459	0.00000	4731.74800
1.43842	0.00000	4731.74800
1.44225	0.00000	4731.74800
1.44609	0.00000	4731.74800
1.44992	0.00000	4720.58800
1.45375	0.00000	4720.58800
1.45758	0.00000	4720.58800
1.46141	0.00000	4720.58800
1.46525	0.00000	4720.58800
1.46908	0.00000	4720.58800
1.47291	0.00000	4723.34500
1.47675	0.00000	4723.34500
1.48057	0.00000	4723.34500
1.48439	0.00000	4723.34500
1.48822	0.00000	4723.34500
1.49208	0.00000	4723.34500
1.49590	0.00000	4723.45100
1.49974	0.00000	4723.45100
1.50357	0.00000	4723.45100
1.50740	0.00000	4723.45100
1.51123	0.00000	4723.45100
1.51507	0.00000	4723.55700
1.51892	0.00000	4723.55700
1.52275	0.00000	4723.55700
1.52659	0.00000	4723.55700
1.53042	0.00000	4723.55700
1.53426	0.00000	4723.55700
1.53810	0.00000	4728.98200
1.54193	0.00000	4728.98200
1.54576	0.00000	4728.98200
1.54959	0.00000	4728.98200
1.55342	0.00000	4728.98200
1.55725	0.00000	4728.98200
1.56108	0.00000	4731.74800
1.56491	0.00000	4731.74800
1.56875	0.00000	4731.74800
1.57259	0.00000	4731.74800
1.57642	0.00000	4731.74800
1.58025	0.00000	4731.74800
1.58408	0.00000	4723.34500
1.58792	0.00000	4723.34500
1.59175	0.00000	4723.34500
1.59559	0.00000	4723.34500
1.59943	0.00000	4723.34500
1.60325	0.00000	4731.87800
1.60709	0.00000	4731.87800
1.61093	0.00000	4731.87800
1.61477	0.00000	4731.87800
1.61859	0.00000	4731.87800
1.62242	0.00000	4731.87800
1.62625	0.00000	4740.04400
1.63007	0.00000	4740.04400
1.63391	0.00000	4740.04400
1.63774	0.00000	4740.04400
1.64159	0.00000	4740.04400
1.64542	0.00000	4740.04400
1.64924	0.00000	4734.37500
1.65307	0.00000	4734.37500
1.65690	0.00000	4734.37500
1.66075	0.00000	4734.37500
1.66458	0.00000	4734.37500
1.66841	0.00000	4734.37500
1.67225	0.00000	4737.27900
1.67609	0.00000	4737.27900
1.67992	0.00000	4737.27900
1.68375	0.00000	4737.27900
1.68759	0.00000	4737.27900
1.69142	0.00000	4737.42600
1.69524	0.00000	4737.42600
1.69907	0.00000	4737.42600
1.70290	0.00000	4737.42600
1.70673	0.00000	4737.42600
1.71056	0.00000	4737.42600
1.71440	0.00000	4726.33100
1.71824	0.00000	4726.33100
1.72209	0.00000	4726.33100
1.72592	0.00000	4726.33100
1.72976	0.00000	4726.33100
1.73359	0.00000	4726.33100
1.73742	0.00000	4731.61700
1.74126	0.00000	4731.61700
1.74509	0.00000	4731.61700
1.74893	0.00000	4731.61700
1.75276	0.00000	4731.61700
1.75663	0.00000	4731.61700
1.76049	0.00000	4731.61700
1.76432	0.00000	4731.61700
1.76815	0.00000	4731.61700
1.77199	0.00000	4731.61700
1.77583	0.00000	4731.61700
1.77966	0.00000	4731.61700
1.78348	0.00000	4734.65200
1.78731	0.00000	4734.65200
1.79115	0.00000	4734.65200
1.79498	0.00000	4734.65200
1.79882	0.00000	4734.65200
1.80264	0.00000	4726.44700
1.80647	0.00000	4726.44700
1.81030	0.00000	4726.44700
1.81413	0.00000	4726.44700
1.81796	0.00000	4726.44700
1.82179	0.00000	4726.44700
1.82563	0.00000	4726.10300
1.82947	0.00000	4726.10300
1.83330	0.00000	4726.10300
1.83713	0.00000	4726.10300
1.84093	0.00000	4726.10300
1.84476	0.00000	4726.10300
1.84860	0.00000	4734.37500
1.85243	0.00000	4734.37500
1.85626	0.00000	4734.37500
1.86009	0.00000	4734.37500
1.86393	0.00000	4734.37500
1.86777	0.00000	4734.37500
1.87160	0.00000	4737.13200
1.87544	0.00000	4737.13200
1.87928	0.00000	4737.13200
1.88312	0.00000	4737.13200
1.88695	0.00000	4737.13200
1.89078	0.00000	4734.79200
1.89462	0.00000	4734.79200
1.89845	0.00000	4734.79200
1.90229	0.00000	4734.79200
1.90611	0.00000	4734.79200
1.90994	0.00000	4734.79200
1.91376	0.00000	4726.21700
1.91759	0.00000	4726.21700
1.92143	0.00000	4726.21700
1.92527	0.00000	4726.21700
1.92910	0.00000	4726.21700
1.93293	0.00000	4726.21700
1.93676	0.00000	4720.58800
1.94059	0.00000	4720.58800
1.94442	0.00000	4720.58800
1.94825	0.00000	4720.58800
1.95209	0.00000	4720.58800
1.95592	0.00000	4720.58800
1.95975	0.00000	4745.57500
1.96359	0.00000	4745.57500
1.96742	0.00000	4745.57500
1.97125	0.00000	4745.57500
1.97509	0.00000	4745.57500
1.97892	0.00000	4745.57500
1.98274	0.00000	4729.10500
1.98658	0.00000	4729.10500
1.99041	0.00000	4729.10500
1.99425	0.00000	4729.10500
1.99808	0.00000	4729.10500
2.00193	0.00000	4726.33100
2.00580	0.00000	4726.33100
2.00964	0.00000	4726.33100
2.01348	0.00000	4726.33100
2.01732	0.00000	4726.33100
2.02115	0.00000	4726.33100
2.02499	0.00000	4723.45100
2.02882	0.00000	4723.45100
2.03266	0.00000	4723.45100
2.03649	0.00000	4723.45100
2.04031	0.00000	4723.45100
2.04415	0.00000	4723.45100
2.04798	0.00000	4728.86000
2.05181	0.00000	4728.86000
2.05564	0.00000	4728.86000
2.05947	0.00000	4728.86000
2.06331	0.00000	4728.86000
2.06715	0.00000	4728.86000
2.07101	0.00000	4726.21700
2.07491	0.00000	4726.21700
2.07877	0.00000	4726.21700
2.08262	0.00000	4726.21700
2.08647	0.00000	4726.21700
2.09031	0.00000	4734.65200
2.09414	0.00000	4734.65200
2.09797	0.00000	4734.65200
2.10181	0.00000	4734.65200
2.10565	0.00000	4734.65200
2.10949	0.00000	4734.65200
2.11332	0.00000	4731.74800
2.11716	0.00000	4731.74800
2.12099	0.00000	4731.74800
2.12482	0.00000	4731.74800
2.12866	0.00000	4731.74800
2.13249	0.00000	4731.74800
2.13633	0.00000	4728.86000
2.14016	0.00000	4728.86000
2.14401	0.00000	4728.86000
2.14783	0.00000	4728.86000
2.15166	0.00000	4728.86000
2.15549	0.00000	4728.86000
2.15932	0.00000	4723.45100
2.16315	0.00000	4723.45100
2.16699	0.00000	4723.45100
2.17084	0.00000	4723.45100
2.17467	0.00000	4723.45100
2.17850	0.00000	4723.55700
2.18234	0.00000	4723.55700
2.18617	0.00000	4723.55700
2.19000	0.00000	4723.55700
2.19383	0.00000	4723.55700
2.19765	0.00000	4723.55700
2.20148	0.00000	4717.83100
2.20532	0.00000	4717.83100
2.20916	0.00000	4717.83100
2.21298	0.00000	4717.83100
2.21681	0.00000	4717.83100
2.22065	0.00000	4717.83100
2.22448	0.00000	4728.86000
2.22831	0.00000	4728.86000
2.23215	0.00000	4728.86000
2.23598	0.00000	4728.86000
2.23982	0.00000	4728.86000
2.24366	0.00000	4728.86000
2.24748	0.00000	4734.51300
2.25132	0.00000	4734.51300
2.25515	0.00000	4734.51300
2.25899	0.00000	4734.51300
2.26281	0.00000	4734.51300
2.26666	0.00000	4740.35600
2.27048	0.00000	4740.35600
2.27432	0.00000	4740.35600
2.27816	0.00000	4740.35600
2.28199	0.00000	4740.35600
2.28584	0.00000	4740.35600
2.28967	0.00000	4731.87800
2.29352	0.00000	4731.87800
2.29735	0.00000	4731.87800
2.30119	0.00000	4731.87800
2.30501	0.00000	4731.87800
2.30884	0.00000	4731.87800
2.31267	0.00000	4720.58800
2.31650	0.00000	4720.58800
2.32035	0.00000	4720.58800
2.32419	0.00000	4720.58800
2.32802	0.00000	4720.58800
2.33185	0.00000	4720.58800
2.33567	0.00000	4740.04400
2.33950	0.00000	4740.04400
2.34333	0.00000	4740.04400
2.34718	0.00000	4740.04400
2.35100	0.00000	4740.04400
2.35483	0.00000	4740.04400
2.35866	0.00000	4726.21700
2.36249	0.00000	4726.21700
2.36633	0.00000	4726.21700
2.37016	0.00000	4726.21700
2.37399	0.00000	4726.21700
2.37782	0.00000	4729.22800
2.38166	0.00000	4729.22800
2.38548	0.00000	4729.22800
2.38931	0.00000	4729.22800
2.39316	0.00000	4729.22800
2.39699	0.00000	4729.22800
2.40082	0.00000	4745.57500
2.40465	0.00000	4745.57500
2.40849	0.00000	4745.57500
2.41232	0.00000	4745.57500
2.41615	0.00000	4745.57500
2.41999	0.00000	4745.57500
2.42382	0.00000	4728.86000
2.42765	0.00000	4728.86000
2.43149	0.00000	4728.86000
2.43534	0.00000	4728.86000
2.43917	0.00000	4728.86000
2.44300	0.00000	4728.86000
2.44684	0.00000	4723.34500
2.45066	0.00000	4723.34500
2.45449	0.00000	4723.34500
2.45833	0.00000	4723.34500
2.46216	0.00000	4723.34500
2.46599	0.00000	4740.35600
2.46984	0.00000	4740.35600
2.47367	0.00000	4740.35600
2.47750	0.00000	4740.35600
2.48132	0.00000	4740.35600
2.48515	0.00000	4740.35600
2.48898	0.00000	4723.45100
2.49280	0.00000	4723.45100
2.49663	0.00000	4723.45100
2.50048	0.00000	4723.45100
2.50430	0.00000	4723.45100
2.50815	0.00000	4723.45100
2.51199	0.00000	4731.74800
2.51583	0.00000	4731.74800
2.51966	0.00000	4731.74800
2.52348	0.00000	4731.74800
2.52731	0.00000	4731.74800
2.53114	0.00000	4731.74800
2.53498	0.00000	4734.37500
2.53880	0.00000	4734.37500
2.54264	0.00000	4734.37500
2.54647	0.00000	4734.37500
2.55031	0.00000	4734.37500
2.55414	0.00000	4726.33100
2.55796	0.00000	4726.33100
2.56179	0.00000	4726.33100
2.56562	0.00000	4726.33100
2.56945	0.00000	4726.33100
2.57329	0.00000	4726.33100
2.57713	0.00000	4726.33100
2.58093	0.00000	4726.33100
2.58476	0.00000	4726.33100
2.58860	0.00000	4726.33100
2.59243	0.00000	4726.33100
2.59625	0.00000	4726.33100
2.60009	0.00000	4731.74800
2.60392	0.00000	4731.74800
2.60776	0.00000	4731.74800
2.61159	0.00000	4731.74800
2.61542	0.00000	4731.74800
2.61925	0.00000	4731.74800
2.62309	0.00000	4726.21700
2.62692	0.00000	4726.21700
2.63075	0.00000	4726.21700
2.63458	0.00000	4726.21700
2.63842	0.00000	4726.21700
2.64225	0.00000	4726.21700
2.64607	0.00000	4723.45100
2.64992	0.00000	4723.45100
2.65374	0.00000	4723.45100
2.65758	0.00000	4723.45100
2.66142	0.00000	4723.45100
2.66526	0.00000	4729.10500
2.66911	0.00000	4729.10500
2.67293	0.00000	4729.10500
2.67676	0.00000	4729.10500
2.68059	0.00000	4729.10500
2.68443	0.00000	4729.10500
2.68826	0.00000	4726.10300
2.69209	0.00000	4726.10300
2.69592	0.00000	4726.10300
2.69974	0.00000	4726.10300
2.70357	0.00000	4726.10300
2.70740	0.00000	4726.10300
2.71123	0.00000	4742.81000
2.71507	0.00000	4742.81000
2.71890	0.00000	4742.81000
2.72273	0.00000	4742.81000
2.72656	0.00000	4742.81000
2.73039	0.00000	4742.81000
2.73422	0.00000	4720.58800
2.73806	0.00000	4720.58800
2.74190	0.00000	4720.58800
2.74573	0.00000	4720.58800
2.74956	0.00000	4720.58800
2.75340	0.00000	4731.87800
2.75723	0.00000	4731.87800
2.76106	0.00000	4731.87800
2.76489	0.00000	4731.87800
2.76873	0.00000	4731.87800
2.77256	0.00000	4731.87800
2.77640	0.00000	4737.27900
2.78023	0.00000	4737.27900
2.78406	0.00000	4737.27900
2.78788	0.00000	4737.27900
2.79172	0.00000	4737.27900
2.79555	0.00000	4737.27900
2.79939	0.00000	4731.61700
2.80322	0.00000	4731.61700
2.80705	0.00000	4731.61700
2.81088	0.00000	4731.61700
2.81472	0.00000	4731.61700
2.81856	0.00000	4731.61700
2.82239	0.00000	4717.83100
2.82623	0.00000	4717.83100
2.83007	0.00000	4717.83100
2.83390	0.00000	4717.83100
2.83773	0.00000	4717.83100
2.84156	0.00000	4717.83100
2.84539	0.00000	4737.27900
2.84922	0.00000	4737.27900
2.85306	0.00000	4737.27900
2.85690	0.00000	4737.27900
2.86073	0.00000	4737.27900
2.86456	0.00000	4720.78400
2.86839	0.00000	4720.78400
2.87222	0.00000	4720.78400
2.87606	0.00000	4720.78400
2.87990	0.00000	4720.78400
2.88372	0.00000	4720.78400
2.88756	0.00000	4728.86000
2.89140	0.00000	4728.86000
2.89523	0.00000	4728.86000
2.89906	0.00000	4728.86000
2.90289	0.00000	4728.86000
2.90673	0.00000	4728.86000
2.91056	0.00000	4728.86000
2.91439	0.00000	4728.86000
2.91822	0.00000	4728.86000
2.92206	0.00000	4728.86000
2.92589	0.00000	4728.86000
2.92973	0.00000	4728.86000
2.93357	0.00000	4723.34500
2.93740	0.00000	4723.34500
2.94124	0.00000	4723.34500
2.94508	0.00000	4723.34500
2.94893	0.00000	4723.34500
2.95275	0.00000	4729.10500
2.95659	0.00000	4729.10500
2.96042	0.00000	4729.10500
2.96426	0.00000	4729.10500
2.96809	0.00000	4729.10500
2.97193	0.00000	4729.10500
2.97576	0.00000	4723.45100
2.97960	0.00000	4723.45100
2.98343	0.00000	4723.45100
2.98727	0.00000	4723.45100
2.99112	0.00000	4723.45100
2.99496	0.00000	4723.45100
2.99878	0.00000	4720.58800
3.00263	0.00000	4720.58800
3.00650	0.00000	4720.58800
3.01034	0.00000	4720.58800
3.01418	0.00000	4720.58800
3.01802	0.00000	4720.58800
3.02185	0.00000	4734.51300
3.02568	0.00000	4734.51300
3.02952	0.00000	4734.51300
3.03335	0.00000	4734.51300
3.03719	0.00000	4734.51300
3.04103	0.00000	4743.13800
3.04487	0.00000	4743.13800
3.04871	0.00000	4743.13800
3.05254	0.00000	4743.13800
3.05637	0.00000	4743.13800
3.06020	0.00000	4743.13800
3.06404	0.00000	4731.87800
3.06786	0.00000	4731.87800
3.07170	0.00000	4731.87800
3.07553	0.00000	4731.87800
3.07936	0.00000	4731.87800
3.08319	0.00000	4731.87800
3.08703	0.00000	4740.04400
3.09086	0.00000	4740.04400
3.09469	0.00000	4740.04400
3.09852	0.00000	4740.04400
3.10235	0.00000	4740.04400
3.10619	0.00000	4740.04400
3.11001	0.00000	4723.45100
3.11384	0.00000	4723.45100
3.11768	0.00000	4723.45100
3.12150	0.00000	4723.45100
3.12533	0.00000	4723.45100
3.12917	0.00000	4723.45100
3.13299	0.00000	4726.21700
3.13682	0.00000	4726.21700
3.14066	0.00000	4726.21700
3.14449	0.00000	4726.21700
3.14832	0.00000	4726.21700
3.15214	0.00000	4729.22800
3.15597	0.00000	4729.22800
3.15980	0.00000	4729.22800
3.16362	0.00000	4729.22800
3.16746	0.00000	4729.22800
3.17129	0.00000	4729.22800
3.17512	0.00000	4720.58800
3.17896	0.00000	4720.58800
3.18281	0.00000	4720.58800
3.18665	0.00000	4720.58800
3.19048	0.00000	4720.58800
3.19430	0.00000	4720.58800
3.19813	0.00000	4720.58800
3.20197	0.00000	4720.58800
3.20580	0.00000	4720.58800
3.20964	0.00000	4720.58800
3.21347	0.00000	4720.58800
3.21730	0.00000	4720.58800
3.22113	0.00000	4717.83100
3.22493	0.00000	4717.83100
3.22875	0.00000	4717.83100
3.23258	0.00000	4717.83100
3.23640	0.00000	4717.83100
3.24023	0.00000	4732.01000
3.24406	0.00000	4732.01000
3.24788	0.00000	4732.01000
3.25172	0.00000	4732.01000
3.25556	0.00000	4732.01000
3.25939	0.00000	4732.01000
3.26322	0.00000	4723.45100
3.26704	0.00000	4723.45100
3.27088	0.00000	4723.45100
3.27472	0.00000	4723.45100
3.27854	0.00000	4723.45100
3.28238	0.00000	4723.45100
3.28621	0.00000	4734.51300
3.29004	0.00000	4734.51300
3.29388	0.00000	4734.51300
3.29772	0.00000	4734.51300
3.30155	0.00000	4734.51300
3.30537	0.00000	4734.51300
3.30920	0.00000	4734.51300
3.31304	0.00000	4734.51300
3.31687	0.00000	4734.51300
3.32071	0.00000	4734.51300
3.32453	0.00000	4734.51300
3.32836	0.00000	4734.79200
3.33218	0.00000	4734.79200
3.33602	0.00000	4734.79200
3.33985	0.00000	4734.79200
3.34369	0.00000	4734.79200
3.34752	0.00000	4734.79200
3.35136	0.00000	4734.79200
3.35520	0.00000	4734.79200
3.35903	0.00000	4734.79200
3.36286	0.00000	4734.79200
3.36668	0.00000	4734.79200
3.37051	0.00000	4734.79200
3.37435	0.00000	4728.98200
3.37817	0.00000	4728.98200
3.38201	0.00000	4728.98200
3.38584	0.00000	4728.98200
3.38967	0.00000	4728.98200
3.39350	0.00000	4728.98200
3.39733	0.00000	4726.10300
3.40115	0.00000	4726.10300
3.40498	0.00000	4726.10300
3.40882	0.00000	4726.10300
3.41265	0.00000	4726.10300
3.41648	0.00000	4726.10300
3.42031	0.00000	4726.10300
3.42414	0.00000	4726.10300
3.42798	0.00000	4726.10300
3.43182	0.00000	4726.10300
3.43567	0.00000	4726.10300
3.43949	0.00000	4743.13800
3.44335	0.00000	4743.13800
3.44718	0.00000	4743.13800
3.45101	0.00000	4743.13800
3.45485	0.00000	4743.13800
3.45869	0.00000	4743.13800
3.46251	0.00000	4731.61700
3.46634	0.00000	4731.61700
3.47018	0.00000	4731.61700
3.47402	0.00000	4731.61700
3.47785	0.00000	4731.61700
3.48169	0.00000	4731.61700
3.48554	0.00000	4723.34500
3.48937	0.00000	4723.34500
3.49321	0.00000	4723.34500
3.49705	0.00000	4723.34500
3.50088	0.00000	4723.34500
3.50471	0.00000	4723.34500
3.50854	0.00000	4723.45100
3.51237	0.00000	4723.45100
3.51621	0.00000	4723.45100
3.52004	0.00000	4723.45100
3.52387	0.00000	4723.45100
3.52770	0.00000	4726.33100
3.53154	0.00000	4726.33100
3.53538	0.00000	4726.33100
3.53922	0.00000	4726.33100
3.54305	0.00000	4726.33100
3.54688	0.00000	4726.33100
3.55071	0.00000	4723.45100
3.55453	0.00000	4723.45100
3.55836	0.00000	4723.45100
3.56220	0.00000	4723.45100
3.56603	0.00000	4723.45100
3.56986	0.00000	4723.45100
3.57369	0.00000	4726.21700
3.57753	0.00000	4726.21700
3.58136	0.00000	4726.21700
3.58520	0.00000	4726.21700
3.58902	0.00000	4726.21700
3.59286	0.00000	4726.21700
3.59670	0.00000	4734.51300
3.60053	0.00000	4734.51300
3.60436	0.00000	4734.51300
3.60819	0.00000	4734.51300
3.61202	0.00000	4734.51300
3.61584	0.00000	4726.33100
3.61966	0.00000	4726.33100
3.62350	0.00000	4726.33100
3.62734	0.00000	4726.33100
3.63116	0.00000	4726.33100
3.63499	0.00000	4726.33100
3.63882	0.00000	4734.65200
3.64266	0.00000	4734.65200
3.64650	0.00000	4734.65200
3.65033	0.00000	4734.65200
3.65417	0.00000	4734.65200
3.65802	0.00000	4734.65200
3.66185	0.00000	4731.61700
3.66568	0.00000	4731.61700
3.66952	0.00000	4731.61700
3.67335	0.00000	4731.61700
3.67719	0.00000	4731.61700
3.68102	0.00000	4731.61700
3.68485	0.00000	4717.83100
3.68868	0.00000	4717.83100
3.69251	0.00000	4717.83100
3.69634	0.00000	4717.83100
3.70018	0.00000	4717.83100
3.70400	0.00000	4717.83100
3.70783	0.00000	4728.98200
3.71166	0.00000	4728.98200
3.71548	0.00000	4728.98200
3.71933	0.00000	4728.98200
3.72316	0.00000	4728.98200
3.72699	0.00000	4720.78400
3.73084	0.00000	4720.78400
3.73468	0.00000	4720.78400
3.73852	0.00000	4720.78400
3.74237	0.00000	4720.78400
3.74621	0.00000	4720.78400
3.75005	0.00000	4739.88900
3.75389	0.00000	4739.88900
3.75772	0.00000	4739.88900
3.76154	0.00000	4739.88900
3.76538	0.00000	4739.88900
3.76921	0.00000	4739.88900
3.77304	0.00000	4728.98200
3.77689	0.00000	4728.98200
3.78073	0.00000	4728.98200
3.78457	0.00000	4728.98200
3.78839	0.00000	4728.98200
3.79222	0.00000	4728.98200
3.79606	0.00000	4726.10300
3.79988	0.00000	4726.10300
3.80371	0.00000	4726.10300
3.80754	0.00000	4726.10300
3.81137	0.00000	4726.10300
3.81520	0.00000	4732.01000
3.81903	0.00000	4732.01000
3.82286	0.00000	4732.01000
3.82670	0.00000	4732.01000
3.83053	0.00000	4732.01000
3.83436	0.00000	4732.01000
3.83819	0.00000	4740.19900
3.84202	0.00000	4740.19900
3.84585	0.00000	4740.19900
3.84968	0.00000	4740.19900
3.85351	0.00000	4740.19900
3.85734	0.00000	4740.19900
3.86117	0.00000	4731.61700
3.86500	0.00000	4731.61700
3.86884	0.00000	4731.61700
3.87267	0.00000	4731.61700
3.87651	0.00000	4731.61700
3.88034	0.00000	4731.61700
3.88418	0.00000	4720.58800
3.88801	0.00000	4720.58800
3.89185	0.00000	4720.58800
3.89569	0.00000	4720.58800
3.89952	0.00000	4720.58800
3.90335	0.00000	4720.58800
3.90717	0.00000	4748.52000
3.91102	0.00000	4748.52000
3.91486	0.00000	4748.52000
3.91870	0.00000	4748.52000
3.92253	0.00000	4748.52000
3.92637	0.00000	4745.92000
3.93021	0.00000	4745.92000
3.93404	0.00000	4745.92000
3.93787	0.00000	4745.92000
3.94170	0.00000	4745.92000
3.94555	0.00000	4745.92000
3.94938	0.00000	4728.86000
3.95321	0.00000	4728.86000
3.95704	0.00000	4728.86000
3.96087	0.00000	4728.86000
3.96470	0.00000	4728.86000
3.96853	0.00000	4728.86000
3.97237	0.00000	4731.61700
3.97620	0.00000	4731.61700
3.98003	0.00000	4731.61700
3.98387	0.00000	4731.61700
3.98770	0.00000	4731.61700
3.99154	0.00000	4731.61700
3.99537	0.00000	4737.27900
3.99921	0.00000	4737.27900
4.00307	0.00000	4737.27900
4.00691	0.00000	4737.27900
4.01075	0.00000	4737.27900
4.01459	0.00000	4732.01000
4.01844	0.00000	4732.01000
4.02226	0.00000	4732.01000
4.02610	0.00000	4732.01000
4.02993	0.00000	4732.01000
4.03377	0.00000	4732.01000
4.03760	0.00000	4726.10300
4.04144	0.00000	4726.10300
4.04528	0.00000	4726.10300
4.04910	0.00000	4726.10300
4.05293	0.00000	4726.10300
4.05676	0.00000	4726.10300
4.06059	0.00000	4717.83100
4.06442	0.00000	4717.83100
4.06825	0.00000	4717.83100
4.07208	0.00000	4717.83100
4.07592	0.00000	4717.83100
4.07975	0.00000	4717.83100
4.08359	0.00000	4723.34500
4.08743	0.00000	4723.34500
4.09128	0.00000	4723.34500
4.09511	0.00000	4723.34500
4.09895	0.00000	4723.34500
4.10279	0.00000	4748.70100
4.10663	0.00000	4748.70100
4.11047	0.00000	4748.70100
4.11429	0.00000	4748.70100
4.11811	0.00000	4748.70100
4.12195	0.00000	4748.70100
4.12578	0.00000	4740.19900
4.12962	0.00000	4740.19900
4.13345	0.00000	4740.19900
4.13728	0.00000	4740.19900
4.14111	0.00000	4740.19900
4.14493	0.00000	4740.19900
4.14876	0.00000	4734.37500
4.15261	0.00000	4734.37500
4.15644	0.00000	4734.37500
4.16028	0.00000	4734.37500
4.16410	0.00000	4734.37500
4.16794	0.00000	4734.37500
4.17178	0.00000	4731.61700
4.17561	0.00000	4731.61700
4.17944	0.00000	4731.61700
4.18328	0.00000	4731.61700
4.18710	0.00000	4731.61700
4.19093	0.00000	4731.61700
4.19476	0.00000	4742.81000
4.19859	0.00000	4742.81000
4.20243	0.00000	4742.81000
4.20626	0.00000	4742.81000
4.21009	0.00000	4742.81000
4.21392	0.00000	4726.33100
4.21776	0.00000	4726.33100
4.22159	0.00000	4726.33100
4.22543	0.00000	4726.33100
4.22927	0.00000	4726.33100
4.23311	0.00000	4726.33100
4.23693	0.00000	4742.81000
4.24077	0.00000	4742.81000
4.24460	0.00000	4742.81000
4.24843	0.00000	4742.81000
4.25226	0.00000	4742.81000
4.25609	0.00000	4742.81000
4.25993	0.00000	4728.86000
4.26376	0.00000	4728.86000
4.26759	0.00000	4728.86000
4.27141	0.00000	4728.86000
4.27524	0.00000	4728.86000
4.27907	0.00000	4728.86000
4.28291	0.00000	4723.34500
4.28675	0.00000	4723.34500
4.29058	0.00000	4723.34500
4.29441	0.00000	4723.34500
4.29824	0.00000	4723.34500
4.30208	0.00000	4740.35600
4.30591	0.00000	4740.35600
4.30974	0.00000	4740.35600
4.31358	0.00000	4740.35600
4.31742	0.00000	4740.35600
4.32125	0.00000	4740.35600
4.32507	0.00000	4742.97300
4.32890	0.00000	4742.97300
4.33275	0.00000	4742.97300
4.33658	0.00000	4742.97300
4.34041	0.00000	4742.97300
4.34424	0.00000	4742.97300
4.34807	0.00000	4726.21700
4.35190	0.00000	4726.21700
4.35573	0.00000	4726.21700
4.35958	0.00000	4726.21700
4.36341	0.00000	4726.21700
4.36723	0.00000	4726.21700
4.37106	0.00000	4734.51300
4.37490	0.00000	4734.51300
4.37873	0.00000	4734.51300
4.38256	0.00000	4734.51300
4.38639	0.00000	4734.51300
4.39022	0.00000	4734.51300
4.39405	0.00000	4726.21700
4.39788	0.00000	4726.21700
4.40172	0.00000	4726.21700
4.40556	0.00000	4726.21700
4.40939	0.00000	4726.21700
4.41322	0.00000	4718.01000
4.41706	0.00000	4718.01000
4.42089	0.00000	4718.01000
4.42473	0.00000	4718.01000
4.42856	0.00000	4718.01000
4.43239	0.00000	4718.01000
4.43623	0.00000	4728.86000
4.44006	0.00000	4728.86000
4.44389	0.00000	4728.86000
4.44771	0.00000	4728.86000
4.45155	0.00000	4728.86000
4.45539	0.00000	4728.86000
4.45922	0.00000	4731.74800
4.46305	0.00000	4731.74800
4.46688	0.00000	4731.74800
4.47072	0.00000	4731.74800
4.47456	0.00000	4731.74800
4.47839	0.00000	4731.74800
4.48222	0.00000	4742.81000
4.48606	0.00000	4742.81000
4.48989	0.00000	4742.81000
4.49374	0.00000	4742.81000
4.49757	0.00000	4742.81000
4.50142	0.00000	4745.74700
4.50527	0.00000	4745.74700
4.50910	0.00000	4745.74700
4.51293	0.00000	4745.74700
4.51676	0.00000	4745.74700
4.52059	0.00000	4745.74700
4.52443	0.00000	4734.51300
4.52826	0.00000	4734.51300
4.53209	0.00000	4734.51300
4.53593	0.00000	4734.51300
4.53975	0.00000	4734.51300
4.54358	0.00000	4734.51300
4.54741	0.00000	4723.34500
4.55124	0.00000	4723.34500
4.55507	0.00000	4723.34500
4.55890	0.00000	4723.34500
4.56275	0.00000	4723.34500
4.56658	0.00000	4723.34500
4.57041	0.00000	4726.10300
4.57424	0.00000	4726.10300
4.57808	0.00000	4726.10300
4.58190	0.00000	4726.10300
4.58574	0.00000	4726.10300
4.58957	0.00000	4745.92000
4.59339	0.00000	4745.92000
4.59722	0.00000	4745.92000
4.60105	0.00000	4745.92000
4.60488	0.00000	4745.92000
4.60872	0.00000	4745.92000
4.61255	0.00000	4731.87800
4.61637	0.00000	4731.87800
4.62020	0.00000	4731.87800
4.62404	0.00000	4731.87800
4.62788	0.00000	4731.87800
4.63171	0.00000	4731.87800
4.63555	0.00000	4720.58800
4.63939	0.00000	4720.58800
4.64323	0.00000	4720.58800
4.64707	0.00000	4720.58800
4.65089	0.00000	4720.58800
4.65472	0.00000	4720.58800
4.65855	0.00000	4731.61700
4.66238	0.00000	4731.61700
4.66622	0.00000	4731.61700
4.67005	0.00000	4731.61700
4.67389	0.00000	4731.61700
4.67772	0.00000	4731.61700
4.68156	0.00000	4734.51300
4.68539	0.00000	4734.51300
4.68922	0.00000	4734.51300
4.69306	0.00000	4734.51300
4.69688	0.00000	4734.51300
4.70071	0.00000	4726.33100
4.70455	0.00000	4726.33100
4.70839	0.00000	4726.33100
4.71223	0.00000	4726.33100
4.71606	0.00000	4726.33100
4.71990	0.00000	4726.33100
4.72374	0.00000	4725.98900
4.72757	0.00000	4725.98900
4.73140	0.00000	4725.98900
4.73523	0.00000	4725.98900
4.73906	0.00000	4725.98900
4.74289	0.00000	4725.98900
4.74672	0.00000	4742.64700
4.75056	0.00000	4742.64700
4.75440	0.00000	4742.64700
4.75823	0.00000	4742.64700
4.76207	0.00000	4742.64700
4.76591	0.00000	4742.64700
4.76975	0.00000	4742.64700
4.77358	0.00000	4742.64700
4.77741	0.00000	4742.64700
4.78124	0.00000	4742.64700
4.78507	0.00000	4742.64700
4.78890	0.00000	4726.33100
4.79274	0.00000	4726.33100
4.79658	0.00000	4726.33100
4.80041	0.00000	4726.33100
4.80425	0.00000	4726.33100
4.80809	0.00000	4726.33100
4.81192	0.00000	4737.42600
4.81575	0.00000	4737.42600
4.81959	0.00000	4737.42600
4.82343	0.00000	4737.42600
4.82726	0.00000	4737.42600
4.83110	0.00000	4737.42600
4.83492	0.00000	4742.64700
4.83876	0.00000	4742.64700
4.84259	0.00000	4742.64700
4.84641	0.00000	4742.64700
4.85025	0.00000	4742.64700
4.85410	0.00000	4742.64700
4.85794	0.00000	4742.64700
4.86178	0.00000	4742.64700
4.86562	0.00000	4742.64700
4.86945	0.00000	4742.64700
4.87329	0.00000	4742.64700
4.87713	0.00000	4742.64700
4.88093	0.00000	4737.13200
4.88477	0.00000	4737.13200
4.88859	0.00000	4737.13200
4.89243	0.00000	4737.13200
4.89626	0.00000	4737.13200
4.90010	0.00000	4726.21700
4.90396	0.00000	4726.21700
4.90779	0.00000	4726.21700
4.91163	0.00000	4726.21700
4.91546	0.00000	4726.21700
4.91929	0.00000	4726.21700
4.92313	0.00000	4734.37500
4.92697	0.00000	4734.37500
4.93080	0.00000	4734.37500
4.93462	0.00000	4734.37500
4.93846	0.00000	4734.37500
4.94229	0.00000	4734.37500
4.94612	0.00000	4739.88900
4.94995	0.00000	4739.88900
4.95379	0.00000	4739.88900
4.95763	0.00000	4739.88900
4.96146	0.00000	4739.88900
4.96529	0.00000	4739.88900
4.96912	0.00000	4720.49100
4.97293	0.00000	4720.49100
4.97675	0.00000	4720.49100
4.98060	0.00000	4720.49100
4.98443	0.00000	4720.49100
4.98826	0.00000	4740.19900
4.99210	0.00000	4740.19900
4.99593	0.00000	4740.19900
4.99978	0.00000	4740.19900
5.00416	0.00000	4740.19900
5.00803	0.00000	4740.19900
5.01188	0.00000	4726.33100
5.01572	0.00000	4726.33100
5.01959	0.00000	4726.33100
5.02344	0.00000	4726.33100
5.02728	0.00000	4726.33100
5.03112	0.00000	4726.33100
5.03499	0.00000	4848.21400
5.03886	0.00000	4848.21400
5.04270	0.00000	4848.21400
5.04655	0.00000	4848.21400
5.05038	0.00000	4848.21400
5.05423	0.00000	4848.21400
5.05808	0.00000	5140.00000
5.06193	0.00000	5140.00000
5.06579	0.00000	5140.00000
5.06963	0.00000	5140.00000
5.07346	0.00000	5140.00000
5.07730	0.00000	5140.00000
5.08114	0.00000	5140.00000
5.08498	0.00000	5365.23900
5.08883	0.00000	5365.23900
5.09267	0.00000	5365.23900
5.09651	0.00000	5365.23900
5.10034	0.00000	5365.23900
5.10418	0.00000	5365.23900
5.10802	0.00000	5365.23900
5.11186	0.00000	5491.07100
5.11570	0.00000	5491.07100
5.11954	0.00000	5491.07100
5.12339	0.00000	5491.07100
5.12723	0.00000	5491.07100
5.13107	0.00000	5491.07100
5.13492	0.00000	5491.07100
5.13875	0.00000	5596.18800
5.14259	0.00000	5596.18800
5.14643	0.00000	5596.18800
5.15028	0.00000	5596.18800
5.15412	0.00000	5596.18800
5.15796	0.00000	5596.18800
5.16180	0.00000	5596.18800
5.16564	0.00000	5596.18800
5.16948	0.00000	5646.70100
5.17332	0.00000	5646.70100
5.17716	0.00000	5646.70100
5.18101	0.00000	5646.70100
5.18485	0.00000	5646.70100
5.18868	0.00000	5646.70100
5.19253	0.00000	5646.70100
5.19637	0.00000	5680.90600
5.20020	0.00000	5680.90600
5.20406	0.00000	5680.90600
5.20790	0.00000	5680.90600
5.21176	0.00000	5680.90600
5.21560	0.00000	5680.90600
5.21944	0.00000	5680.90600
5.22328	0.00000	5704.01400
5.22716	0.00000	5704.01400
5.23100	0.00000	5704.01400
5.23485	0.00000	5704.01400
5.23870	0.00000	5704.01400
5.24255	0.00000	5704.01400
5.24640	0.00000	5704.01400
5.25024	0.00000	5704.01400
5.25408	0.00000	5721.91000
5.25791	0.00000	5721.91000
5.26177	0.00000	5721.91000
5.26562	0.00000	5721.91000
5.26945	0.00000	5721.91000
5.27330	0.00000	5721.91000
5.27714	0.00000	5721.91000
5.28099	0.00000	5758.02400
5.28486	0.00000	5758.02400
5.28870	0.00000	5758.02400
5.29254	0.00000	5758.02400
5.29639	0.00000	5758.02400
5.30023	0.00000	5758.02400
5.30407	0.00000	5758.02400
5.30791	0.00000	5758.02400
5.31175	0.00000	5724.01700
5.31560	0.00000	5724.01700
5.31944	0.00000	5724.01700
5.32328	0.00000	5724.01700
5.32713	0.00000	5724.01700
5.33097	0.00000	5724.01700
5.33480	0.00000	5724.01700
5.33864	0.00000	5737.41500
5.34250	0.00000	5737.41500
5.34635	0.00000	5737.41500
5.35019	0.00000	5737.41500
5.35403	0.00000	5737.41500
5.35788	0.00000	5737.41500
5.36172	0.00000	5737.41500
5.36555	0.00000	5737.41500
5.36939	0.00000	5742.71300
5.37324	0.00000	5742.71300
5.37707	0.00000	5742.71300
5.38091	0.00000	5742.71300
5.38478	0.00000	5742.71300
5.38863	0.00000	5742.71300
5.39248	0.00000	5742.71300
5.39632	0.00000	5726.81000
5.40017	0.00000	5726.81000
5.40400	0.00000	5726.81000
5.40784	0.00000	5726.81000
5.41168	0.00000	5726.81000
5.41552	0.00000	5726.81000
5.41937	0.00000	5726.81000
5.42321	0.00000	5726.81000
5.42706	0.00000	5742.71300
5.43090	0.00000	5742.71300
5.43475	0.00000	5742.71300
5.43859	0.00000	5742.71300
5.44242	0.00000	5742.71300
5.44626	0.00000	5742.71300
5.45010	0.00000	5742.71300
5.45395	0.00000	5735.29400
5.45781	0.00000	5735.29400
5.46166	0.00000	5735.29400
5.46551	0.00000	5735.29400
5.46937	0.00000	5735.29400
5.47321	0.00000	5735.29400
5.47706	0.00000	5735.29400
5.48089	0.00000	5735.29400
5.48473	0.00000	5745.08400
5.48857	0.00000	5745.08400
5.49242	0.00000	5745.08400
5.49627	0.00000	5745.08400
5.50012	0.00000	5745.08400
5.50398	0.00000	5745.08400
5.50783	0.00000	5745.08400
5.51168	0.00000	5739.53600
5.51552	0.00000	5739.53600
5.51935	0.00000	5739.53600
5.52319	0.00000	5739.53600
5.52703	0.00000	5739.53600
5.53088	0.00000	5739.53600
5.53473	0.00000	5739.53600
5.53858	0.00000	5739.53600
5.54241	0.00000	5732.20300
5.54627	0.00000	5732.20300
5.55011	0.00000	5732.20300
5.55395	0.00000	5732.20300
5.55779	0.00000	5732.20300
5.56163	0.00000	5732.20300
5.56548	0.00000	5732.20300
5.56932	0.00000	5739.53600
5.57316	0.00000	5739.53600
5.57701	0.00000	5739.53600
5.58085	0.00000	5739.53600
5.58469	0.00000	5739.53600
5.58853	0.00000	5739.53600
5.59236	0.00000	5739.53600
5.59619	0.00000	5739.53600
5.60003	0.00000	5740.87100
5.60387	0.00000	5740.87100
5.60772	0.00000	5740.87100
5.61156	0.00000	5740.87100
5.61540	0.00000	5740.87100
5.61924	0.00000	5740.87100
5.62309	0.00000	5740.87100
5.62693	0.00000	5743.77800
5.63080	0.00000	5743.77800
5.63464	0.00000	5743.77800
5.63848	0.00000	5743.77800
5.64234	0.00000	5743.77800
5.64618	0.00000	5743.77800
5.65003	0.00000	5743.77800
5.65388	0.00000	5743.77800
5.65771	0.00000	5732.44400
5.66156	0.00000	5732.44400
5.66539	0.00000	5732.44400
5.66923	0.00000	5732.44400
5.67308	0.00000	5732.44400
5.67693	0.00000	5732.44400
5.68077	0.00000	5732.44400
5.68462	0.00000	5737.16100
5.68846	0.00000	5737.16100
5.69230	0.00000	5737.16100
5.69615	0.00000	5737.16100
5.69999	0.00000	5737.16100
5.70383	0.00000	5737.16100
5.70767	0.00000	5737.16100
5.71152	0.00000	5737.16100
5.71536	0.00000	5747.46600
5.71921	0.00000	5747.46600
5.72305	0.00000	5747.46600
5.72690	0.00000	5747.46600
5.73074	0.00000	5747.46600
5.73460	0.00000	5747.46600
5.73844	0.00000	5747.46600
5.74228	0.00000	5737.16100
5.74612	0.00000	5737.16100
5.74996	0.00000	5737.16100
5.75380	0.00000	5737.16100
5.75765	0.00000	5737.16100
5.76151	0.00000	5737.16100
5.76534	0.00000	5737.16100
5.76918	0.00000	5737.16100
5.77302	0.00000	5730.33700
5.77686	0.00000	5730.33700
5.78070	0.00000	5730.33700
5.78455	0.00000	5730.33700
5.78839	0.00000	5730.33700
5.79225	0.00000	5730.33700
5.79610	0.00000	5730.33700
5.79995	0.00000	5756.50500
5.80381	0.00000	5756.50500
5.80766	0.00000	5756.50500
5.81151	0.00000	5756.50500
5.81534	0.00000	5756.50500
5.81919	0.00000	5756.50500
5.82303	0.00000	5756.50500
5.82687	0.00000	5756.50500
5.83072	0.00000	5730.33700
5.83456	0.00000	5730.33700
5.83840	0.00000	5730.33700
5.84225	0.00000	5730.33700
5.84608	0.00000	5730.33700
5.84992	0.00000	5730.33700
5.85376	0.00000	5730.33700
5.85760	0.00000	5752.26200
5.86149	0.00000	5752.26200
5.86534	0.00000	5752.26200
5.86918	0.00000	5752.26200
5.87304	0.00000	5752.26200
5.87688	0.00000	5752.26200
5.88074	0.00000	5752.26200
5.88457	0.00000	5752.26200
5.88841	0.00000	5732.44400
5.89225	0.00000	5732.44400
5.89611	0.00000	5732.44400
5.89997	0.00000	5732.44400
5.90382	0.00000	5732.44400
5.90767	0.00000	5732.44400
5.91152	0.00000	5732.44400
5.91537	0.00000	5739.27800
5.91924	0.00000	5739.27800
5.92308	0.00000	5739.27800
5.92693	0.00000	5739.27800
5.93076	0.00000	5739.27800
5.93461	0.00000	5739.27800
5.93845	0.00000	5739.27800
5.94230	0.00000	5739.27800
5.94615	0.00000	5736.65700
5.95000	0.00000	5736.65700
5.95385	0.00000	5736.65700
5.95769	0.00000	5736.65700
5.96152	0.00000	5736.65700
5.96537	0.00000	5736.65700
5.96921	0.00000	5736.65700
5.97305	0.00000	5730.81200
5.97690	0.00000	5730.81200
5.98075	0.00000	5730.81200
5.98459	0.00000	5730.81200
5.98843	0.00000	5730.81200
5.99228	0.00000	5730.81200
5.99612	0.00000	5730.81200
5.99996	0.00000	5730.81200
6.00384	0.00000	5734.55000
6.00769	0.00000	5734.55000
6.01154	0.00000	5734.55000
6.01538	0.00000	5734.55000
6.01923	0.00000	5734.55000
6.02308	0.00000	5734.55000
6.02692	0.00000	5734.55000
6.03077	0.00000	5745.89900
6.03461	0.00000	5745.89900
6.03846	0.00000	5745.89900
6.04229	0.00000	5745.89900
6.04614	0.00000	5745.89900
6.04998	0.00000	5745.89900
6.05382	0.00000	5745.89900
6.05766	0.00000	5745.89900
6.06151	0.00000	5745.35500
6.06535	0.00000	5745.35500
6.06919	0.00000	5745.35500
6.07303	0.00000	5745.35500
6.07687	0.00000	5745.35500
6.08073	0.00000	5745.35500
6.08458	0.00000	5745.35500
6.08842	0.00000	5743.77800
6.09227	0.00000	5743.77800
6.09611	0.00000	5743.77800
6.09995	0.00000	5743.77800
6.10380	0.00000	5743.77800
6.10765	0.00000	5743.77800
6.11149	0.00000	5743.77800
6.11532	0.00000	5743.77800
6.11916	0.00000	5740.87100
6.12301	0.00000	5740.87100
6.12686	0.00000	5740.87100
6.13072	0.00000	5740.87100
6.13457	0.00000	5740.87100
6.13841	0.00000	5740.87100
6.14225	0.00000	5740.87100
6.14609	0.00000	5745.89900
6.14993	0.00000	5745.89900
6.15378	0.00000	5745.89900
6.15761	0.00000	5745.89900
6.16146	0.00000	5745.89900
6.16531	0.00000	5745.89900
6.16916	0.00000	5745.89900
6.17301	0.00000	5745.89900
6.17685	0.00000	5738.76400
6.18070	0.00000	5738.76400
6.18453	0.00000	5738.76400
6.18837	0.00000	5738.76400
6.19221	0.00000	5738.76400
6.19604	0.00000	5738.76400
6.19989	0.00000	5738.76400
6.20374	0.00000	5743.77800
6.20759	0.00000	5743.77800
6.21143	0.00000	5743.77800
6.21527	0.00000	5743.77800
6.21911	0.00000	5743.77800
6.22295	0.00000	5743.77800
6.22679	0.00000	5743.77800
6.23063	0.00000	5743.77800
6.23448	0.00000	5740.87100
6.23834	0.00000	5740.87100
6.24219	0.00000	5740.87100
6.24604	0.00000	5740.87100
6.24988	0.00000	5740.87100
6.25372	0.00000	5740.87100
6.25757	0.00000	5740.87100
6.26140	0.00000	5739.53600
6.26524	0.00000	5739.53600
6.26909	0.00000	5739.53600
6.27293	0.00000	5739.53600
6.27678	0.00000	5739.53600
6.28063	0.00000	5739.53600
6.28448	0.00000	5739.53600
6.28832	0.00000	5739.53600
6.29217	0.00000	5734.30500
6.29600	0.00000	5734.30500
6.29984	0.00000	5734.30500
6.30368	0.00000	5734.30500
6.30753	0.00000	5734.30500
6.31137	0.00000	5734.30500
6.31522	0.00000	5734.30500
6.31907	0.00000	5739.53600
6.32292	0.00000	5739.53600
6.32676	0.00000	5739.53600
6.33061	0.00000	5739.53600
6.33445	0.00000	5739.53600
6.33828	0.00000	5739.53600
6.34213	0.00000	5739.53600
6.34598	0.00000	5739.53600
6.34982	0.00000	5742.97700
6.35366	0.00000	5742.97700
6.35750	0.00000	5742.97700
6.36134	0.00000	5742.97700
6.36518	0.00000	5742.97700
6.36902	0.00000	5742.97700
6.37286	0.00000	5742.97700
6.37670	0.00000	5741.65700
6.38055	0.00000	5741.65700
6.38440	0.00000	5741.65700
6.38825	0.00000	5741.65700
6.39209	0.00000	5741.65700
6.39595	0.00000	5741.65700
6.39980	0.00000	5741.65700
6.40364	0.00000	5741.65700
6.40748	0.00000	5745.08400
6.41132	0.00000	5745.08400
6.41516	0.00000	5745.08400
6.41902	0.00000	5745.08400
6.42288	0.00000	5745.08400
6.42673	0.00000	5745.08400
6.43057	0.00000	5745.08400
6.43441	0.00000	5737.41500
6.43825	0.00000	5737.41500
6.44209	0.00000	5737.41500
6.44593	0.00000	5737.41500
6.44976	0.00000	5737.41500
6.45361	0.00000	5737.41500
6.45745	0.00000	5737.41500
6.46130	0.00000	5737.41500
6.46514	0.00000	5742.97700
6.46899	0.00000	5742.97700
6.47283	0.00000	5742.97700
6.47668	0.00000	5742.97700
6.48052	0.00000	5742.97700
6.48436	0.00000	5742.97700
6.48820	0.00000	5742.97700
6.49204	0.00000	5739.53600
6.49588	0.00000	5739.53600
6.49972	0.00000	5739.53600
6.50356	0.00000	5739.53600
6.50741	0.00000	5739.53600
6.51126	0.00000	5739.53600
6.51509	0.00000	5739.53600
6.51894	0.00000	5739.53600
6.52278	0.00000	5734.30500
6.52662	0.00000	5734.30500
6.53047	0.00000	5734.30500
6.53432	0.00000	5734.30500
6.53817	0.00000	5734.30500
6.54201	0.00000	5734.30500
6.54586	0.00000	5734.30500
6.54970	0.00000	5728.69600
6.55353	0.00000	5728.69600
6.55737	0.00000	5728.69600
6.56123	0.00000	5728.69600
6.56507	0.00000	5728.69600
6.56893	0.00000	5728.69600
6.57277	0.00000	5728.69600
6.57662	0.00000	5728.69600
6.58047	0.00000	5738.76400
6.58431	0.00000	5738.76400
6.58815	0.00000	5738.76400
6.59200	0.00000	5738.76400
6.59585	0.00000	5738.76400
6.59970	0.00000	5738.76400
6.60355	0.00000	5738.76400
6.60741	0.00000	5745.89900
6.61125	0.00000	5745.89900
6.61511	0.00000	5745.89900
6.61895	0.00000	5745.89900
6.62280	0.00000	5745.89900
6.62663	0.00000	5745.89900
6.63047	0.00000	5745.89900
6.63431	0.00000	5745.89900
6.63815	0.00000	5732.44400
6.64199	0.00000	5732.44400
6.64584	0.00000	5732.44400
6.64970	0.00000	5732.44400
6.65355	0.00000	5732.44400
6.65739	0.00000	5732.44400
6.66122	0.00000	5732.44400
6.66507	0.00000	5737.16100
6.66891	0.00000	5737.16100
6.67275	0.00000	5737.16100
6.67660	0.00000	5737.16100
6.68044	0.00000	5737.16100
6.68428	0.00000	5737.16100
6.68812	0.00000	5737.16100
6.69197	0.00000	5737.16100
6.69581	0.00000	5745.35500
6.69965	0.00000	5745.35500
6.70349	0.00000	5745.35500
6.70733	0.00000	5745.35500
6.71118	0.00000	5745.35500
6.71503	0.00000	5745.35500
6.71887	0.00000	5745.35500
6.72271	0.00000	5737.16100
6.72656	0.00000	5737.16100
6.73041	0.00000	5737.16100
6.73425	0.00000	5737.16100
6.73809	0.00000	5737.16100
6.74193	0.00000	5737.16100
6.74578	0.00000	5737.16100
6.74962	0.00000	5737.16100
6.75347	0.00000	5732.44400
6.75731	0.00000	5732.44400
6.76116	0.00000	5732.44400
6.76502	0.00000	5732.44400
6.76886	0.00000	5732.44400
6.77269	0.00000	5732.44400
6.77652	0.00000	5732.44400
6.78037	0.00000	5750.14100
6.78422	0.00000	5750.14100
6.78806	0.00000	5750.14100
6.79191	0.00000	5750.14100
6.79576	0.00000	5750.14100
6.79960	0.00000	5750.14100
6.80344	0.00000	5750.14100
6.80728	0.00000	5750.14100
6.81112	0.00000	5734.55000
6.81495	0.00000	5734.55000
6.81880	0.00000	5734.55000
6.82264	0.00000	5734.55000
6.82649	0.00000	5734.55000
6.83033	0.00000	5734.55000
6.83417	0.00000	5734.55000
6.83801	0.00000	5743.77800
6.84185	0.00000	5743.77800
6.84568	0.00000	5743.77800
6.84952	0.00000	5743.77800
6.85336	0.00000	5743.77800
6.85720	0.00000	5743.77800
6.86105	0.00000	5743.77800
6.86490	0.00000	5743.77800
6.86875	0.00000	5740.87100
6.87259	0.00000	5740.87100
6.87644	0.00000	5740.87100
6.88028	0.00000	5740.87100
6.88412	0.00000	5740.87100
6.88796	0.00000	5740.87100
6.89180	0.00000	5740.87100
6.89565	0.00000	5732.92900
6.89950	0.00000	5732.92900
6.90335	0.00000	5732.92900
6.90719	0.00000	5732.92900
6.91103	0.00000	5732.92900
6.91487	0.00000	5732.92900
6.91873	0.00000	5732.92900
6.92257	0.00000	5732.92900
6.92641	0.00000	5727.99900
6.93025	0.00000	5727.99900
6.93411	0.00000	5727.99900
6.93795	0.00000	5727.99900
6.94180	0.00000	5727.99900
6.94564	0.00000	5727.99900
6.94948	0.00000	5727.99900
6.95332	0.00000	5743.77800
6.95716	0.00000	5743.77800
6.96099	0.00000	5743.77800
6.96484	0.00000	5743.77800
6.96869	0.00000	5743.77800
6.97253	0.00000	5743.77800
6.97639	0.00000	5743.77800
6.98023	0.00000	5743.77800
6.98406	0.00000	5742.97700
6.98791	0.00000	5742.97700
6.99174	0.00000	5742.97700
6.99559	0.00000	5742.97700
6.99944	0.00000	5742.97700
7.00333	0.00000	5742.97700
7.00719	0.00000	5742.97700
7.01104	0.00000	5739.53600
7.01489	0.00000	5739.53600
7.01874	0.00000	5739.53600
7.02258	0.00000	5739.53600
7.02642	0.00000	5739.53600
7.03026	0.00000	5739.53600
7.03410	0.00000	5739.53600
7.03794	0.00000	5739.53600
7.04179	0.00000	5742.97700
7.04564	0.00000	5742.97700
7.04948	0.00000	5742.97700
7.05333	0.00000	5742.97700
7.05718	0.00000	5742.97700
7.06103	0.00000	5742.97700
7.06487	0.00000	5742.97700
7.06871	0.00000	5737.41500
7.07255	0.00000	5737.41500
7.07638	0.00000	5737.41500
7.08023	0.00000	5737.41500
7.08408	0.00000	5737.41500
7.08793	0.00000	5737.41500
7.09178	0.00000	5737.41500
7.09562	0.00000	5737.41500
7.09946	0.00000	5736.40600
7.10330	0.00000	5736.40600
7.10715	0.00000	5736.40600
7.11099	0.00000	5736.40600
7.11483	0.00000	5736.40600
7.11868	0.00000	5736.40600
7.12253	0.00000	5736.40600
7.12638	0.00000	5724.46400
7.13023	0.00000	5724.46400
7.13407	0.00000	5724.46400
7.13791	0.00000	5724.46400
7.14175	0.00000	5724.46400
7.14559	0.00000	5724.46400
7.14942	0.00000	5724.46400
7.15326	0.00000	5724.46400
7.15711	0.00000	5732.20300
7.16093	0.00000	5732.20300
7.16477	0.00000	5732.20300
7.16861	0.00000	5732.20300
7.17245	0.00000	5732.20300
7.17630	0.00000	5732.20300
7.18013	0.00000	5732.20300
7.18398	0.00000	5737.41500
7.18783	0.00000	5737.41500
7.19168	0.00000	5737.41500
7.19553	0.00000	5737.41500
7.19937	0.00000	5737.41500
7.20322	0.00000	5737.41500
7.20706	0.00000	5737.41500
7.21090	0.00000	5737.41500
7.21474	0.00000	5745.08400
7.21858	0.00000	5745.08400
7.22243	0.00000	5745.08400
7.22627	0.00000	5745.08400
7.23012	0.00000	5745.08400
7.23397	0.00000	5745.08400
7.23782	0.00000	5745.08400
7.24167	0.00000	5741.65700
7.24551	0.00000	5741.65700
7.24935	0.00000	5741.65700
7.25320	0.00000	5741.65700
7.25704	0.00000	5741.65700
7.26088	0.00000	5741.65700
7.26473	0.00000	5741.65700
7.26857	0.00000	5741.65700
7.27242	0.00000	5742.97700
7.27627	0.00000	5742.97700
7.28012	0.00000	5742.97700
7.28396	0.00000	5742.97700
7.28780	0.00000	5742.97700
7.29164	0.00000	5742.97700
7.29548	0.00000	5742.97700
7.29932	0.00000	5745.89900
7.30317	0.00000	5745.89900
7.30701	0.00000	5745.89900
7.31085	0.00000	5745.89900
7.31469	0.00000	5745.89900
7.31853	0.00000	5745.89900
7.32238	0.00000	5745.89900
7.32622	0.00000	5745.89900
7.33006	0.00000	5734.55000
7.33391	0.00000	5734.55000
7.33775	0.00000	5734.55000
7.34160	0.00000	5734.55000
7.34545	0.00000	5734.55000
7.34929	0.00000	5734.55000
7.35313	0.00000	5734.55000
7.35693	0.00000	5737.16100
7.36076	0.00000	5737.16100
7.36460	0.00000	5737.16100
7.36845	0.00000	5737.16100
7.37229	0.00000	5737.16100
7.37614	0.00000	5737.16100
7.38000	0.00000	5737.16100
7.38384	0.00000	5737.16100
7.38768	0.00000	5734.55000
7.39152	0.00000	5734.55000
7.39536	0.00000	5734.55000
7.39919	0.00000	5734.55000
7.40304	0.00000	5734.55000
7.40689	0.00000	5734.55000
7.41073	0.00000	5734.55000
7.41459	0.00000	5745.89900
7.41843	0.00000	5745.89900
7.42228	0.00000	5745.89900
7.42612	0.00000	5745.89900
7.42995	0.00000	5745.89900
7.43379	0.00000	5745.89900
7.43763	0.00000	5745.89900
7.44147	0.00000	5745.89900
7.44532	0.00000	5736.90800
7.44917	0.00000	5736.90800
7.45301	0.00000	5736.90800
7.45685	0.00000	5736.90800
7.46069	0.00000	5736.90800
7.46452	0.00000	5736.90800
7.46836	0.00000	5736.90800
7.47220	0.00000	5735.04500
7.47604	0.00000	5735.04500
7.47989	0.00000	5735.04500
7.48374	0.00000	5735.04500
7.48758	0.00000	5735.04500
7.49142	0.00000	5735.04500
7.49527	0.00000	5735.04500
7.49911	0.00000	5735.04500
7.50294	0.00000	5736.65700
7.50678	0.00000	5736.65700
7.51063	0.00000	5736.65700
7.51447	0.00000	5736.65700
7.51833	0.00000	5736.65700
7.52218	0.00000	5736.65700
7.52602	0.00000	5736.65700
7.52986	0.00000	5745.89900
7.53370	0.00000	5745.89900
7.53754	0.00000	5745.89900
7.54139	0.00000	5745.89900
7.54523	0.00000	5745.89900
7.54907	0.00000	5745.89900
7.55293	0.00000	5745.89900
7.55676	0.00000	5745.89900
7.56062	0.00000	5734.55000
7.56446	0.00000	5734.55000
7.56829	0.00000	5734.55000
7.57214	0.00000	5734.55000
7.57598	0.00000	5734.55000
7.57982	0.00000	5734.55000
7.58367	0.00000	5734.55000
7.58751	0.00000	5730.81200
7.59136	0.00000	5730.81200
7.59519	0.00000	5730.81200
7.59904	0.00000	5730.81200
7.60288	0.00000	5730.81200
7.60672	0.00000	5730.81200
7.61056	0.00000	5730.81200
7.61440	0.00000	5730.81200
7.61825	0.00000	5734.55000
7.62209	0.00000	5734.55000
7.62593	0.00000	5734.55000
7.62979	0.00000	5734.55000
7.63363	0.00000	5734.55000
7.63748	0.00000	5734.55000
7.64132	0.00000	5734.55000
7.64517	0.00000	5743.77800
7.64900	0.00000	5743.77800
7.65285	0.00000	5743.77800
7.65670	0.00000	5743.77800
7.66054	0.00000	5743.77800
7.66439	0.00000	5743.77800
7.66825	0.00000	5743.77800
7.67209	0.00000	5743.77800
7.67593	0.00000	5736.65700
7.67978	0.00000	5736.65700
7.68362	0.00000	5736.65700
7.68746	0.00000	5736.65700
7.69130	0.00000	5736.65700
7.69514	0.00000	5736.65700
7.69899	0.00000	5736.65700
7.70283	0.00000	5741.65700
7.70667	0.00000	5741.65700
7.71051	0.00000	5741.65700
7.71435	0.00000	5741.65700
7.71819	0.00000	5741.65700
7.72202	0.00000	5741.65700
7.72587	0.00000	5741.65700
7.72970	0.00000	5741.65700
7.73356	0.00000	5745.08400
7.73740	0.00000	5745.08400
7.74124	0.00000	5745.08400
7.74509	0.00000	5745.08400
7.74893	0.00000	5745.08400
7.75277	0.00000	5745.08400
7.75661	0.00000	5745.08400
7.76045	0.00000	5739.53600
7.76428	0.00000	5739.53600
7.76813	0.00000	5739.53600
7.77198	0.00000	5739.53600
7.77583	0.00000	5739.53600
7.77967	0.00000	5739.53600
7.78351	0.00000	5739.53600
7.78735	0.00000	5739.53600
7.79120	0.00000	5738.76400
7.79503	0.00000	5738.76400
7.79887	0.00000	5738.76400
7.80272	0.00000	5738.76400
7.80657	0.00000	5738.76400
7.81040	0.00000	5738.76400
7.81425	0.00000	5738.76400
7.81809	0.00000	5739.53600
7.82193	0.00000	5739.53600
7.82577	0.00000	5739.53600
7.82961	0.00000	5739.53600
7.83346	0.00000	5739.53600
7.83731	0.00000	5739.53600
7.84116	0.00000	5739.53600
7.84502	0.00000	5739.53600
7.84886	0.00000	5736.65700
7.85270	0.00000	5736.65700
7.85654	0.00000	5736.65700
7.86037	0.00000	5736.65700
7.86422	0.00000	5736.65700
7.86805	0.00000	5736.65700
7.87190	0.00000	5736.65700
7.87575	0.00000	5737.16100
7.87959	0.00000	5737.16100
7.88344	0.00000	5737.16100
7.88730	0.00000	5737.16100
7.89114	0.00000	5737.16100
7.89498	0.00000	5737.16100
7.89882	0.00000	5737.16100
7.90266	0.00000	5737.16100
7.90651	0.00000	5732.44400
7.91036	0.00000	5732.44400
7.91420	0.00000	5732.44400
7.91805	0.00000	5732.44400
7.92190	0.00000	5732.44400
7.92574	0.00000	5732.44400
7.92960	0.00000	5732.44400
7.93343	0.00000	5752.26200
7.93729	0.00000	5752.26200
7.94112	0.00000	5752.26200
7.94493	0.00000	5752.26200
7.94877	0.00000	5752.26200
7.95261	0.00000	5752.26200
7.95645	0.00000	5752.26200
7.96029	0.00000	5752.26200
7.96413	0.00000	5738.76400
7.96797	0.00000	5738.76400
7.97181	0.00000	5738.76400
7.97565	0.00000	5738.76400
7.97949	0.00000	5738.76400
7.98334	0.00000	5738.76400
7.98718	0.00000	5738.76400
7.99104	0.00000	5754.38300
7.99489	0.00000	5754.38300
7.99874	0.00000	5754.38300
8.00259	0.00000	5754.38300
8.00646	0.00000	5754.38300
8.01032	0.00000	5754.38300
8.01419	0.00000	5754.38300
8.01804	0.00000	5754.38300
8.02189	0.00000	5734.55000
8.02576	0.00000	5734.55000
8.02960	0.00000	5734.55000
8.03345	0.00000	5734.55000
8.03729	0.00000	5734.55000
8.04114	0.00000	5734.55000
8.04501	0.00000	5734.55000
8.04885	0.00000	5743.77800
8.05270	0.00000	5743.77800
8.05653	0.00000	5743.77800
8.06038	0.00000	5743.77800
8.06424	0.00000	5743.77800
8.06810	0.00000	5743.77800
8.07201	0.00000	5743.77800
8.07587	0.00000	5743.77800
8.07973	0.00000	5742.97700
8.08357	0.00000	5742.97700
8.08743	0.00000	5742.97700
8.09129	0.00000	5742.97700
8.09514	0.00000	5742.97700
8.09899	0.00000	5742.97700
8.10283	0.00000	5742.97700
8.10667	0.00000	5741.65700
8.11051	0.00000	5741.65700
8.11436	0.00000	5741.65700
8.11821	0.00000	5741.65700
8.12205	0.00000	5741.65700
8.12591	0.00000	5741.65700
8.12975	0.00000	5741.65700
8.13358	0.00000	5741.65700
8.13742	0.00000	5736.65700
8.14127	0.00000	5736.65700
8.14512	0.00000	5736.65700
8.14893	0.00000	5736.65700
8.15277	0.00000	5736.65700
8.15663	0.00000	5736.65700
8.16047	0.00000	5736.65700
8.16431	0.00000	5739.53600
8.16815	0.00000	5739.53600
8.17199	0.00000	5739.53600
8.17584	0.00000	5739.53600
8.17968	0.00000	5739.53600
8.18352	0.00000	5739.53600
8.18737	0.00000	5739.53600
8.19122	0.00000	5739.53600
8.19505	0.00000	5749.57700
8.19890	0.00000	5749.57700
8.20274	0.00000	5749.57700
8.20657	0.00000	5749.57700
8.21042	0.00000	5749.57700
8.21425	0.00000	5749.57700
8.21810	0.00000	5749.57700
8.22195	0.00000	5735.29400
8.22580	0.00000	5735.29400
8.22965	0.00000	5735.29400
8.23349	0.00000	5735.29400
8.23733	0.00000	5735.29400
8.24117	0.00000	5735.29400
8.24501	0.00000	5735.29400
8.24885	0.00000	5735.29400
8.25269	0.00000	5743.24300
8.25654	0.00000	5743.24300
8.26039	0.00000	5743.24300
8.26424	0.00000	5743.24300
8.26808	0.00000	5743.24300
8.27192	0.00000	5743.24300
8.27576	0.00000	5743.24300
8.27960	0.00000	5739.53600
8.28343	0.00000	5739.53600
8.28728	0.00000	5739.53600
8.29113	0.00000	5739.53600
8.29498	0.00000	5739.53600
8.29882	0.00000	5739.53600
8.30267	0.00000	5739.53600
8.30651	0.00000	5739.53600
8.31035	0.00000	5736.90800
8.31419	0.00000	5736.90800
8.31802	0.00000	5736.90800
8.32187	0.00000	5736.90800
8.32571	0.00000	5736.90800
8.32955	0.00000	5736.90800
8.33339	0.00000	5736.90800
8.33724	0.00000	5750.14100
8.34108	0.00000	5750.14100
8.34493	0.00000	5750.14100
8.34877	0.00000	5750.14100
8.35261	0.00000	5750.14100
8.35645	0.00000	5750.14100
8.36029	0.00000	5750.14100
8.36414	0.00000	5750.14100
8.36798	0.00000	5736.90800
8.37183	0.00000	5736.90800
8.37568	0.00000	5736.90800
8.37952	0.00000	5736.90800
8.38337	0.00000	5736.90800
8.38721	0.00000	5736.90800
8.39105	0.00000	5736.90800
8.39489	0.00000	5741.65700
8.39874	0.00000	5741.65700
8.40258	0.00000	5741.65700
8.40642	0.00000	5741.65700
8.41027	0.00000	5741.65700
8.41412	0.00000	5741.65700
8.41798	0.00000	5741.65700
8.42182	0.00000	5741.65700
8.42566	0.00000	5739.02000
8.42950	0.00000	5739.02000
8.43335	0.00000	5739.02000
8.43720	0.00000	5739.02000
8.44104	0.00000	5739.02000
8.44488	0.00000	5739.02000
8.44874	0.00000	5739.02000
8.45259	0.00000	5739.53600
8.45643	0.00000	5739.53600
8.46027	0.00000	5739.53600
8.46410	0.00000	5739.53600
8.46795	0.00000	5739.53600
8.47179	0.00000	5739.53600
8.47564	0.00000	5739.53600
8.47949	0.00000	5739.53600
8.48332	0.00000	5747.74200
8.48716	0.00000	5747.74200
8.49100	0.00000	5747.74200
8.49484	0.00000	5747.74200
8.49868	0.00000	5747.74200
8.50252	0.00000	5747.74200
8.50636	0.00000	5747.74200
8.51020	0.00000	5741.65700
8.51405	0.00000	5741.65700
8.51790	0.00000	5741.65700
8.52174	0.00000	5741.65700
8.52560	0.00000	5741.65700
8.52944	0.00000	5741.65700
8.53329	0.00000	5741.65700
8.53713	0.00000	5728.69600
8.54093	0.00000	5728.69600
8.54478	0.00000	5728.69600
8.54862	0.00000	5728.69600
8.55246	0.00000	5728.69600
8.55630	0.00000	5728.69600
8.56015	0.00000	5728.69600
8.56399	0.00000	5728.69600
8.56782	0.00000	5745.62600
8.57166	0.00000	5745.62600
8.57551	0.00000	5745.62600
8.57937	0.00000	5745.62600
8.58322	0.00000	5745.62600
8.58707	0.00000	5745.62600
8.59092	0.00000	5745.62600
8.59477	0.00000	5737.41500
8.59859	0.00000	5737.41500
8.60243	0.00000	5737.41500
8.60627	0.00000	5737.41500
8.61011	0.00000	5737.41500
8.61395	0.00000	5737.41500
8.61780	0.00000	5737.41500
8.62164	0.00000	5737.41500
8.62548	0.00000	5747.74200
8.62932	0.00000	5747.74200
8.63316	0.00000	5747.74200
8.63702	0.00000	5747.74200
8.64086	0.00000	5747.74200
8.64469	0.00000	5747.74200
8.64853	0.00000	5747.74200
8.65238	0.00000	5739.53600
8.65623	0.00000	5739.53600
8.66008	0.00000	5739.53600
8.66393	0.00000	5739.53600
8.66777	0.00000	5739.53600
8.67160	0.00000	5739.53600
8.67544	0.00000	5739.53600
8.67928	0.00000	5739.53600
8.68312	0.00000	5736.90800
8.68697	0.00000	5736.90800
8.69081	0.00000	5736.90800
8.69467	0.00000	5736.90800
8.69851	0.00000	5736.90800
8.70236	0.00000	5736.90800
8.70621	0.00000	5736.90800
8.71005	0.00000	5748.02000
8.71388	0.00000	5748.02000
8.71772	0.00000	5748.02000
8.72156	0.00000	5748.02000
8.72541	0.00000	5748.02000
8.72926	0.00000	5748.02000
8.73310	0.00000	5748.02000
8.73693	0.00000	5748.02000
8.74077	0.00000	5752.26200
8.74462	0.00000	5752.26200
8.74846	0.00000	5752.26200
8.75229	0.00000	5752.26200
8.75614	0.00000	5752.26200
8.75998	0.00000	5752.26200
8.76383	0.00000	5752.26200
8.76769	0.00000	5733.17300
8.77153	0.00000	5733.17300
8.77538	0.00000	5733.17300
8.77922	0.00000	5733.17300
8.78307	0.00000	5733.17300
8.78691	0.00000	5733.17300
8.79075	0.00000	5733.17300
8.79459	0.00000	5733.17300
8.79843	0.00000	5741.13200
8.80228	0.00000	5741.13200
8.80612	0.00000	5741.13200
8.80996	0.00000	5741.13200
8.81381	0.00000	5741.13200
8.81764	0.00000	5741.13200
8.82147	0.00000	5741.13200
8.82531	0.00000	5741.65700
8.82917	0.00000	5741.65700
8.83302	0.00000	5741.65700
8.83686	0.00000	5741.65700
8.84071	0.00000	5741.65700
8.84456	0.00000	5741.65700
8.84841	0.00000	5741.65700
8.85224	0.00000	5741.65700
8.85609	0.00000	5741.13200
8.85993	0.00000	5741.13200
8.86377	0.00000	5741.13200
8.86762	0.00000	5741.13200
8.87146	0.00000	5741.13200
8.87530	0.00000	5741.13200
8.87915	0.00000	5741.13200
8.88300	0.00000	5745.89900
8.88685	0.00000	5745.89900
8.89069	0.00000	5745.89900
8.89453	0.00000	5745.89900
8.89837	0.00000	5745.89900
8.90221	0.00000	5745.89900
8.90605	0.00000	5745.89900
8.90989	0.00000	5745.89900
8.91373	0.00000	5736.90800
8.91757	0.00000	5736.90800
8.92142	0.00000	5736.90800
8.92526	0.00000	5736.90800
8.92909	0.00000	5736.90800
8.93293	0.00000	5736.90800
8.93677	0.00000	5736.90800
8.94062	0.00000	5739.53600
8.94451	0.00000	5739.53600
8.94835	0.00000	5739.53600
8.95220	0.00000	5739.53600
8.95604	0.00000	5739.53600
8.95988	0.00000	5739.53600
8.96373	0.00000	5739.53600
8.96757	0.00000	5739.53600
8.97140	0.00000	5738.76400
8.97524	0.00000	5738.76400
8.97908	0.00000	5738.76400
8.98293	0.00000	5738.76400
8.98678	0.00000	5738.76400
8.99062	0.00000	5738.76400
8.99446	0.00000	5738.76400
8.99832	0.00000	5739.53600
9.00220	0.00000	5739.53600
9.00607	0.00000	5739.53600
9.00992	0.00000	5739.53600
9.01378	0.00000	5739.53600
9.01763	0.00000	5739.53600
9.02148	0.00000	5739.53600
9.02532	0.00000	5739.53600
9.02918	0.00000	5742.97700
9.03304	0.00000	5742.97700
9.03688	0.00000	5742.97700
9.04072	0.00000	5742.97700
9.04456	0.00000	5742.97700
9.04840	0.00000	5742.97700
9.05224	0.00000	5742.97700
9.05609	0.00000	5745.89900
9.05996	0.00000	5745.89900
9.06381	0.00000	5745.89900
9.06765	0.00000	5745.89900
9.07149	0.00000	5745.89900
9.07534	0.00000	5745.89900
9.07919	0.00000	5745.89900
9.08303	0.00000	5745.89900
9.08687	0.00000	5738.76400
9.09070	0.00000	5738.76400
9.09455	0.00000	5738.76400
9.09840	0.00000	5738.76400
9.10226	0.00000	5738.76400
9.10612	0.00000	5738.76400
9.10997	0.00000	5738.76400
9.11381	0.00000	5752.26200
9.11767	0.00000	5752.26200
9.12152	0.00000	5752.26200
9.12537	0.00000	5752.26200
9.12920	0.00000	5752.26200
9.13305	0.00000	5752.26200
9.13690	0.00000	5752.26200
9.14077	0.00000	5752.26200
9.14462	0.00000	5736.65700
9.14846	0.00000	5736.65700
9.15231	0.00000	5736.65700
9.15616	0.00000	5736.65700
9.15999	0.00000	5736.65700
9.16384	0.00000	5736.65700
9.16767	0.00000	5736.65700
9.17152	0.00000	5741.65700
9.17536	0.00000	5741.65700
9.17921	0.00000	5741.65700
9.18306	0.00000	5741.65700
9.18691	0.00000	5741.65700
9.19075	0.00000	5741.65700
9.19460	0.00000	5741.65700
9.19844	0.00000	5741.65700
9.20228	0.00000	5747.19100
9.20613	0.00000	5747.19100
9.20997	0.00000	5747.19100
9.21381	0.00000	5747.19100
9.21767	0.00000	5747.19100
9.22152	0.00000	5747.19100
9.22537	0.00000	5747.19100
9.22922	0.00000	5737.41500
9.23308	0.00000	5737.41500
9.23693	0.00000	5737.41500
9.24076	0.00000	5737.41500
9.24461	0.00000	5737.41500
9.24844	0.00000	5737.41500
9.25229	0.00000	5737.41500
9.25614	0.00000	5737.41500
9.25998	0.00000	5730.10100
9.26382	0.00000	5730.10100
9.26767	0.00000	5730.10100
9.27151	0.00000	5730.10100
9.27535	0.00000	5730.10100
9.27920	0.00000	5730.10100
9.28304	0.00000	5730.10100
9.28689	0.00000	5741.65700
9.29073	0.00000	5741.65700
9.29459	0.00000	5741.65700
9.29844	0.00000	5741.65700
9.30228	0.00000	5741.65700
9.30612	0.00000	5741.65700
9.30996	0.00000	5741.65700
9.31381	0.00000	5741.65700
9.31765	0.00000	5736.65700
9.32149	0.00000	5736.65700
9.32534	0.00000	5736.65700
9.32919	0.00000	5736.65700
9.33303	0.00000	5736.65700
9.33687	0.00000	5736.65700
9.34072	0.00000	5736.65700
9.34455	0.00000	5741.65700
9.34839	0.00000	5741.65700
9.35223	0.00000	5741.65700
9.35608	0.00000	5741.65700
9.35993	0.00000	5741.65700
9.36377	0.00000	5741.65700
9.36761	0.00000	5741.65700
9.37146	0.00000	5741.65700
9.37531	0.00000	5728.23000
9.37914	0.00000	5728.23000
9.38298	0.00000	5728.23000
9.38682	0.00000	5728.23000
9.39067	0.00000	5728.23000
9.39451	0.00000	5728.23000
9.39836	0.00000	5728.23000
9.40221	0.00000	5743.51000
9.40610	0.00000	5743.51000
9.40995	0.00000	5743.51000
9.41379	0.00000	5743.51000
9.41763	0.00000	5743.51000
9.42147	0.00000	5743.51000
9.42531	0.00000	5743.51000
9.42914	0.00000	5743.51000
9.43298	0.00000	5734.55000
9.43683	0.00000	5734.55000
9.44068	0.00000	5734.55000
9.44451	0.00000	5734.55000
9.44836	0.00000	5734.55000
9.45219	0.00000	5734.55000
9.45604	0.00000	5734.55000
9.45987	0.00000	5743.77800
9.46373	0.00000	5743.77800
9.46758	0.00000	5743.77800
9.47144	0.00000	5743.77800
9.47528	0.00000	5743.77800
9.47913	0.00000	5743.77800
9.48298	0.00000	5743.77800
9.48682	0.00000	5743.77800
9.49066	0.00000	5740.87100
9.49449	0.00000	5740.87100
9.49833	0.00000	5740.87100
9.50218	0.00000	5740.87100
9.50602	0.00000	5740.87100
9.50986	0.00000	5740.87100
9.51372	0.00000	5740.87100
9.51757	0.00000	5739.53600
9.52142	0.00000	5739.53600
9.52527	0.00000	5739.53600
9.52910	0.00000	5739.53600
9.53293	0.00000	5739.53600
9.53677	0.00000	5739.53600
9.54061	0.00000	5739.53600
9.54446	0.00000	5739.53600
9.54831	0.00000	5732.20300
9.55216	0.00000	5732.20300
9.55601	0.00000	5732.20300
9.55985	0.00000	5732.20300
9.56370	0.00000	5732.20300
9.56755	0.00000	5732.20300
9.57139	0.00000	5732.20300
9.57523	0.00000	5739.53600
9.57907	0.00000	5739.53600
9.58292	0.00000	5739.53600
9.58676	0.00000	5739.53600
9.59061	0.00000	5739.53600
9.59446	0.00000	5739.53600
9.59829	0.00000	5739.53600
9.60214	0.00000	5739.53600
9.60597	0.00000	5740.87100
9.60981	0.00000	5740.87100
9.61366	0.00000	5740.87100
9.61750	0.00000	5740.87100
9.62136	0.00000	5740.87100
9.62521	0.00000	5740.87100
9.62905	0.00000	5740.87100
9.63290	0.00000	5743.77800
9.63675	0.00000	5743.77800
9.64061	0.00000	5743.77800
9.64444	0.00000	5743.77800
9.64828	0.00000	5743.77800
9.65212	0.00000	5743.77800
9.65598	0.00000	5743.77800
9.65983	0.00000	5743.77800
9.66367	0.00000	5736.65700
9.66751	0.00000	5736.65700
9.67134	0.00000	5736.65700
9.67518	0.00000	5736.65700
9.67902	0.00000	5736.65700
9.68287	0.00000	5736.65700
9.68670	0.00000	5736.65700
9.69055	0.00000	5737.16100
9.69439	0.00000	5737.16100
9.69824	0.00000	5737.16100
9.70208	0.00000	5737.16100
9.70593	0.00000	5737.16100
9.70978	0.00000	5737.16100
9.71362	0.00000	5737.16100
9.71746	0.00000	5737.16100
9.72131	0.00000	5734.55000
9.72515	0.00000	5734.55000
9.72899	0.00000	5734.55000
9.73284	0.00000	5734.55000
9.73670	0.00000	5734.55000
9.74054	0.00000	5734.55000
9.74439	0.00000	5734.55000
9.74825	0.00000	5732.92900
9.75209	0.00000	5732.92900
9.75593	0.00000	5732.92900
9.75976	0.00000	5732.92900
9.76361	0.00000	5732.92900
9.76746	0.00000	5732.92900
9.77131	0.00000	5732.92900
9.77514	0.00000	5732.92900
9.77898	0.00000	5740.87100
9.78283	0.00000	5740.87100
9.78667	0.00000	5740.87100
9.79051	0.00000	5740.87100
9.79436	0.00000	5740.87100
9.79821	0.00000	5740.87100
9.80206	0.00000	5740.87100
9.80591	0.00000	5735.04500
9.80975	0.00000	5735.04500
9.81361	0.00000	5735.04500
9.81745	0.00000	5735.04500
9.82130	0.00000	5735.04500
9.82515	0.00000	5735.04500
9.82899	0.00000	5735.04500
9.83284	0.00000	5735.04500
9.83668	0.00000	5734.55000
9.84053	0.00000	5734.55000
9.84437	0.00000	5734.55000
9.84822	0.00000	5734.55000
9.85207	0.00000	5734.55000
9.85591	0.00000	5734.55000
9.85976	0.00000	5734.55000
9.86359	0.00000	5748.02000
9.86743	0.00000	5748.02000
9.87127	0.00000	5748.02000
9.87512	0.00000	5748.02000
9.87896	0.00000	5748.02000
9.88280	0.00000	5748.02000
9.88665	0.00000	5748.02000
9.89049	0.00000	5748.02000
9.89434	0.00000	5734.55000
9.89818	0.00000	5734.55000
9.90201	0.00000	5734.55000
9.90585	0.00000	5734.55000
9.90969	0.00000	5734.55000
9.91353	0.00000	5734.55000
9.91738	0.00000	5734.55000
9.92123	0.00000	5737.41500
9.92508	0.00000	5737.41500
9.92893	0.00000	5737.41500
9.93277	0.00000	5737.41500
9.93660	0.00000	5737.41500
9.94046	0.00000	5737.41500
9.94438	0.00000	5737.41500
9.94822	0.00000	5737.41500
9.95207	0.00000	5740.87100
9.95593	0.00000	5740.87100
9.95978	0.00000	5740.87100
9.96364	0.00000	5740.87100
9.96748	0.00000	5740.87100
9.97133	0.00000	5740.87100
9.97517	0.00000	5740.87100
9.97901	0.00000	5733.17300
9.98285	0.00000	5733.17300
9.98669	0.00000	5733.17300
9.99055	0.00000	5733.17300
9.99439	0.00000	5733.17300
9.99824	0.00000	5733.17300
