Time (s)   Thrust (N)   RPM
0.01298	0.00000	4707.75500
0.01697	0.00000	4707.75500
0.02082	0.00000	4707.75500
0.02467	0.00000	4707.75500
0.02850	0.00000	4704.44200
0.03245	0.00000	4704.44200
0.03637	0.00000	4704.44200
0.04025	0.00000	4704.44200
0.04410	0.00000	4704.44200
0.04794	0.00000	4695.89500
0.05177	0.00000	4695.89500
0.05561	0.00000	4695.89500
0.05947	0.00000	4695.89500
0.06330	0.00000	4695.89500
0.06714	0.00000	4695.89500
0.07105	0.00000	4687.50000
0.07489	0.00000	4687.50000
0.07872	0.00000	4687.50000
0.08256	0.00000	4687.50000
0.08639	0.00000	4687.50000
0.09022	0.00000	4687.50000
0.09404	0.00000	4693.06400
0.09787	0.00000	4693.06400
0.10170	0.00000	4693.06400
0.10552	0.00000	4693.06400
0.10934	0.00000	4693.06400
0.11317	0.00000	4693.06400
0.11699	0.00000	4684.71800
0.12084	0.00000	4684.71800
0.12466	0.00000	4684.71800
0.12849	0.00000	4684.71800
0.13231	0.00000	4684.71800
0.13615	0.00000	4698.66000
0.13999	0.00000	4698.66000
0.14381	0.00000	4698.66000
0.14764	0.00000	4698.66000
0.15146	0.00000	4698.66000
0.15529	0.00000	4698.66000
0.15912	0.00000	4695.87000
0.16295	0.00000	4695.87000
0.16678	0.00000	4695.87000
0.17060	0.00000	4695.87000
0.17443	0.00000	4695.87000
0.17829	0.00000	4695.87000
0.18211	0.00000	4690.28100
0.18594	0.00000	4690.28100
0.18978	0.00000	4690.28100
0.19362	0.00000	4690.28100
0.19744	0.00000	4690.28100
0.20127	0.00000	4690.28100
0.20510	0.00000	4698.66000
0.20893	0.00000	4698.66000
0.21276	0.00000	4698.66000
0.21660	0.00000	4698.66000
0.22045	0.00000	4698.66000
0.22428	0.00000	4695.89500
0.22812	0.00000	4695.89500
0.23195	0.00000	4695.89500
0.23579	0.00000	4695.89500
0.23963	0.00000	4695.89500
0.24346	0.00000	4695.89500
0.24730	0.00000	4706.97300
0.25112	0.00000	4706.97300
0.25496	0.00000	4706.97300
0.25878	0.00000	4706.97300
0.26262	0.00000	4706.97300
0.26645	0.00000	4706.97300
0.27029	0.00000	4690.28100
0.27412	0.00000	4690.28100
0.27795	0.00000	4690.28100
0.28178	0.00000	4690.28100
0.28561	0.00000	4690.28100
0.28944	0.00000	4690.29800
0.29326	0.00000	4690.29800
0.29708	0.00000	4690.29800
0.30091	0.00000	4690.29800
0.30474	0.00000	4690.29800
0.30857	0.00000	4690.29800
0.31241	0.00000	4709.88800
0.31625	0.00000	4709.88800
0.32008	0.00000	4709.88800
0.32391	0.00000	4709.88800
0.32774	0.00000	4709.88800
0.33158	0.00000	4709.88800
0.33541	0.00000	4706.97300
0.33923	0.00000	4706.97300
0.34305	0.00000	4706.97300
0.34688	0.00000	4706.97300
0.35072	0.00000	4706.97300
0.35455	0.00000	4706.97300
0.35838	0.00000	4701.40900
0.36221	0.00000	4701.40900
0.36604	0.00000	4701.40900
0.36989	0.00000	4701.40900
0.37373	0.00000	4701.40900
0.37756	0.00000	4701.49200
0.38139	0.00000	4701.49200
0.38522	0.00000	4701.49200
0.38905	0.00000	4701.49200
0.39289	0.00000	4701.49200
0.39671	0.00000	4701.49200
0.40054	0.00000	4704.24100
0.40436	0.00000	4704.24100
0.40818	0.00000	4704.24100
0.41201	0.00000	4704.24100
0.41584	0.00000	4704.24100
0.41967	0.00000	4704.24100
0.42350	0.00000	4695.84500
0.42734	0.00000	4695.84500
0.43117	0.00000	4695.84500
0.43500	0.00000	4695.84500
0.43883	0.00000	4695.84500
0.44265	0.00000	4695.84500
0.44649	0.00000	4698.62700
0.45032	0.00000	4698.62700
0.45415	0.00000	4698.62700
0.45798	0.00000	4698.62700
0.46181	0.00000	4698.62700
0.46565	0.00000	4701.49200
0.46947	0.00000	4701.49200
0.47332	0.00000	4701.49200
0.47715	0.00000	4701.49200
0.48097	0.00000	4701.49200
0.48480	0.00000	4701.49200
0.48863	0.00000	4687.50000
0.49247	0.00000	4687.50000
0.49630	0.00000	4687.50000
0.50014	0.00000	4687.50000
0.50398	0.00000	4687.50000
0.50784	0.00000	4687.50000
0.51167	0.00000	4684.72600
0.51550	0.00000	4684.72600
0.51933	0.00000	4684.72600
0.52312	0.00000	4684.72600
0.52696	0.00000	4684.72600
0.53078	0.00000	4684.72600
0.53460	0.00000	4698.69400
0.53843	0.00000	4698.69400
0.54226	0.00000	4698.69400
0.54608	0.00000	4698.69400
0.54990	0.00000	4698.69400
0.55373	0.00000	4695.89500
0.55757	0.00000	4695.89500
0.56140	0.00000	4695.89500
0.56523	0.00000	4695.89500
0.56906	0.00000	4695.89500
0.57289	0.00000	4695.89500
0.57672	0.00000	4687.50000
0.58055	0.00000	4687.50000
0.58439	0.00000	4687.50000
0.58822	0.00000	4687.50000
0.59204	0.00000	4687.50000
0.59587	0.00000	4687.50000
0.59969	0.00000	4687.50000
0.60352	0.00000	4687.50000
0.60735	0.00000	4687.50000
0.61118	0.00000	4687.50000
0.61501	0.00000	4687.50000
0.61883	0.00000	4709.95500
0.62265	0.00000	4709.95500
0.62647	0.00000	4709.95500
0.63030	0.00000	4709.95500
0.63412	0.00000	4709.95500
0.63795	0.00000	4709.95500
0.64178	0.00000	4698.69400
0.64561	0.00000	4698.69400
0.64944	0.00000	4698.69400
0.65327	0.00000	4698.69400
0.65709	0.00000	4698.69400
0.66093	0.00000	4698.69400
0.66475	0.00000	4698.62700
0.66858	0.00000	4698.62700
0.67242	0.00000	4698.62700
0.67624	0.00000	4698.62700
0.68008	0.00000	4698.62700
0.68391	0.00000	4698.62700
0.68774	0.00000	4704.19100
0.69157	0.00000	4704.19100
0.69540	0.00000	4704.19100
0.69923	0.00000	4704.19100
0.70306	0.00000	4704.19100
0.70689	0.00000	4698.72700
0.71073	0.00000	4698.72700
0.71455	0.00000	4698.72700
0.71838	0.00000	4698.72700
0.72221	0.00000	4698.72700
0.72604	0.00000	4698.72700
0.72986	0.00000	4695.87000
0.73369	0.00000	4695.87000
0.73753	0.00000	4695.87000
0.74136	0.00000	4695.87000
0.74519	0.00000	4695.87000
0.74902	0.00000	4695.87000
0.75285	0.00000	4690.28100
0.75669	0.00000	4690.28100
0.76051	0.00000	4690.28100
0.76434	0.00000	4690.28100
0.76817	0.00000	4690.28100
0.77199	0.00000	4690.28100
0.77582	0.00000	4693.08000
0.77965	0.00000	4693.08000
0.78348	0.00000	4693.08000
0.78730	0.00000	4693.08000
0.79112	0.00000	4693.08000
0.79496	0.00000	4687.50000
0.79879	0.00000	4687.50000
0.80261	0.00000	4687.50000
0.80644	0.00000	4687.50000
0.81027	0.00000	4687.50000
0.81410	0.00000	4687.50000
0.81792	0.00000	4679.15400
0.82176	0.00000	4679.15400
0.82559	0.00000	4679.15400
0.82942	0.00000	4679.15400
0.83326	0.00000	4679.15400
0.83709	0.00000	4679.15400
0.84091	0.00000	4687.50000
0.84476	0.00000	4687.50000
0.84859	0.00000	4687.50000
0.85242	0.00000	4687.50000
0.85625	0.00000	4687.50000
0.86008	0.00000	4698.69400
0.86390	0.00000	4698.69400
0.86773	0.00000	4698.69400
0.87158	0.00000	4698.69400
0.87541	0.00000	4698.69400
0.87924	0.00000	4698.69400
0.88307	0.00000	4698.69400
0.88690	0.00000	4698.69400
0.89074	0.00000	4698.69400
0.89456	0.00000	4698.69400
0.89840	0.00000	4698.69400
0.90222	0.00000	4698.69400
0.90605	0.00000	4701.45100
0.90989	0.00000	4701.45100
0.91372	0.00000	4701.45100
0.91756	0.00000	4701.45100
0.92138	0.00000	4701.45100
0.92521	0.00000	4701.45100
0.92904	0.00000	4701.40900
0.93287	0.00000	4701.40900
0.93669	0.00000	4701.40900
0.94052	0.00000	4701.40900
0.94435	0.00000	4701.40900
0.94818	0.00000	4690.29800
0.95204	0.00000	4690.29800
0.95587	0.00000	4690.29800
0.95970	0.00000	4690.29800
0.96352	0.00000	4690.29800
0.96735	0.00000	4690.29800
0.97117	0.00000	4687.50000
0.97501	0.00000	4687.50000
0.97884	0.00000	4687.50000
0.98267	0.00000	4687.50000
0.98650	0.00000	4687.50000
0.99034	0.00000	4687.50000
0.99418	0.00000	4684.72600
0.99801	0.00000	4684.72600
1.00184	0.00000	4684.72600
1.00568	0.00000	4684.72600
1.00950	0.00000	4684.72600
1.01333	0.00000	4684.72600
1.01716	0.00000	4693.06400
1.02099	0.00000	4693.06400
1.02482	0.00000	4693.06400
1.02865	0.00000	4693.06400
1.03247	0.00000	4693.06400
1.03630	0.00000	4698.72700
1.04013	0.00000	4698.72700
1.04396	0.00000	4698.72700
1.04778	0.00000	4698.72700
1.05162	0.00000	4698.72700
1.05544	0.00000	4698.72700
1.05926	0.00000	4693.06400
1.06310	0.00000	4693.06400
1.06694	0.00000	4693.06400
1.07077	0.00000	4693.06400
1.07460	0.00000	4693.06400
1.07844	0.00000	4693.06400
1.08228	0.00000	4690.28100
1.08610	0.00000	4690.28100
1.08993	0.00000	4690.28100
1.09377	0.00000	4690.28100
1.09761	0.00000	4690.28100
1.10143	0.00000	4701.53400
1.10526	0.00000	4701.53400
1.10909	0.00000	4701.53400
1.11292	0.00000	4701.53400
1.11674	0.00000	4701.53400
1.12058	0.00000	4701.53400
1.12443	0.00000	4695.89500
1.12825	0.00000	4695.89500
1.13208	0.00000	4695.89500
1.13590	0.00000	4695.89500
1.13972	0.00000	4695.89500
1.14356	0.00000	4695.89500
1.14739	0.00000	4693.08000
1.15122	0.00000	4693.08000
1.15504	0.00000	4693.08000
1.15888	0.00000	4693.08000
1.16271	0.00000	4693.08000
1.16653	0.00000	4693.08000
1.17036	0.00000	4690.28100
1.17419	0.00000	4690.28100
1.17801	0.00000	4690.28100
1.18185	0.00000	4690.28100
1.18568	0.00000	4690.28100
1.18951	0.00000	4684.70100
1.19336	0.00000	4684.70100
1.19719	0.00000	4684.70100
1.20103	0.00000	4684.70100
1.20486	0.00000	4684.70100
1.20869	0.00000	4684.70100
1.21252	0.00000	4681.93600
1.21635	0.00000	4681.93600
1.22018	0.00000	4681.93600
1.22401	0.00000	4681.93600
1.22785	0.00000	4681.93600
1.23168	0.00000	4681.93600
1.23551	0.00000	4698.62700
1.23933	0.00000	4698.62700
1.24312	0.00000	4698.62700
1.24695	0.00000	4698.62700
1.25079	0.00000	4698.62700
1.25462	0.00000	4698.62700
1.25844	0.00000	4681.91900
1.26227	0.00000	4681.91900
1.26610	0.00000	4681.91900
1.26992	0.00000	4681.91900
1.27375	0.00000	4681.91900
1.27758	0.00000	4698.69400
1.28144	0.00000	4698.69400
1.28527	0.00000	4698.69400
1.28910	0.00000	4698.69400
1.29293	0.00000	4698.69400
1.29676	0.00000	4698.69400
1.30059	0.00000	4704.24100
1.30442	0.00000	4704.24100
1.30825	0.00000	4704.24100
1.31208	0.00000	4704.24100
1.31591	0.00000	4704.24100
1.31974	0.00000	4704.24100
1.32358	0.00000	4698.62700
1.32741	0.00000	4698.62700
1.33124	0.00000	4698.62700
1.33507	0.00000	4698.62700
1.33890	0.00000	4698.62700
1.34272	0.00000	4698.72700
1.34656	0.00000	4698.72700
1.35039	0.00000	4698.72700
1.35423	0.00000	4698.72700
1.35805	0.00000	4698.72700
1.36189	0.00000	4698.72700
1.36572	0.00000	4704.29100
1.36955	0.00000	4704.29100
1.37338	0.00000	4704.29100
1.37721	0.00000	4704.29100
1.38103	0.00000	4704.29100
1.38486	0.00000	4704.29100
1.38869	0.00000	4695.87000
1.39252	0.00000	4695.87000
1.39635	0.00000	4695.87000
1.40018	0.00000	4695.87000
1.40400	0.00000	4695.87000
1.40783	0.00000	4695.87000
1.41166	0.00000	4698.66000
1.41549	0.00000	4698.66000
1.41931	0.00000	4698.66000
1.42312	0.00000	4698.66000
1.42696	0.00000	4698.66000
1.43078	0.00000	4695.92100
1.43464	0.00000	4695.92100
1.43846	0.00000	4695.92100
1.44228	0.00000	4695.92100
1.44611	0.00000	4695.92100
1.44994	0.00000	4695.92100
1.45376	0.00000	4687.50000
1.45759	0.00000	4687.50000
1.46141	0.00000	4687.50000
1.46525	0.00000	4687.50000
1.46907	0.00000	4687.50000
1.47290	0.00000	4687.50000
1.47673	0.00000	4687.50000
1.48056	0.00000	4687.50000
1.48439	0.00000	4687.50000
1.48822	0.00000	4687.50000
1.49205	0.00000	4687.50000
1.49587	0.00000	4687.50000
1.49969	0.00000	4693.09600
1.50353	0.00000	4693.09600
1.50735	0.00000	4693.09600
1.51118	0.00000	4693.09600
1.51501	0.00000	4693.09600
1.51883	0.00000	4693.11400
1.52267	0.00000	4693.11400
1.52649	0.00000	4693.11400
1.53031	0.00000	4693.11400
1.53415	0.00000	4693.11400
1.53797	0.00000	4693.11400
1.54180	0.00000	4679.15400
1.54562	0.00000	4679.15400
1.54946	0.00000	4679.15400
1.55329	0.00000	4679.15400
1.55712	0.00000	4679.15400
1.56096	0.00000	4679.15400
1.56478	0.00000	4687.50000
1.56860	0.00000	4687.50000
1.57243	0.00000	4687.50000
1.57627	0.00000	4687.50000
1.58010	0.00000	4687.50000
1.58394	0.00000	4698.69400
1.58776	0.00000	4698.69400
1.59161	0.00000	4698.69400
1.59544	0.00000	4698.69400
1.59927	0.00000	4698.69400
1.60310	0.00000	4698.69400
1.60694	0.00000	4695.87000
1.61077	0.00000	4695.87000
1.61459	0.00000	4695.87000
1.61843	0.00000	4695.87000
1.62226	0.00000	4695.87000
1.62608	0.00000	4695.87000
1.62991	0.00000	4698.62700
1.63373	0.00000	4698.62700
1.63756	0.00000	4698.62700
1.64139	0.00000	4698.62700
1.64522	0.00000	4698.62700
1.64905	0.00000	4698.62700
1.65288	0.00000	4693.06400
1.65672	0.00000	4693.06400
1.66055	0.00000	4693.06400
1.66438	0.00000	4693.06400
1.66821	0.00000	4693.06400
1.67203	0.00000	4707.08900
1.67586	0.00000	4707.08900
1.67969	0.00000	4707.08900
1.68351	0.00000	4707.08900
1.68734	0.00000	4707.08900
1.69112	0.00000	4707.08900
1.69496	0.00000	4704.24100
1.69878	0.00000	4704.24100
1.70260	0.00000	4704.24100
1.70643	0.00000	4704.24100
1.71027	0.00000	4704.24100
1.71410	0.00000	4704.24100
1.71793	0.00000	4695.84500
1.72176	0.00000	4695.84500
1.72559	0.00000	4695.84500
1.72941	0.00000	4695.84500
1.73324	0.00000	4695.84500
1.73707	0.00000	4695.84500
1.74092	0.00000	4698.62700
1.74474	0.00000	4698.62700
1.74858	0.00000	4698.62700
1.75241	0.00000	4698.62700
1.75624	0.00000	4698.62700
1.76007	0.00000	4695.89500
1.76391	0.00000	4695.89500
1.76775	0.00000	4695.89500
1.77157	0.00000	4695.89500
1.77540	0.00000	4695.89500
1.77922	0.00000	4695.89500
1.78305	0.00000	4698.62700
1.78690	0.00000	4698.62700
1.79074	0.00000	4698.62700
1.79456	0.00000	4698.62700
1.79838	0.00000	4698.62700
1.80221	0.00000	4698.62700
1.80604	0.00000	4704.24100
1.80987	0.00000	4704.24100
1.81370	0.00000	4704.24100
1.81753	0.00000	4704.24100
1.82136	0.00000	4704.24100
1.82519	0.00000	4704.24100
1.82901	0.00000	4690.29000
1.83284	0.00000	4690.29000
1.83666	0.00000	4690.29000
1.84048	0.00000	4690.29000
1.84432	0.00000	4690.29000
1.84815	0.00000	4698.69400
1.85199	0.00000	4698.69400
1.85582	0.00000	4698.69400
1.85965	0.00000	4698.69400
1.86347	0.00000	4698.69400
1.86731	0.00000	4698.69400
1.87117	0.00000	4701.45100
1.87501	0.00000	4701.45100
1.87884	0.00000	4701.45100
1.88268	0.00000	4701.45100
1.88651	0.00000	4701.45100
1.89035	0.00000	4701.45100
1.89418	0.00000	4690.28100
1.89801	0.00000	4690.28100
1.90184	0.00000	4690.28100
1.90567	0.00000	4690.28100
1.90950	0.00000	4690.28100
1.91333	0.00000	4687.50000
1.91715	0.00000	4687.50000
1.92098	0.00000	4687.50000
1.92481	0.00000	4687.50000
1.92865	0.00000	4687.50000
1.93247	0.00000	4687.50000
1.93630	0.00000	4701.49200
1.94012	0.00000	4701.49200
1.94395	0.00000	4701.49200
1.94778	0.00000	4701.49200
1.95161	0.00000	4701.49200
1.95544	0.00000	4701.49200
1.95927	0.00000	4693.06400
1.96309	0.00000	4693.06400
1.96694	0.00000	4693.06400
1.97077	0.00000	4693.06400
1.97460	0.00000	4693.06400
1.97845	0.00000	4693.06400
1.98228	0.00000	4690.28100
1.98611	0.00000	4690.28100
1.98994	0.00000	4690.28100
1.99377	0.00000	4690.28100
1.99761	0.00000	4690.28100
2.00144	0.00000	4698.69400
2.00529	0.00000	4698.69400
2.00912	0.00000	4698.69400
2.01297	0.00000	4698.69400
2.01679	0.00000	4698.69400
2.02062	0.00000	4698.69400
2.02444	0.00000	4707.03100
2.02827	0.00000	4707.03100
2.03210	0.00000	4707.03100
2.03592	0.00000	4707.03100
2.03975	0.00000	4707.03100
2.04358	0.00000	4707.03100
2.04741	0.00000	4695.84500
2.05124	0.00000	4695.84500
2.05507	0.00000	4695.84500
2.05890	0.00000	4695.84500
2.06273	0.00000	4695.84500
2.06658	0.00000	4695.84500
2.07040	0.00000	4695.87000
2.07424	0.00000	4695.87000
2.07807	0.00000	4695.87000
2.08191	0.00000	4695.87000
2.08573	0.00000	4695.87000
2.08956	0.00000	4701.49200
2.09340	0.00000	4701.49200
2.09723	0.00000	4701.49200
2.10106	0.00000	4701.49200
2.10489	0.00000	4701.49200
2.10871	0.00000	4701.49200
2.11255	0.00000	4698.62700
2.11638	0.00000	4698.62700
2.12022	0.00000	4698.62700
2.12406	0.00000	4698.62700
2.12789	0.00000	4698.62700
2.13171	0.00000	4698.62700
2.13553	0.00000	4693.06400
2.13939	0.00000	4693.06400
2.14327	0.00000	4693.06400
2.14711	0.00000	4693.06400
2.15095	0.00000	4693.06400
2.15478	0.00000	4704.29100
2.15860	0.00000	4704.29100
2.16244	0.00000	4704.29100
2.16627	0.00000	4704.29100
2.17010	0.00000	4704.29100
2.17392	0.00000	4704.29100
2.17774	0.00000	4693.09600
2.18158	0.00000	4693.09600
2.18540	0.00000	4693.09600
2.18925	0.00000	4693.09600
2.19308	0.00000	4693.09600
2.19692	0.00000	4693.09600
2.20076	0.00000	4690.28100
2.20459	0.00000	4690.28100
2.20842	0.00000	4690.28100
2.21225	0.00000	4690.28100
2.21609	0.00000	4690.28100
2.21992	0.00000	4690.28100
2.22375	0.00000	4693.06400
2.22757	0.00000	4693.06400
2.23140	0.00000	4693.06400
2.23523	0.00000	4693.06400
2.23906	0.00000	4693.06400
2.24289	0.00000	4687.50000
2.24673	0.00000	4687.50000
2.25056	0.00000	4687.50000
2.25438	0.00000	4687.50000
2.25822	0.00000	4687.50000
2.26204	0.00000	4687.50000
2.26587	0.00000	4684.71800
2.26970	0.00000	4684.71800
2.27354	0.00000	4684.71800
2.27736	0.00000	4684.71800
2.28119	0.00000	4684.71800
2.28502	0.00000	4684.71800
2.28884	0.00000	4690.28100
2.29268	0.00000	4690.28100
2.29655	0.00000	4690.28100
2.30039	0.00000	4690.28100
2.30421	0.00000	4690.28100
2.30806	0.00000	4690.28100
2.31188	0.00000	4690.29800
2.31573	0.00000	4690.29800
2.31955	0.00000	4690.29800
2.32338	0.00000	4690.29800
2.32721	0.00000	4690.29800
2.33104	0.00000	4709.95500
2.33488	0.00000	4709.95500
2.33870	0.00000	4709.95500
2.34253	0.00000	4709.95500
2.34636	0.00000	4709.95500
2.35020	0.00000	4709.95500
2.35403	0.00000	4701.40900
2.35786	0.00000	4701.40900
2.36169	0.00000	4701.40900
2.36552	0.00000	4701.40900
2.36935	0.00000	4701.40900
2.37318	0.00000	4701.40900
2.37701	0.00000	4687.50000
2.38083	0.00000	4687.50000
2.38466	0.00000	4687.50000
2.38850	0.00000	4687.50000
2.39233	0.00000	4687.50000
2.39617	0.00000	4695.89500
2.40000	0.00000	4695.89500
2.40383	0.00000	4695.89500
2.40766	0.00000	4695.89500
2.41149	0.00000	4695.89500
2.41533	0.00000	4695.89500
2.41912	0.00000	4690.29000
2.42295	0.00000	4690.29000
2.42678	0.00000	4690.29000
2.43061	0.00000	4690.29000
2.43444	0.00000	4690.29000
2.43827	0.00000	4690.29000
2.44210	0.00000	4695.84500
2.44592	0.00000	4695.84500
2.44975	0.00000	4695.84500
2.45358	0.00000	4695.84500
2.45741	0.00000	4695.84500
2.46123	0.00000	4695.84500
2.46507	0.00000	4698.62700
2.46890	0.00000	4698.62700
2.47273	0.00000	4698.62700
2.47656	0.00000	4698.62700
2.48039	0.00000	4698.62700
2.48422	0.00000	4701.49200
2.48805	0.00000	4701.49200
2.49189	0.00000	4701.49200
2.49571	0.00000	4701.49200
2.49954	0.00000	4701.49200
2.50337	0.00000	4701.49200
2.50720	0.00000	4693.06400
2.51102	0.00000	4693.06400
2.51485	0.00000	4693.06400
2.51868	0.00000	4693.06400
2.52251	0.00000	4693.06400
2.52635	0.00000	4693.06400
2.53019	0.00000	4687.50000
2.53401	0.00000	4687.50000
2.53784	0.00000	4687.50000
2.54167	0.00000	4687.50000
2.54551	0.00000	4687.50000
2.54933	0.00000	4687.50000
2.55315	0.00000	4684.70900
2.55698	0.00000	4684.70900
2.56081	0.00000	4684.70900
2.56465	0.00000	4684.70900
2.56847	0.00000	4684.70900
2.57230	0.00000	4690.29800
2.57613	0.00000	4690.29800
2.57996	0.00000	4690.29800
2.58380	0.00000	4690.29800
2.58763	0.00000	4690.29800
2.59146	0.00000	4690.29800
2.59530	0.00000	4679.15400
2.59912	0.00000	4679.15400
2.60295	0.00000	4679.15400
2.60677	0.00000	4679.15400
2.61060	0.00000	4679.15400
2.61443	0.00000	4679.15400
2.61826	0.00000	4673.59000
2.62210	0.00000	4673.59000
2.62592	0.00000	4673.59000
2.62975	0.00000	4673.59000
2.63358	0.00000	4673.59000
2.63741	0.00000	4684.70100
2.64123	0.00000	4684.70100
2.64506	0.00000	4684.70100
2.64888	0.00000	4684.70100
2.65271	0.00000	4684.70100
2.65654	0.00000	4684.70100
2.66036	0.00000	4690.29800
2.66420	0.00000	4690.29800
2.66803	0.00000	4690.29800
2.67185	0.00000	4690.29800
2.67570	0.00000	4690.29800
2.67952	0.00000	4690.29800
2.68336	0.00000	4701.40900
2.68718	0.00000	4701.40900
2.69102	0.00000	4701.40900
2.69484	0.00000	4701.40900
2.69867	0.00000	4701.40900
2.70250	0.00000	4701.40900
2.70633	0.00000	4701.40900
2.71016	0.00000	4701.40900
2.71399	0.00000	4701.40900
2.71782	0.00000	4701.40900
2.72164	0.00000	4701.40900
2.72547	0.00000	4693.09600
2.72931	0.00000	4693.09600
2.73314	0.00000	4693.09600
2.73697	0.00000	4693.09600
2.74081	0.00000	4693.09600
2.74463	0.00000	4693.09600
2.74846	0.00000	4690.29000
2.75228	0.00000	4690.29000
2.75612	0.00000	4690.29000
2.75994	0.00000	4690.29000
2.76377	0.00000	4690.29000
2.76760	0.00000	4690.29000
2.77144	0.00000	4698.66000
2.77527	0.00000	4698.66000
2.77910	0.00000	4698.66000
2.78293	0.00000	4698.66000
2.78676	0.00000	4698.66000
2.79060	0.00000	4698.66000
2.79442	0.00000	4704.24100
2.79825	0.00000	4704.24100
2.80208	0.00000	4704.24100
2.80592	0.00000	4704.24100
2.80975	0.00000	4704.24100
2.81358	0.00000	4693.09600
2.81742	0.00000	4693.09600
2.82125	0.00000	4693.09600
2.82508	0.00000	4693.09600
2.82891	0.00000	4693.09600
2.83274	0.00000	4693.09600
2.83657	0.00000	4687.50000
2.84040	0.00000	4687.50000
2.84424	0.00000	4687.50000
2.84807	0.00000	4687.50000
2.85191	0.00000	4687.50000
2.85574	0.00000	4687.50000
2.85957	0.00000	4695.84500
2.86339	0.00000	4695.84500
2.86722	0.00000	4695.84500
2.87105	0.00000	4695.84500
2.87488	0.00000	4695.84500
2.87870	0.00000	4701.53400
2.88254	0.00000	4701.53400
2.88636	0.00000	4701.53400
2.89018	0.00000	4701.53400
2.89403	0.00000	4701.53400
2.89785	0.00000	4701.53400
2.90168	0.00000	4698.69400
2.90552	0.00000	4698.69400
2.90935	0.00000	4698.69400
2.91317	0.00000	4698.69400
2.91700	0.00000	4698.69400
2.92082	0.00000	4698.69400
2.92466	0.00000	4687.50000
2.92848	0.00000	4687.50000
2.93231	0.00000	4687.50000
2.93614	0.00000	4687.50000
2.93997	0.00000	4687.50000
2.94381	0.00000	4687.50000
2.94763	0.00000	4698.62700
2.95147	0.00000	4698.62700
2.95529	0.00000	4698.62700
2.95911	0.00000	4698.62700
2.96295	0.00000	4698.62700
2.96678	0.00000	4698.72700
2.97063	0.00000	4698.72700
2.97446	0.00000	4698.72700
2.97829	0.00000	4698.72700
2.98212	0.00000	4698.72700
2.98595	0.00000	4698.72700
2.98978	0.00000	4690.28100
2.99362	0.00000	4690.28100
2.99746	0.00000	4690.28100
3.00129	0.00000	4690.28100
3.00512	0.00000	4690.28100
3.00895	0.00000	4690.28100
3.01278	0.00000	4687.50000
3.01661	0.00000	4687.50000
3.02044	0.00000	4687.50000
3.02428	0.00000	4687.50000
3.02810	0.00000	4687.50000
3.03193	0.00000	4687.50000
3.03576	0.00000	4693.06400
3.03959	0.00000	4693.06400
3.04344	0.00000	4693.06400
3.04728	0.00000	4693.06400
3.05111	0.00000	4693.06400
3.05494	0.00000	4701.53400
3.05877	0.00000	4701.53400
3.06261	0.00000	4701.53400
3.06643	0.00000	4701.53400
3.07026	0.00000	4701.53400
3.07410	0.00000	4701.53400
3.07793	0.00000	4695.84500
3.08176	0.00000	4695.84500
3.08561	0.00000	4695.84500
3.08944	0.00000	4695.84500
3.09326	0.00000	4695.84500
3.09709	0.00000	4695.84500
3.10093	0.00000	4698.62700
3.10475	0.00000	4698.62700
3.10859	0.00000	4698.62700
3.11242	0.00000	4698.62700
3.11626	0.00000	4698.62700
3.12009	0.00000	4687.50000
3.12391	0.00000	4687.50000
3.12774	0.00000	4687.50000
3.13157	0.00000	4687.50000
3.13539	0.00000	4687.50000
3.13923	0.00000	4687.50000
3.14307	0.00000	4693.08000
3.14690	0.00000	4693.08000
3.15072	0.00000	4693.08000
3.15454	0.00000	4693.08000
3.15837	0.00000	4693.08000
3.16221	0.00000	4693.08000
3.16603	0.00000	4707.03100
3.16986	0.00000	4707.03100
3.17369	0.00000	4707.03100
3.17752	0.00000	4707.03100
3.18135	0.00000	4707.03100
3.18517	0.00000	4707.03100
3.18900	0.00000	4687.50000
3.19284	0.00000	4687.50000
3.19667	0.00000	4687.50000
3.20050	0.00000	4687.50000
3.20433	0.00000	4687.50000
3.20816	0.00000	4684.70100
3.21200	0.00000	4684.70100
3.21582	0.00000	4684.70100
3.21964	0.00000	4684.70100
3.22347	0.00000	4684.70100
3.22729	0.00000	4684.70100
3.23112	0.00000	4687.50000
3.23495	0.00000	4687.50000
3.23877	0.00000	4687.50000
3.24260	0.00000	4687.50000
3.24644	0.00000	4687.50000
3.25027	0.00000	4687.50000
3.25410	0.00000	4687.50000
3.25792	0.00000	4687.50000
3.26176	0.00000	4687.50000
3.26559	0.00000	4687.50000
3.26941	0.00000	4687.50000
3.27325	0.00000	4687.50000
3.27707	0.00000	4693.08000
3.28090	0.00000	4693.08000
3.28472	0.00000	4693.08000
3.28855	0.00000	4693.08000
3.29238	0.00000	4693.08000
3.29620	0.00000	4701.53400
3.30003	0.00000	4701.53400
3.30386	0.00000	4701.53400
3.30769	0.00000	4701.53400
3.31153	0.00000	4701.53400
3.31537	0.00000	4701.53400
3.31920	0.00000	4693.06400
3.32304	0.00000	4693.06400
3.32687	0.00000	4693.06400
3.33070	0.00000	4693.06400
3.33452	0.00000	4693.06400
3.33835	0.00000	4693.06400
3.34218	0.00000	4698.62700
3.34600	0.00000	4698.62700
3.34984	0.00000	4698.62700
3.35367	0.00000	4698.62700
3.35750	0.00000	4698.62700
3.36133	0.00000	4684.70100
3.36516	0.00000	4684.70100
3.36899	0.00000	4684.70100
3.37282	0.00000	4684.70100
3.37665	0.00000	4684.70100
3.38048	0.00000	4684.70100
3.38431	0.00000	4690.29800
3.38814	0.00000	4690.29800
3.39196	0.00000	4690.29800
3.39579	0.00000	4690.29800
3.39961	0.00000	4690.29800
3.40345	0.00000	4690.29800
3.40728	0.00000	4695.87000
3.41111	0.00000	4695.87000
3.41496	0.00000	4695.87000
3.41878	0.00000	4695.87000
3.42260	0.00000	4695.87000
3.42644	0.00000	4695.87000
3.43027	0.00000	4684.71800
3.43411	0.00000	4684.71800
3.43795	0.00000	4684.71800
3.44178	0.00000	4684.71800
3.44561	0.00000	4684.71800
3.44943	0.00000	4698.69400
3.45328	0.00000	4698.69400
3.45710	0.00000	4698.69400
3.46093	0.00000	4698.69400
3.46477	0.00000	4698.69400
3.46860	0.00000	4698.69400
3.47243	0.00000	4693.06400
3.47626	0.00000	4693.06400
3.48010	0.00000	4693.06400
3.48394	0.00000	4693.06400
3.48777	0.00000	4693.06400
3.49160	0.00000	4693.06400
3.49544	0.00000	4695.84500
3.49927	0.00000	4695.84500
3.50310	0.00000	4695.84500
3.50694	0.00000	4695.84500
3.51077	0.00000	4695.84500
3.51461	0.00000	4695.84500
3.51843	0.00000	4690.29000
3.52226	0.00000	4690.29000
3.52608	0.00000	4690.29000
3.52991	0.00000	4690.29000
3.53374	0.00000	4690.29000
3.53757	0.00000	4698.72700
3.54143	0.00000	4698.72700
3.54526	0.00000	4698.72700
3.54909	0.00000	4698.72700
3.55291	0.00000	4698.72700
3.55674	0.00000	4698.72700
3.56059	0.00000	4695.84500
3.56442	0.00000	4695.84500
3.56825	0.00000	4695.84500
3.57209	0.00000	4695.84500
3.57591	0.00000	4695.84500
3.57974	0.00000	4695.84500
3.58356	0.00000	4695.87000
3.58739	0.00000	4695.87000
3.59122	0.00000	4695.87000
3.59504	0.00000	4695.87000
3.59888	0.00000	4695.87000
3.60270	0.00000	4690.30700
3.60653	0.00000	4690.30700
3.61035	0.00000	4690.30700
3.61418	0.00000	4690.30700
3.61801	0.00000	4690.30700
3.62184	0.00000	4690.30700
3.62567	0.00000	4687.50000
3.62950	0.00000	4687.50000
3.63332	0.00000	4687.50000
3.63716	0.00000	4687.50000
3.64098	0.00000	4687.50000
3.64481	0.00000	4687.50000
3.64863	0.00000	4698.62700
3.65246	0.00000	4698.62700
3.65628	0.00000	4698.62700
3.66012	0.00000	4698.62700
3.66395	0.00000	4698.62700
3.66778	0.00000	4698.62700
3.67161	0.00000	4693.06400
3.67544	0.00000	4693.06400
3.67927	0.00000	4693.06400
3.68309	0.00000	4693.06400
3.68694	0.00000	4693.06400
3.69076	0.00000	4698.72700
3.69460	0.00000	4698.72700
3.69844	0.00000	4698.72700
3.70227	0.00000	4698.72700
3.70610	0.00000	4698.72700
3.70992	0.00000	4698.72700
3.71375	0.00000	4693.06400
3.71758	0.00000	4693.06400
3.72140	0.00000	4693.06400
3.72523	0.00000	4693.06400
3.72906	0.00000	4693.06400
3.73289	0.00000	4693.06400
3.73671	0.00000	4690.28100
3.74055	0.00000	4690.28100
3.74438	0.00000	4690.28100
3.74821	0.00000	4690.28100
3.75203	0.00000	4690.28100
3.75586	0.00000	4690.28100
3.75968	0.00000	4690.29000
3.76351	0.00000	4690.29000
3.76733	0.00000	4690.29000
3.77112	0.00000	4690.29000
3.77496	0.00000	4690.29000
3.77878	0.00000	4698.69400
3.78263	0.00000	4698.69400
3.78647	0.00000	4698.69400
3.79029	0.00000	4698.69400
3.79412	0.00000	4698.69400
3.79794	0.00000	4698.69400
3.80178	0.00000	4698.62700
3.80560	0.00000	4698.62700
3.80944	0.00000	4698.62700
3.81327	0.00000	4698.62700
3.81711	0.00000	4698.62700
3.82093	0.00000	4698.62700
3.82475	0.00000	4687.50000
3.82858	0.00000	4687.50000
3.83240	0.00000	4687.50000
3.83624	0.00000	4687.50000
3.84006	0.00000	4687.50000
3.84389	0.00000	4709.95500
3.84771	0.00000	4709.95500
3.85154	0.00000	4709.95500
3.85537	0.00000	4709.95500
3.85920	0.00000	4709.95500
3.86303	0.00000	4709.95500
3.86684	0.00000	4701.49200
3.87068	0.00000	4701.49200
3.87451	0.00000	4701.49200
3.87835	0.00000	4701.49200
3.88219	0.00000	4701.49200
3.88601	0.00000	4701.49200
3.88984	0.00000	4695.84500
3.89366	0.00000	4695.84500
3.89749	0.00000	4695.84500
3.90132	0.00000	4695.84500
3.90515	0.00000	4695.84500
3.90897	0.00000	4695.84500
3.91281	0.00000	4707.03100
3.91664	0.00000	4707.03100
3.92048	0.00000	4707.03100
3.92431	0.00000	4707.03100
3.92814	0.00000	4707.03100
3.93197	0.00000	4698.69400
3.93580	0.00000	4698.69400
3.93963	0.00000	4698.69400
3.94345	0.00000	4698.69400
3.94728	0.00000	4698.69400
3.95110	0.00000	4698.69400
3.95496	0.00000	4715.48500
3.95879	0.00000	4715.48500
3.96262	0.00000	4715.48500
3.96645	0.00000	4715.48500
3.97027	0.00000	4715.48500
3.97410	0.00000	4715.48500
3.97793	0.00000	4698.62700
3.98176	0.00000	4698.62700
3.98558	0.00000	4698.62700
3.98941	0.00000	4698.62700
3.99324	0.00000	4698.62700
3.99707	0.00000	4698.62700
4.00090	0.00000	4687.50000
4.00473	0.00000	4687.50000
4.00856	0.00000	4687.50000
4.01240	0.00000	4687.50000
4.01623	0.00000	4687.50000
4.02006	0.00000	4707.08900
4.02389	0.00000	4707.08900
4.02772	0.00000	4707.08900
4.03155	0.00000	4707.08900
4.03537	0.00000	4707.08900
4.03921	0.00000	4707.08900
4.04304	0.00000	4684.71800
4.04686	0.00000	4684.71800
4.05069	0.00000	4684.71800
4.05452	0.00000	4684.71800
4.05835	0.00000	4684.71800
4.06218	0.00000	4684.71800
4.06601	0.00000	4698.62700
4.06983	0.00000	4698.62700
4.07367	0.00000	4698.62700
4.07750	0.00000	4698.62700
4.08132	0.00000	4698.62700
4.08515	0.00000	4698.62700
4.08898	0.00000	4693.08000
4.09281	0.00000	4693.08000
4.09664	0.00000	4693.08000
4.10047	0.00000	4693.08000
4.10429	0.00000	4693.08000
4.10812	0.00000	4684.70100
4.11197	0.00000	4684.70100
4.11580	0.00000	4684.70100
4.11962	0.00000	4684.70100
4.12345	0.00000	4684.70100
4.12727	0.00000	4684.70100
4.13110	0.00000	4679.15400
4.13495	0.00000	4679.15400
4.13879	0.00000	4679.15400
4.14262	0.00000	4679.15400
4.14645	0.00000	4679.15400
4.15029	0.00000	4679.15400
4.15414	0.00000	4695.84500
4.15797	0.00000	4695.84500
4.16180	0.00000	4695.84500
4.16565	0.00000	4695.84500
4.16948	0.00000	4695.84500
4.17332	0.00000	4690.29800
4.17715	0.00000	4690.29800
4.18099	0.00000	4690.29800
4.18481	0.00000	4690.29800
4.18865	0.00000	4690.29800
4.19249	0.00000	4690.29800
4.19631	0.00000	4704.24100
4.20014	0.00000	4704.24100
4.20397	0.00000	4704.24100
4.20780	0.00000	4704.24100
4.21164	0.00000	4704.24100
4.21547	0.00000	4704.24100
4.21931	0.00000	4690.28100
4.22312	0.00000	4690.28100
4.22695	0.00000	4690.28100
4.23079	0.00000	4690.28100
4.23464	0.00000	4690.28100
4.23846	0.00000	4690.28100
4.24229	0.00000	4693.04700
4.24612	0.00000	4693.04700
4.24995	0.00000	4693.04700
4.25377	0.00000	4693.04700
4.25760	0.00000	4693.04700
4.26143	0.00000	4693.09600
4.26529	0.00000	4693.09600
4.26912	0.00000	4693.09600
4.27296	0.00000	4693.09600
4.27679	0.00000	4693.09600
4.28063	0.00000	4693.09600
4.28446	0.00000	4704.19100
4.28829	0.00000	4704.19100
4.29212	0.00000	4704.19100
4.29595	0.00000	4704.19100
4.29980	0.00000	4704.19100
4.30363	0.00000	4704.19100
4.30747	0.00000	4695.84500
4.31131	0.00000	4695.84500
4.31512	0.00000	4695.84500
4.31895	0.00000	4695.84500
4.32277	0.00000	4695.84500
4.32661	0.00000	4695.84500
4.33044	0.00000	4687.50000
4.33428	0.00000	4687.50000
4.33811	0.00000	4687.50000
4.34194	0.00000	4687.50000
4.34579	0.00000	4687.50000
4.34963	0.00000	4698.69400
4.35346	0.00000	4698.69400
4.35729	0.00000	4698.69400
4.36113	0.00000	4698.69400
4.36497	0.00000	4698.69400
4.36880	0.00000	4698.69400
4.37264	0.00000	4698.62700
4.37647	0.00000	4698.62700
4.38031	0.00000	4698.62700
4.38414	0.00000	4698.62700
4.38798	0.00000	4698.62700
4.39181	0.00000	4698.62700
4.39564	0.00000	4695.84500
4.39947	0.00000	4695.84500
4.40330	0.00000	4695.84500
4.40712	0.00000	4695.84500
4.41097	0.00000	4695.84500
4.41479	0.00000	4698.69400
4.41861	0.00000	4698.69400
4.42245	0.00000	4698.69400
4.42628	0.00000	4698.69400
4.43011	0.00000	4698.69400
4.43393	0.00000	4698.69400
4.43776	0.00000	4681.91900
4.44159	0.00000	4681.91900
4.44542	0.00000	4681.91900
4.44925	0.00000	4681.91900
4.45309	0.00000	4681.91900
4.45693	0.00000	4681.91900
4.46075	0.00000	4693.06400
4.46459	0.00000	4693.06400
4.46841	0.00000	4693.06400
4.47224	0.00000	4693.06400
4.47607	0.00000	4693.06400
4.47989	0.00000	4693.06400
4.48374	0.00000	4695.84500
4.48758	0.00000	4695.84500
4.49141	0.00000	4695.84500
4.49524	0.00000	4695.84500
4.49907	0.00000	4695.84500
4.50291	0.00000	4707.14800
4.50676	0.00000	4707.14800
4.51059	0.00000	4707.14800
4.51442	0.00000	4707.14800
4.51825	0.00000	4707.14800
4.52207	0.00000	4707.14800
4.52591	0.00000	4687.50000
4.52974	0.00000	4687.50000
4.53357	0.00000	4687.50000
4.53740	0.00000	4687.50000
4.54124	0.00000	4687.50000
4.54507	0.00000	4687.50000
4.54890	0.00000	4679.15400
4.55272	0.00000	4679.15400
4.55655	0.00000	4679.15400
4.56038	0.00000	4679.15400
4.56422	0.00000	4679.15400
4.56804	0.00000	4679.15400
4.57186	0.00000	4693.08000
4.57568	0.00000	4693.08000
4.57951	0.00000	4693.08000
4.58335	0.00000	4693.08000
4.58718	0.00000	4693.08000
4.59101	0.00000	4695.89500
4.59484	0.00000	4695.89500
4.59866	0.00000	4695.89500
4.60250	0.00000	4695.89500
4.60632	0.00000	4695.89500
4.61014	0.00000	4695.89500
4.61397	0.00000	4695.84500
4.61779	0.00000	4695.84500
4.62163	0.00000	4695.84500
4.62545	0.00000	4695.84500
4.62928	0.00000	4695.84500
4.63311	0.00000	4695.84500
4.63697	0.00000	4681.93600
4.64080	0.00000	4681.93600
4.64463	0.00000	4681.93600
4.64846	0.00000	4681.93600
4.65231	0.00000	4681.93600
4.65614	0.00000	4698.72700
4.65997	0.00000	4698.72700
4.66379	0.00000	4698.72700
4.66763	0.00000	4698.72700
4.67145	0.00000	4698.72700
4.67528	0.00000	4698.72700
4.67911	0.00000	4687.50000
4.68296	0.00000	4687.50000
4.68679	0.00000	4687.50000
4.69062	0.00000	4687.50000
4.69445	0.00000	4687.50000
4.69830	0.00000	4687.50000
4.70214	0.00000	4707.03100
4.70597	0.00000	4707.03100
4.70980	0.00000	4707.03100
4.71365	0.00000	4707.03100
4.71748	0.00000	4707.03100
4.72131	0.00000	4707.03100
4.72514	0.00000	4681.93600
4.72898	0.00000	4681.93600
4.73283	0.00000	4681.93600
4.73666	0.00000	4681.93600
4.74049	0.00000	4681.93600
4.74432	0.00000	4698.66000
4.74818	0.00000	4698.66000
4.75201	0.00000	4698.66000
4.75584	0.00000	4698.66000
4.75968	0.00000	4698.66000
4.76353	0.00000	4698.66000
4.76736	0.00000	4684.71800
4.77120	0.00000	4684.71800
4.77503	0.00000	4684.71800
4.77888	0.00000	4684.71800
4.78271	0.00000	4684.71800
4.78654	0.00000	4684.71800
4.79037	0.00000	4693.08000
4.79421	0.00000	4693.08000
4.79804	0.00000	4693.08000
4.80188	0.00000	4693.08000
4.80570	0.00000	4693.08000
4.80955	0.00000	4707.14800
4.81341	0.00000	4707.14800
4.81724	0.00000	4707.14800
4.82108	0.00000	4707.14800
4.82493	0.00000	4707.14800
4.82881	0.00000	4707.14800
4.83265	0.00000	4698.69400
4.83649	0.00000	4698.69400
4.84032	0.00000	4698.69400
4.84419	0.00000	4698.69400
4.84803	0.00000	4698.69400
4.85186	0.00000	4698.69400
4.85570	0.00000	4687.50000
4.85957	0.00000	4687.50000
4.86341	0.00000	4687.50000
4.86726	0.00000	4687.50000
4.87109	0.00000	4687.50000
4.87493	0.00000	4687.50000
4.87877	0.00000	4690.28100
4.88260	0.00000	4690.28100
4.88643	0.00000	4690.28100
4.89026	0.00000	4690.28100
4.89409	0.00000	4690.28100
4.89791	0.00000	4698.69400
4.90174	0.00000	4698.69400
4.90558	0.00000	4698.69400
4.90940	0.00000	4698.69400
4.91323	0.00000	4698.69400
4.91706	0.00000	4698.69400
4.92090	0.00000	4693.04700
4.92473	0.00000	4693.04700
4.92856	0.00000	4693.04700
4.93239	0.00000	4693.04700
4.93622	0.00000	4693.04700
4.94004	0.00000	4693.04700
4.94388	0.00000	4701.40900
4.94771	0.00000	4701.40900
4.95153	0.00000	4701.40900
4.95536	0.00000	4701.40900
4.95918	0.00000	4701.40900
4.96302	0.00000	4701.40900
4.96684	0.00000	4695.87000
4.97070	0.00000	4695.87000
4.97454	0.00000	4695.87000
4.97837	0.00000	4695.87000
4.98221	0.00000	4695.87000
4.98608	0.00000	4687.50000
4.98991	0.00000	4687.50000
4.99377	0.00000	4687.50000
4.99759	0.00000	4687.50000
5.00204	0.00000	4687.50000
5.00594	0.00000	4687.50000
5.00979	0.00000	4684.71800
5.01366	0.00000	4684.71800
5.01755	0.00000	4684.71800
5.02143	0.00000	4684.71800
5.02529	0.00000	4684.71800
5.02913	0.00000	4712.68600
5.03300	0.00000	4712.68600
5.03687	0.00000	4712.68600
5.04072	0.00000	4712.68600
5.04457	0.00000	4712.68600
5.04840	0.00000	4712.68600
5.05223	0.00000	4720.78400
5.05606	0.00000	4720.78400
5.05989	0.00000	4720.78400
5.06372	0.00000	4720.78400
5.06756	0.00000	4720.78400
5.07140	0.00000	4720.78400
5.07525	0.00000	4739.88900
5.07908	0.00000	4739.88900
5.08293	0.00000	4739.88900
5.08676	0.00000	4739.88900
5.09060	0.00000	4739.88900
5.09444	0.00000	4739.88900
5.09827	0.00000	4750.73300
5.10212	0.00000	4750.73300
5.10595	0.00000	4750.73300
5.10978	0.00000	4750.73300
5.11362	0.00000	4750.73300
5.11745	0.00000	4750.73300
5.12127	0.00000	4761.73000
5.12512	0.00000	4761.73000
5.12894	0.00000	4761.73000
5.13277	0.00000	4761.73000
5.13660	0.00000	4761.73000
5.14044	0.00000	4778.22500
5.14428	0.00000	4778.22500
5.14812	0.00000	4778.22500
5.15196	0.00000	4778.22500
5.15579	0.00000	4778.22500
5.15963	0.00000	4778.22500
5.16346	0.00000	4769.25900
5.16729	0.00000	4769.25900
5.17112	0.00000	4769.25900
5.17496	0.00000	4769.25900
5.17883	0.00000	4769.25900
5.18269	0.00000	4769.25900
5.18653	0.00000	4788.04300
5.19038	0.00000	4788.04300
5.19423	0.00000	4788.04300
5.19809	0.00000	4788.04300
5.20192	0.00000	4788.04300
5.20579	0.00000	4788.04300
5.20970	0.00000	4787.75300
5.21356	0.00000	4787.75300
5.21740	0.00000	4787.75300
5.22124	0.00000	4787.75300
5.22508	0.00000	4787.75300
5.22892	0.00000	4787.75300
5.23276	0.00000	4793.17200
5.23660	0.00000	4793.17200
5.24046	0.00000	4793.17200
5.24429	0.00000	4793.17200
5.24813	0.00000	4793.17200
5.25197	0.00000	4793.17200
5.25580	0.00000	4809.78200
5.25964	0.00000	4809.78200
5.26348	0.00000	4809.78200
5.26732	0.00000	4809.78200
5.27112	0.00000	4809.78200
5.27497	0.00000	4804.68700
5.27879	0.00000	4804.68700
5.28262	0.00000	4804.68700
5.28646	0.00000	4804.68700
5.29029	0.00000	4804.68700
5.29413	0.00000	4804.68700
5.29796	0.00000	4812.86300
5.30181	0.00000	4812.86300
5.30566	0.00000	4812.86300
5.30949	0.00000	4812.86300
5.31334	0.00000	4812.86300
5.31718	0.00000	4812.86300
5.32101	0.00000	4814.84800
5.32486	0.00000	4814.84800
5.32870	0.00000	4814.84800
5.33253	0.00000	4814.84800
5.33636	0.00000	4814.84800
5.34020	0.00000	4814.84800
5.34404	0.00000	4831.10500
5.34787	0.00000	4831.10500
5.35171	0.00000	4831.10500
5.35554	0.00000	4831.10500
5.35938	0.00000	4831.10500
5.36322	0.00000	4831.10500
5.36706	0.00000	4814.48100
5.37091	0.00000	4814.48100
5.37475	0.00000	4814.48100
5.37859	0.00000	4814.48100
5.38242	0.00000	4814.48100
5.38626	0.00000	4814.48100
5.39010	0.00000	4817.55700
5.39393	0.00000	4817.55700
5.39778	0.00000	4817.55700
5.40163	0.00000	4817.55700
5.40547	0.00000	4817.55700
5.40932	0.00000	4817.55700
5.41316	0.00000	4825.28800
5.41700	0.00000	4825.28800
5.42083	0.00000	4825.28800
5.42467	0.00000	4825.28800
5.42851	0.00000	4825.28800
5.43235	0.00000	4825.28800
5.43619	0.00000	4825.28800
5.44003	0.00000	4825.28800
5.44388	0.00000	4825.28800
5.44772	0.00000	4825.28800
5.45156	0.00000	4825.28800
5.45539	0.00000	4825.28800
5.45922	0.00000	4812.13800
5.46306	0.00000	4812.13800
5.46690	0.00000	4812.13800
5.47073	0.00000	4812.13800
5.47458	0.00000	4812.13800
5.47842	0.00000	4817.93500
5.48226	0.00000	4817.93500
5.48610	0.00000	4817.93500
5.48994	0.00000	4817.93500
5.49378	0.00000	4817.93500
5.49762	0.00000	4817.93500
5.50146	0.00000	4828.39600
5.50530	0.00000	4828.39600
5.50914	0.00000	4828.39600
5.51297	0.00000	4828.39600
5.51681	0.00000	4828.39600
5.52066	0.00000	4828.39600
5.52449	0.00000	4828.39600
5.52832	0.00000	4828.39600
5.53217	0.00000	4828.39600
5.53601	0.00000	4828.39600
5.53984	0.00000	4828.39600
5.54367	0.00000	4828.39600
5.54751	0.00000	4822.58600
5.55134	0.00000	4822.58600
5.55512	0.00000	4822.58600
5.55897	0.00000	4822.58600
5.56281	0.00000	4822.58600
5.56665	0.00000	4822.58600
5.57048	0.00000	4811.42200
5.57433	0.00000	4811.42200
5.57817	0.00000	4811.42200
5.58201	0.00000	4811.42200
5.58584	0.00000	4811.42200
5.58968	0.00000	4811.42200
5.59352	0.00000	4817.18300
5.59737	0.00000	4817.18300
5.60120	0.00000	4817.18300
5.60504	0.00000	4817.18300
5.60888	0.00000	4817.18300
5.61273	0.00000	4817.18300
5.61657	0.00000	4814.11600
5.62041	0.00000	4814.11600
5.62425	0.00000	4814.11600
5.62809	0.00000	4814.11600
5.63193	0.00000	4814.11600
5.63577	0.00000	4814.11600
5.63960	0.00000	4814.48100
5.64344	0.00000	4814.48100
5.64727	0.00000	4814.48100
5.65112	0.00000	4814.48100
5.65496	0.00000	4814.48100
5.65882	0.00000	4814.48100
5.66265	0.00000	4822.97700
5.66649	0.00000	4822.97700
5.67032	0.00000	4822.97700
5.67416	0.00000	4822.97700
5.67799	0.00000	4822.97700
5.68183	0.00000	4815.21700
5.68567	0.00000	4815.21700
5.68951	0.00000	4815.21700
5.69335	0.00000	4815.21700
5.69720	0.00000	4815.21700
5.70104	0.00000	4815.21700
5.70488	0.00000	4833.81500
5.70872	0.00000	4833.81500
5.71257	0.00000	4833.81500
5.71641	0.00000	4833.81500
5.72026	0.00000	4833.81500
5.72409	0.00000	4833.81500
5.72794	0.00000	4819.88500
5.73178	0.00000	4819.88500
5.73562	0.00000	4819.88500
5.73946	0.00000	4819.88500
5.74330	0.00000	4819.88500
5.74712	0.00000	4819.88500
5.75095	0.00000	4822.58600
5.75480	0.00000	4822.58600
5.75864	0.00000	4822.58600
5.76247	0.00000	4822.58600
5.76631	0.00000	4822.58600
5.77015	0.00000	4822.58600
5.77400	0.00000	4822.58600
5.77784	0.00000	4822.58600
5.78169	0.00000	4822.58600
5.78553	0.00000	4822.58600
5.78938	0.00000	4822.58600
5.79322	0.00000	4822.58600
5.79706	0.00000	4822.97700
5.80090	0.00000	4822.97700
5.80474	0.00000	4822.97700
5.80857	0.00000	4822.97700
5.81241	0.00000	4822.97700
5.81624	0.00000	4822.97700
5.82008	0.00000	4828.39600
5.82392	0.00000	4828.39600
5.82776	0.00000	4828.39600
5.83161	0.00000	4828.39600
5.83546	0.00000	4828.39600
5.83930	0.00000	4828.39600
5.84312	0.00000	4819.88500
5.84696	0.00000	4819.88500
5.85081	0.00000	4819.88500
5.85465	0.00000	4819.88500
5.85849	0.00000	4819.88500
5.86233	0.00000	4809.78200
5.86616	0.00000	4809.78200
5.87000	0.00000	4809.78200
5.87384	0.00000	4809.78200
5.87767	0.00000	4809.78200
5.88150	0.00000	4809.78200
5.88534	0.00000	4817.93500
5.88918	0.00000	4817.93500
5.89302	0.00000	4817.93500
5.89686	0.00000	4817.93500
5.90070	0.00000	4817.93500
5.90455	0.00000	4817.93500
5.90839	0.00000	4827.99000
5.91223	0.00000	4827.99000
5.91607	0.00000	4827.99000
5.91991	0.00000	4827.99000
5.92375	0.00000	4827.99000
5.92758	0.00000	4827.99000
5.93142	0.00000	4803.67400
5.93526	0.00000	4803.67400
5.93909	0.00000	4803.67400
5.94294	0.00000	4803.67400
5.94678	0.00000	4803.67400
5.95062	0.00000	4803.67400
5.95445	0.00000	4817.18300
5.95829	0.00000	4817.18300
5.96214	0.00000	4817.18300
5.96598	0.00000	4817.18300
5.96982	0.00000	4817.18300
5.97366	0.00000	4817.18300
5.97750	0.00000	4827.99000
5.98134	0.00000	4827.99000
5.98518	0.00000	4827.99000
5.98902	0.00000	4827.99000
5.99286	0.00000	4827.99000
5.99670	0.00000	4827.99000
6.00054	0.00000	4828.39600
6.00437	0.00000	4828.39600
6.00820	0.00000	4828.39600
6.01204	0.00000	4828.39600
6.01587	0.00000	4828.39600
6.01971	0.00000	4828.39600
6.02355	0.00000	4828.39600
6.02741	0.00000	4828.39600
6.03125	0.00000	4828.39600
6.03509	0.00000	4828.39600
6.03894	0.00000	4828.39600
6.04278	0.00000	4828.39600
6.04662	0.00000	4812.13800
6.05046	0.00000	4812.13800
6.05431	0.00000	4812.13800
6.05815	0.00000	4812.13800
6.06198	0.00000	4812.13800
6.06583	0.00000	4829.21500
6.06969	0.00000	4829.21500
6.07357	0.00000	4829.21500
6.07741	0.00000	4829.21500
6.08125	0.00000	4829.21500
6.08509	0.00000	4829.21500
6.08893	0.00000	4822.97700
6.09279	0.00000	4822.97700
6.09663	0.00000	4822.97700
6.10047	0.00000	4822.97700
6.10430	0.00000	4822.97700
6.10814	0.00000	4822.97700
6.11198	0.00000	4836.09500
6.11582	0.00000	4836.09500
6.11966	0.00000	4836.09500
6.12350	0.00000	4836.09500
6.12734	0.00000	4836.09500
6.13118	0.00000	4836.09500
6.13504	0.00000	4822.97700
6.13888	0.00000	4822.97700
6.14270	0.00000	4822.97700
6.14654	0.00000	4822.97700
6.15038	0.00000	4822.97700
6.15424	0.00000	4822.97700
6.15809	0.00000	4819.88500
6.16193	0.00000	4819.88500
6.16578	0.00000	4819.88500
6.16964	0.00000	4819.88500
6.17350	0.00000	4819.88500
6.17735	0.00000	4819.88500
6.18119	0.00000	4839.23400
6.18503	0.00000	4839.23400
6.18887	0.00000	4839.23400
6.19271	0.00000	4839.23400
6.19655	0.00000	4839.23400
6.20039	0.00000	4839.23400
6.20423	0.00000	4822.97700
6.20807	0.00000	4822.97700
6.21191	0.00000	4822.97700
6.21576	0.00000	4822.97700
6.21959	0.00000	4822.97700
6.22343	0.00000	4822.97700
6.22727	0.00000	4822.58600
6.23112	0.00000	4822.58600
6.23496	0.00000	4822.58600
6.23880	0.00000	4822.58600
6.24264	0.00000	4822.58600
6.24648	0.00000	4834.23900
6.25030	0.00000	4834.23900
6.25415	0.00000	4834.23900
6.25800	0.00000	4834.23900
6.26184	0.00000	4834.23900
6.26568	0.00000	4834.23900
6.26952	0.00000	4814.84800
6.27337	0.00000	4814.84800
6.27721	0.00000	4814.84800
6.28105	0.00000	4814.84800
6.28489	0.00000	4814.84800
6.28873	0.00000	4814.84800
6.29256	0.00000	4814.48100
6.29641	0.00000	4814.48100
6.30024	0.00000	4814.48100
6.30408	0.00000	4814.48100
6.30792	0.00000	4814.48100
6.31176	0.00000	4814.48100
6.31559	0.00000	4831.10500
6.31944	0.00000	4831.10500
6.32327	0.00000	4831.10500
6.32712	0.00000	4831.10500
6.33096	0.00000	4831.10500
6.33480	0.00000	4831.10500
6.33864	0.00000	4822.97700
6.34248	0.00000	4822.97700
6.34632	0.00000	4822.97700
6.35016	0.00000	4822.97700
6.35400	0.00000	4822.97700
6.35784	0.00000	4822.97700
6.36168	0.00000	4817.18300
6.36552	0.00000	4817.18300
6.36936	0.00000	4817.18300
6.37320	0.00000	4817.18300
6.37704	0.00000	4817.18300
6.38088	0.00000	4817.18300
6.38472	0.00000	4819.88500
6.38857	0.00000	4819.88500
6.39241	0.00000	4819.88500
6.39624	0.00000	4819.88500
6.40009	0.00000	4819.88500
6.40393	0.00000	4819.88500
6.40777	0.00000	4822.58600
6.41161	0.00000	4822.58600
6.41545	0.00000	4822.58600
6.41929	0.00000	4822.58600
6.42312	0.00000	4822.58600
6.42697	0.00000	4822.58600
6.43079	0.00000	4817.55700
6.43463	0.00000	4817.55700
6.43846	0.00000	4817.55700
6.44233	0.00000	4817.55700
6.44617	0.00000	4817.55700
6.45001	0.00000	4823.36900
6.45385	0.00000	4823.36900
6.45769	0.00000	4823.36900
6.46153	0.00000	4823.36900
6.46537	0.00000	4823.36900
6.46921	0.00000	4823.36900
6.47305	0.00000	4822.97700
6.47690	0.00000	4822.97700
6.48074	0.00000	4822.97700
6.48458	0.00000	4822.97700
6.48841	0.00000	4822.97700
6.49224	0.00000	4822.97700
6.49608	0.00000	4825.68600
6.49991	0.00000	4825.68600
6.50374	0.00000	4825.68600
6.50758	0.00000	4825.68600
6.51142	0.00000	4825.68600
6.51526	0.00000	4825.68600
6.51910	0.00000	4828.39600
6.52294	0.00000	4828.39600
6.52678	0.00000	4828.39600
6.53062	0.00000	4828.39600
6.53446	0.00000	4828.39600
6.53831	0.00000	4828.39600
6.54216	0.00000	4811.78000
6.54600	0.00000	4811.78000
6.54984	0.00000	4811.78000
6.55368	0.00000	4811.78000
6.55752	0.00000	4811.78000
6.56136	0.00000	4811.78000
6.56519	0.00000	4806.37600
6.56903	0.00000	4806.37600
6.57286	0.00000	4806.37600
6.57670	0.00000	4806.37600
6.58054	0.00000	4806.37600
6.58438	0.00000	4806.37600
6.58821	0.00000	4819.88500
6.59205	0.00000	4819.88500
6.59590	0.00000	4819.88500
6.59974	0.00000	4819.88500
6.60358	0.00000	4819.88500
6.60742	0.00000	4819.88500
6.61127	0.00000	4822.97700
6.61510	0.00000	4822.97700
6.61894	0.00000	4822.97700
6.62278	0.00000	4822.97700
6.62661	0.00000	4822.97700
6.63044	0.00000	4822.97700
6.63427	0.00000	4815.21700
6.63811	0.00000	4815.21700
6.64195	0.00000	4815.21700
6.64579	0.00000	4815.21700
6.64962	0.00000	4815.21700
6.65346	0.00000	4826.48900
6.65732	0.00000	4826.48900
6.66116	0.00000	4826.48900
6.66499	0.00000	4826.48900
6.66883	0.00000	4826.48900
6.67267	0.00000	4826.48900
6.67651	0.00000	4820.26700
6.68035	0.00000	4820.26700
6.68419	0.00000	4820.26700
6.68802	0.00000	4820.26700
6.69185	0.00000	4820.26700
6.69568	0.00000	4820.26700
6.69952	0.00000	4825.28800
6.70337	0.00000	4825.28800
6.70721	0.00000	4825.28800
6.71104	0.00000	4825.28800
6.71488	0.00000	4825.28800
6.71871	0.00000	4825.28800
6.72255	0.00000	4814.11600
6.72641	0.00000	4814.11600
6.73024	0.00000	4814.11600
6.73409	0.00000	4814.11600
6.73793	0.00000	4814.11600
6.74177	0.00000	4814.11600
6.74560	0.00000	4814.48100
6.74945	0.00000	4814.48100
6.75330	0.00000	4814.48100
6.75713	0.00000	4814.48100
6.76096	0.00000	4814.48100
6.76479	0.00000	4814.48100
6.76863	0.00000	4828.39600
6.77247	0.00000	4828.39600
6.77631	0.00000	4828.39600
6.78015	0.00000	4828.39600
6.78399	0.00000	4828.39600
6.78783	0.00000	4828.39600
6.79167	0.00000	4833.39300
6.79551	0.00000	4833.39300
6.79936	0.00000	4833.39300
6.80321	0.00000	4833.39300
6.80704	0.00000	4833.39300
6.81090	0.00000	4833.39300
6.81473	0.00000	4814.84800
6.81856	0.00000	4814.84800
6.82240	0.00000	4814.84800
6.82623	0.00000	4814.84800
6.83007	0.00000	4814.84800
6.83391	0.00000	4829.21500
6.83773	0.00000	4829.21500
6.84157	0.00000	4829.21500
6.84541	0.00000	4829.21500
6.84925	0.00000	4829.21500
6.85309	0.00000	4829.21500
6.85693	0.00000	4828.80400
6.86077	0.00000	4828.80400
6.86461	0.00000	4828.80400
6.86845	0.00000	4828.80400
6.87230	0.00000	4828.80400
6.87614	0.00000	4828.80400
6.87998	0.00000	4827.99000
6.88384	0.00000	4827.99000
6.88768	0.00000	4827.99000
6.89152	0.00000	4827.99000
6.89537	0.00000	4827.99000
6.89920	0.00000	4827.99000
6.90304	0.00000	4817.55700
6.90688	0.00000	4817.55700
6.91072	0.00000	4817.55700
6.91457	0.00000	4817.55700
6.91840	0.00000	4817.55700
6.92225	0.00000	4817.55700
6.92610	0.00000	4819.88500
6.92994	0.00000	4819.88500
6.93378	0.00000	4819.88500
6.93762	0.00000	4819.88500
6.94146	0.00000	4819.88500
6.94530	0.00000	4819.88500
6.94914	0.00000	4836.52400
6.95298	0.00000	4836.52400
6.95682	0.00000	4836.52400
6.96065	0.00000	4836.52400
6.96449	0.00000	4836.52400
6.96833	0.00000	4836.52400
6.97218	0.00000	4822.58600
6.97602	0.00000	4822.58600
6.97987	0.00000	4822.58600
6.98370	0.00000	4822.58600
6.98755	0.00000	4822.58600
6.99139	0.00000	4822.58600
6.99523	0.00000	4811.42200
6.99907	0.00000	4811.42200
7.00291	0.00000	4811.42200
7.00675	0.00000	4811.42200
7.01059	0.00000	4811.42200
7.01443	0.00000	4811.42200
7.01826	0.00000	4828.39600
7.02209	0.00000	4828.39600
7.02595	0.00000	4828.39600
7.02979	0.00000	4828.39600
7.03363	0.00000	4828.39600
7.03746	0.00000	4826.48900
7.04129	0.00000	4826.48900
7.04512	0.00000	4826.48900
7.04897	0.00000	4826.48900
7.05280	0.00000	4826.48900
7.05664	0.00000	4826.48900
7.06049	0.00000	4822.97700
7.06435	0.00000	4822.97700
7.06819	0.00000	4822.97700
7.07204	0.00000	4822.97700
7.07591	0.00000	4822.97700
7.07976	0.00000	4822.97700
7.08360	0.00000	4828.39600
7.08744	0.00000	4828.39600
7.09128	0.00000	4828.39600
7.09512	0.00000	4828.39600
7.09895	0.00000	4828.39600
7.10279	0.00000	4828.39600
7.10663	0.00000	4825.68600
7.11046	0.00000	4825.68600
7.11430	0.00000	4825.68600
7.11814	0.00000	4825.68600
7.12197	0.00000	4825.68600
7.12581	0.00000	4825.68600
7.12964	0.00000	4817.18300
7.13349	0.00000	4817.18300
7.13733	0.00000	4817.18300
7.14116	0.00000	4817.18300
7.14501	0.00000	4817.18300
7.14884	0.00000	4817.18300
7.15268	0.00000	4817.18300
7.15652	0.00000	4817.18300
7.16036	0.00000	4817.18300
7.16420	0.00000	4817.18300
7.16803	0.00000	4817.18300
7.17187	0.00000	4817.18300
7.17572	0.00000	4825.28800
7.17956	0.00000	4825.28800
7.18340	0.00000	4825.28800
7.18724	0.00000	4825.28800
7.19108	0.00000	4825.28800
7.19493	0.00000	4825.28800
7.19877	0.00000	4819.50400
7.20261	0.00000	4819.50400
7.20644	0.00000	4819.50400
7.21029	0.00000	4819.50400
7.21412	0.00000	4819.50400
7.21796	0.00000	4819.50400
7.22179	0.00000	4820.65200
7.22562	0.00000	4820.65200
7.22946	0.00000	4820.65200
7.23331	0.00000	4820.65200
7.23715	0.00000	4820.65200
7.24099	0.00000	4823.36900
7.24482	0.00000	4823.36900
7.24866	0.00000	4823.36900
7.25250	0.00000	4823.36900
7.25634	0.00000	4823.36900
7.26017	0.00000	4823.36900
7.26401	0.00000	4822.97700
7.26785	0.00000	4822.97700
7.27169	0.00000	4822.97700
7.27553	0.00000	4822.97700
7.27937	0.00000	4822.97700
7.28320	0.00000	4822.97700
7.28704	0.00000	4817.18300
7.29088	0.00000	4817.18300
7.29472	0.00000	4817.18300
7.29856	0.00000	4817.18300
7.30240	0.00000	4817.18300
7.30623	0.00000	4817.18300
7.31006	0.00000	4822.58600
7.31391	0.00000	4822.58600
7.31775	0.00000	4822.58600
7.32159	0.00000	4822.58600
7.32543	0.00000	4822.58600
7.32928	0.00000	4822.58600
7.33311	0.00000	4822.58600
7.33694	0.00000	4822.58600
7.34078	0.00000	4822.58600
7.34462	0.00000	4822.58600
7.34846	0.00000	4822.58600
7.35230	0.00000	4822.58600
7.35613	0.00000	4828.39600
7.35997	0.00000	4828.39600
7.36381	0.00000	4828.39600
7.36765	0.00000	4828.39600
7.37149	0.00000	4828.39600
7.37532	0.00000	4828.39600
7.37912	0.00000	4827.99000
7.38296	0.00000	4827.99000
7.38680	0.00000	4827.99000
7.39064	0.00000	4827.99000
7.39448	0.00000	4827.99000
7.39832	0.00000	4827.99000
7.40215	0.00000	4841.49800
7.40599	0.00000	4841.49800
7.40983	0.00000	4841.49800
7.41367	0.00000	4841.49800
7.41751	0.00000	4841.49800
7.42136	0.00000	4841.49800
7.42519	0.00000	4825.28800
7.42903	0.00000	4825.28800
7.43287	0.00000	4825.28800
7.43671	0.00000	4825.28800
7.44054	0.00000	4825.28800
7.44438	0.00000	4823.36900
7.44822	0.00000	4823.36900
7.45207	0.00000	4823.36900
7.45590	0.00000	4823.36900
7.45974	0.00000	4823.36900
7.46358	0.00000	4823.36900
7.46743	0.00000	4833.81500
7.47127	0.00000	4833.81500
7.47511	0.00000	4833.81500
7.47895	0.00000	4833.81500
7.48279	0.00000	4833.81500
7.48663	0.00000	4833.81500
7.49047	0.00000	4822.58600
7.49430	0.00000	4822.58600
7.49814	0.00000	4822.58600
7.50198	0.00000	4822.58600
7.50581	0.00000	4822.58600
7.50964	0.00000	4822.58600
7.51347	0.00000	4819.88500
7.51731	0.00000	4819.88500
7.52115	0.00000	4819.88500
7.52499	0.00000	4819.88500
7.52882	0.00000	4819.88500
7.53266	0.00000	4819.88500
7.53650	0.00000	4830.69100
7.54033	0.00000	4830.69100
7.54417	0.00000	4830.69100
7.54801	0.00000	4830.69100
7.55185	0.00000	4830.69100
7.55569	0.00000	4830.69100
7.55953	0.00000	4822.58600
7.56337	0.00000	4822.58600
7.56720	0.00000	4822.58600
7.57106	0.00000	4822.58600
7.57489	0.00000	4822.58600
7.57873	0.00000	4822.58600
7.58256	0.00000	4817.18300
7.58641	0.00000	4817.18300
7.59025	0.00000	4817.18300
7.59409	0.00000	4817.18300
7.59793	0.00000	4817.18300
7.60177	0.00000	4817.18300
7.60561	0.00000	4816.81000
7.60945	0.00000	4816.81000
7.61329	0.00000	4816.81000
7.61714	0.00000	4816.81000
7.62098	0.00000	4816.81000
7.62481	0.00000	4816.81000
7.62864	0.00000	4831.10500
7.63248	0.00000	4831.10500
7.63631	0.00000	4831.10500
7.64015	0.00000	4831.10500
7.64399	0.00000	4831.10500
7.64783	0.00000	4834.66500
7.65166	0.00000	4834.66500
7.65550	0.00000	4834.66500
7.65934	0.00000	4834.66500
7.66317	0.00000	4834.66500
7.66702	0.00000	4834.66500
7.67085	0.00000	4839.23400
7.67471	0.00000	4839.23400
7.67854	0.00000	4839.23400
7.68238	0.00000	4839.23400
7.68623	0.00000	4839.23400
7.69012	0.00000	4839.23400
7.69397	0.00000	4830.69100
7.69781	0.00000	4830.69100
7.70166	0.00000	4830.69100
7.70551	0.00000	4830.69100
7.70936	0.00000	4830.69100
7.71320	0.00000	4830.69100
7.71704	0.00000	4841.49800
7.72088	0.00000	4841.49800
7.72471	0.00000	4841.49800
7.72855	0.00000	4841.49800
7.73239	0.00000	4841.49800
7.73622	0.00000	4841.49800
7.74006	0.00000	4828.39600
7.74389	0.00000	4828.39600
7.74773	0.00000	4828.39600
7.75157	0.00000	4828.39600
7.75540	0.00000	4828.39600
7.75924	0.00000	4828.39600
7.76308	0.00000	4824.89200
7.76693	0.00000	4824.89200
7.77076	0.00000	4824.89200
7.77460	0.00000	4824.89200
7.77844	0.00000	4824.89200
7.78227	0.00000	4824.89200
7.78611	0.00000	4822.58600
7.78994	0.00000	4822.58600
7.79378	0.00000	4822.58600
7.79762	0.00000	4822.58600
7.80145	0.00000	4822.58600
7.80529	0.00000	4822.58600
7.80912	0.00000	4825.28800
7.81296	0.00000	4825.28800
7.81679	0.00000	4825.28800
7.82063	0.00000	4825.28800
7.82447	0.00000	4825.28800
7.82830	0.00000	4825.28800
7.83214	0.00000	4816.81000
7.83599	0.00000	4816.81000
7.83983	0.00000	4816.81000
7.84368	0.00000	4816.81000
7.84751	0.00000	4816.81000
7.85136	0.00000	4817.55700
7.85519	0.00000	4817.55700
7.85903	0.00000	4817.55700
7.86286	0.00000	4817.55700
7.86671	0.00000	4817.55700
7.87055	0.00000	4817.55700
7.87439	0.00000	4826.08700
7.87825	0.00000	4826.08700
7.88209	0.00000	4826.08700
7.88592	0.00000	4826.08700
7.88975	0.00000	4826.08700
7.89359	0.00000	4826.08700
7.89743	0.00000	4830.69100
7.90127	0.00000	4830.69100
7.90512	0.00000	4830.69100
7.90895	0.00000	4830.69100
7.91279	0.00000	4830.69100
7.91663	0.00000	4830.69100
7.92048	0.00000	4836.09500
7.92432	0.00000	4836.09500
7.92816	0.00000	4836.09500
7.93199	0.00000	4836.09500
7.93584	0.00000	4836.09500
7.93967	0.00000	4836.09500
7.94352	0.00000	4822.58600
7.94735	0.00000	4822.58600
7.95120	0.00000	4822.58600
7.95504	0.00000	4822.58600
7.95888	0.00000	4822.58600
7.96271	0.00000	4822.58600
7.96656	0.00000	4819.88500
7.97040	0.00000	4819.88500
7.97424	0.00000	4819.88500
7.97807	0.00000	4819.88500
7.98193	0.00000	4819.88500
7.98576	0.00000	4819.88500
7.98960	0.00000	4822.58600
7.99344	0.00000	4822.58600
7.99728	0.00000	4822.58600
8.00112	0.00000	4822.58600
8.00496	0.00000	4822.58600
8.00880	0.00000	4822.58600
8.01265	0.00000	4830.69100
8.01649	0.00000	4830.69100
8.02032	0.00000	4830.69100
8.02416	0.00000	4830.69100
8.02800	0.00000	4830.69100
8.03184	0.00000	4830.69100
8.03567	0.00000	4819.88500
8.03951	0.00000	4819.88500
8.04335	0.00000	4819.88500
8.04718	0.00000	4819.88500
8.05102	0.00000	4819.88500
8.05486	0.00000	4819.88500
8.05869	0.00000	4833.81500
8.06253	0.00000	4833.81500
8.06637	0.00000	4833.81500
8.07021	0.00000	4833.81500
8.07409	0.00000	4833.81500
8.07794	0.00000	4817.93500
8.08181	0.00000	4817.93500
8.08565	0.00000	4817.93500
8.08949	0.00000	4817.93500
8.09333	0.00000	4817.93500
8.09716	0.00000	4817.93500
8.10100	0.00000	4819.88500
8.10484	0.00000	4819.88500
8.10869	0.00000	4819.88500
8.11252	0.00000	4819.88500
8.11636	0.00000	4819.88500
8.12020	0.00000	4819.88500
8.12403	0.00000	4833.39300
8.12787	0.00000	4833.39300
8.13171	0.00000	4833.39300
8.13555	0.00000	4833.39300
8.13939	0.00000	4833.39300
8.14329	0.00000	4833.39300
8.14712	0.00000	4833.39300
8.15098	0.00000	4833.39300
8.15482	0.00000	4833.39300
8.15868	0.00000	4833.39300
8.16253	0.00000	4833.39300
8.16636	0.00000	4833.39300
8.17021	0.00000	4819.88500
8.17405	0.00000	4819.88500
8.17788	0.00000	4819.88500
8.18172	0.00000	4819.88500
8.18553	0.00000	4819.88500
8.18938	0.00000	4819.88500
8.19322	0.00000	4827.99000
8.19706	0.00000	4827.99000
8.20090	0.00000	4827.99000
8.20474	0.00000	4827.99000
8.20857	0.00000	4827.99000
8.21241	0.00000	4827.99000
8.21624	0.00000	4833.39300
8.22008	0.00000	4833.39300
8.22391	0.00000	4833.39300
8.22775	0.00000	4833.39300
8.23158	0.00000	4833.39300
8.23543	0.00000	4833.39300
8.23927	0.00000	4828.39600
8.24310	0.00000	4828.39600
8.24695	0.00000	4828.39600
8.25078	0.00000	4828.39600
8.25462	0.00000	4828.39600
8.25846	0.00000	4826.08700
8.26228	0.00000	4826.08700
8.26612	0.00000	4826.08700
8.26995	0.00000	4826.08700
8.27378	0.00000	4826.08700
8.27762	0.00000	4826.08700
8.28146	0.00000	4831.52100
8.28532	0.00000	4831.52100
8.28915	0.00000	4831.52100
8.29299	0.00000	4831.52100
8.29682	0.00000	4831.52100
8.30066	0.00000	4831.52100
8.30450	0.00000	4836.52400
8.30835	0.00000	4836.52400
8.31219	0.00000	4836.52400
8.31603	0.00000	4836.52400
8.31986	0.00000	4836.52400
8.32369	0.00000	4836.52400
8.32754	0.00000	4830.69100
8.33138	0.00000	4830.69100
8.33521	0.00000	4830.69100
8.33905	0.00000	4830.69100
8.34289	0.00000	4830.69100
8.34672	0.00000	4830.69100
8.35056	0.00000	4833.39300
8.35440	0.00000	4833.39300
8.35823	0.00000	4833.39300
8.36207	0.00000	4833.39300
8.36590	0.00000	4833.39300
8.36975	0.00000	4833.39300
8.37359	0.00000	4836.09500
8.37743	0.00000	4836.09500
8.38126	0.00000	4836.09500
8.38510	0.00000	4836.09500
8.38895	0.00000	4836.09500
8.39278	0.00000	4836.09500
8.39662	0.00000	4822.58600
8.40047	0.00000	4822.58600
8.40430	0.00000	4822.58600
8.40813	0.00000	4822.58600
8.41197	0.00000	4822.58600
8.41581	0.00000	4822.58600
8.41964	0.00000	4822.58600
8.42348	0.00000	4822.58600
8.42732	0.00000	4822.58600
8.43112	0.00000	4822.58600
8.43496	0.00000	4822.58600
8.43880	0.00000	4822.58600
8.44263	0.00000	4817.18300
8.44647	0.00000	4817.18300
8.45030	0.00000	4817.18300
8.45414	0.00000	4817.18300
8.45798	0.00000	4817.18300
8.46182	0.00000	4817.18300
8.46565	0.00000	4817.55700
8.46949	0.00000	4817.55700
8.47332	0.00000	4817.55700
8.47716	0.00000	4817.55700
8.48099	0.00000	4817.55700
8.48482	0.00000	4822.97700
8.48866	0.00000	4822.97700
8.49250	0.00000	4822.97700
8.49633	0.00000	4822.97700
8.50017	0.00000	4822.97700
8.50400	0.00000	4822.97700
8.50784	0.00000	4825.68600
8.51169	0.00000	4825.68600
8.51553	0.00000	4825.68600
8.51936	0.00000	4825.68600
8.52319	0.00000	4825.68600
8.52703	0.00000	4825.68600
8.53086	0.00000	4830.69100
8.53471	0.00000	4830.69100
8.53854	0.00000	4830.69100
8.54238	0.00000	4830.69100
8.54621	0.00000	4830.69100
8.55004	0.00000	4830.69100
8.55388	0.00000	4833.39300
8.55771	0.00000	4833.39300
8.56155	0.00000	4833.39300
8.56538	0.00000	4833.39300
8.56922	0.00000	4833.39300
8.57307	0.00000	4833.39300
8.57691	0.00000	4827.58600
8.58074	0.00000	4827.58600
8.58459	0.00000	4827.58600
8.58842	0.00000	4827.58600
8.59226	0.00000	4827.58600
8.59609	0.00000	4827.58600
8.59995	0.00000	4830.69100
8.60378	0.00000	4830.69100
8.60762	0.00000	4830.69100
8.61145	0.00000	4830.69100
8.61529	0.00000	4830.69100
8.61912	0.00000	4830.69100
8.62296	0.00000	4841.49800
8.62680	0.00000	4841.49800
8.63063	0.00000	4841.49800
8.63446	0.00000	4841.49800
8.63830	0.00000	4841.49800
8.64213	0.00000	4841.49800
8.64597	0.00000	4832.97400
8.64982	0.00000	4832.97400
8.65367	0.00000	4832.97400
8.65751	0.00000	4832.97400
8.66134	0.00000	4832.97400
8.66518	0.00000	4832.97400
8.66901	0.00000	4830.28000
8.67286	0.00000	4830.28000
8.67669	0.00000	4830.28000
8.68053	0.00000	4830.28000
8.68437	0.00000	4830.28000
8.68822	0.00000	4830.28000
8.69205	0.00000	4833.39300
8.69589	0.00000	4833.39300
8.69972	0.00000	4833.39300
8.70355	0.00000	4833.39300
8.70738	0.00000	4833.39300
8.71121	0.00000	4850.54300
8.71504	0.00000	4850.54300
8.71888	0.00000	4850.54300
8.72271	0.00000	4850.54300
8.72654	0.00000	4850.54300
8.73038	0.00000	4850.54300
8.73424	0.00000	4831.10500
8.73808	0.00000	4831.10500
8.74192	0.00000	4831.10500
8.74577	0.00000	4831.10500
8.74960	0.00000	4831.10500
8.75344	0.00000	4831.10500
8.75728	0.00000	4836.09500
8.76113	0.00000	4836.09500
8.76496	0.00000	4836.09500
8.76880	0.00000	4836.09500
8.77263	0.00000	4836.09500
8.77647	0.00000	4836.09500
8.78033	0.00000	4830.69100
8.78417	0.00000	4830.69100
8.78801	0.00000	4830.69100
8.79186	0.00000	4830.69100
8.79570	0.00000	4830.69100
8.79954	0.00000	4830.69100
8.80338	0.00000	4846.90200
8.80722	0.00000	4846.90200
8.81105	0.00000	4846.90200
8.81488	0.00000	4846.90200
8.81873	0.00000	4846.90200
8.82257	0.00000	4846.90200
8.82641	0.00000	4838.79700
8.83026	0.00000	4838.79700
8.83410	0.00000	4838.79700
8.83793	0.00000	4838.79700
8.84177	0.00000	4838.79700
8.84561	0.00000	4838.79700
8.84944	0.00000	4830.28000
8.85329	0.00000	4830.28000
8.85713	0.00000	4830.28000
8.86096	0.00000	4830.28000
8.86479	0.00000	4830.28000
8.86862	0.00000	4830.28000
8.87245	0.00000	4819.50400
8.87629	0.00000	4819.50400
8.88013	0.00000	4819.50400
8.88396	0.00000	4819.50400
8.88779	0.00000	4819.50400
8.89163	0.00000	4819.50400
8.89547	0.00000	4846.90200
8.89931	0.00000	4846.90200
8.90312	0.00000	4846.90200
8.90696	0.00000	4846.90200
8.91080	0.00000	4846.90200
8.91464	0.00000	4846.90200
8.91847	0.00000	4836.09500
8.92231	0.00000	4836.09500
8.92614	0.00000	4836.09500
8.93000	0.00000	4836.09500
8.93384	0.00000	4836.09500
8.93767	0.00000	4828.80400
8.94150	0.00000	4828.80400
8.94533	0.00000	4828.80400
8.94916	0.00000	4828.80400
8.95300	0.00000	4828.80400
8.95684	0.00000	4828.80400
8.96067	0.00000	4822.58600
8.96452	0.00000	4822.58600
8.96836	0.00000	4822.58600
8.97220	0.00000	4822.58600
8.97604	0.00000	4822.58600
8.97988	0.00000	4822.58600
8.98372	0.00000	4841.05600
8.98756	0.00000	4841.05600
8.99140	0.00000	4841.05600
8.99524	0.00000	4841.05600
8.99908	0.00000	4841.05600
9.00292	0.00000	4841.05600
9.00676	0.00000	4835.66800
9.01061	0.00000	4835.66800
9.01444	0.00000	4835.66800
9.01829	0.00000	4835.66800
9.02212	0.00000	4835.66800
9.02595	0.00000	4835.66800
9.02979	0.00000	4819.50400
9.03363	0.00000	4819.50400
9.03748	0.00000	4819.50400
9.04133	0.00000	4819.50400
9.04517	0.00000	4819.50400
9.04900	0.00000	4819.50400
9.05284	0.00000	4844.20000
9.05668	0.00000	4844.20000
9.06052	0.00000	4844.20000
9.06436	0.00000	4844.20000
9.06820	0.00000	4844.20000
9.07205	0.00000	4844.20000
9.07593	0.00000	4835.66800
9.07978	0.00000	4835.66800
9.08362	0.00000	4835.66800
9.08746	0.00000	4835.66800
9.09130	0.00000	4835.66800
9.09512	0.00000	4835.66800
9.09897	0.00000	4843.75000
9.10281	0.00000	4843.75000
9.10665	0.00000	4843.75000
9.11050	0.00000	4843.75000
9.11433	0.00000	4843.75000
9.11819	0.00000	4843.75000
9.12204	0.00000	4835.66800
9.12589	0.00000	4835.66800
9.12973	0.00000	4835.66800
9.13357	0.00000	4835.66800
9.13741	0.00000	4835.66800
9.14125	0.00000	4835.66800
9.14508	0.00000	4830.28000
9.14891	0.00000	4830.28000
9.15275	0.00000	4830.28000
9.15659	0.00000	4830.28000
9.16042	0.00000	4830.28000
9.16426	0.00000	4830.28000
9.16809	0.00000	4825.28800
9.17194	0.00000	4825.28800
9.17577	0.00000	4825.28800
9.17961	0.00000	4825.28800
9.18346	0.00000	4825.28800
9.18730	0.00000	4844.65300
9.19112	0.00000	4844.65300
9.19497	0.00000	4844.65300
9.19881	0.00000	4844.65300
9.20265	0.00000	4844.65300
9.20650	0.00000	4844.65300
9.21034	0.00000	4841.05600
9.21420	0.00000	4841.05600
9.21804	0.00000	4841.05600
9.22187	0.00000	4841.05600
9.22571	0.00000	4841.05600
9.22955	0.00000	4841.05600
9.23338	0.00000	4838.79700
9.23722	0.00000	4838.79700
9.24106	0.00000	4838.79700
9.24489	0.00000	4838.79700
9.24872	0.00000	4838.79700
9.25256	0.00000	4838.79700
9.25639	0.00000	4835.66800
9.26023	0.00000	4835.66800
9.26407	0.00000	4835.66800
9.26790	0.00000	4835.66800
9.27174	0.00000	4835.66800
9.27558	0.00000	4835.66800
9.27942	0.00000	4841.05600
9.28326	0.00000	4841.05600
9.28710	0.00000	4841.05600
9.29094	0.00000	4841.05600
9.29478	0.00000	4841.05600
9.29862	0.00000	4841.05600
9.30246	0.00000	4841.05600
9.30630	0.00000	4841.05600
9.31013	0.00000	4841.05600
9.31397	0.00000	4841.05600
9.31780	0.00000	4841.05600
9.32163	0.00000	4841.05600
9.32548	0.00000	4827.58600
9.32931	0.00000	4827.58600
9.33314	0.00000	4827.58600
9.33698	0.00000	4827.58600
9.34082	0.00000	4827.58600
9.34465	0.00000	4827.58600
9.34850	0.00000	4830.28000
9.35234	0.00000	4830.28000
9.35618	0.00000	4830.28000
9.36002	0.00000	4830.28000
9.36386	0.00000	4830.28000
9.36770	0.00000	4830.28000
9.37154	0.00000	4849.13800
9.37538	0.00000	4849.13800
9.37923	0.00000	4849.13800
9.38307	0.00000	4849.13800
9.38690	0.00000	4849.13800
9.39074	0.00000	4849.13800
9.39458	0.00000	4833.39300
9.39841	0.00000	4833.39300
9.40225	0.00000	4833.39300
9.40609	0.00000	4833.39300
9.40993	0.00000	4833.39300
9.41376	0.00000	4845.10900
9.41758	0.00000	4845.10900
9.42141	0.00000	4845.10900
9.42525	0.00000	4845.10900
9.42908	0.00000	4845.10900
9.43291	0.00000	4845.10900
9.43675	0.00000	4839.23400
9.44058	0.00000	4839.23400
9.44442	0.00000	4839.23400
9.44825	0.00000	4839.23400
9.45209	0.00000	4839.23400
9.45593	0.00000	4839.23400
9.45977	0.00000	4838.79700
9.46363	0.00000	4838.79700
9.46747	0.00000	4838.79700
9.47131	0.00000	4838.79700
9.47512	0.00000	4838.79700
9.47896	0.00000	4838.79700
9.48280	0.00000	4841.49800
9.48664	0.00000	4841.49800
9.49048	0.00000	4841.49800
9.49431	0.00000	4841.49800
9.49816	0.00000	4841.49800
9.50199	0.00000	4841.49800
9.50582	0.00000	4838.36200
9.50966	0.00000	4838.36200
9.51350	0.00000	4838.36200
9.51733	0.00000	4838.36200
9.52116	0.00000	4838.36200
9.52500	0.00000	4838.36200
9.52884	0.00000	4841.05600
9.53268	0.00000	4841.05600
9.53652	0.00000	4841.05600
9.54036	0.00000	4841.05600
9.54419	0.00000	4841.05600
9.54803	0.00000	4841.05600
9.55187	0.00000	4838.36200
9.55571	0.00000	4838.36200
9.55954	0.00000	4838.36200
9.56338	0.00000	4838.36200
9.56722	0.00000	4838.36200
9.57107	0.00000	4838.36200
9.57492	0.00000	4835.66800
9.57875	0.00000	4835.66800
9.58259	0.00000	4835.66800
9.58642	0.00000	4835.66800
9.59026	0.00000	4835.66800
9.59410	0.00000	4835.66800
9.59794	0.00000	4849.13800
9.60176	0.00000	4849.13800
9.60559	0.00000	4849.13800
9.60943	0.00000	4849.13800
9.61326	0.00000	4849.13800
9.61710	0.00000	4849.13800
9.62095	0.00000	4846.44400
9.62479	0.00000	4846.44400
9.62863	0.00000	4846.44400
9.63247	0.00000	4846.44400
9.63631	0.00000	4846.44400
9.64015	0.00000	4846.44400
9.64399	0.00000	4843.30200
9.64783	0.00000	4843.30200
9.65167	0.00000	4843.30200
9.65550	0.00000	4843.30200
9.65935	0.00000	4843.30200
9.66320	0.00000	4843.30200
9.66703	0.00000	4841.49800
9.67086	0.00000	4841.49800
9.67471	0.00000	4841.49800
9.67855	0.00000	4841.49800
9.68239	0.00000	4841.49800
9.68622	0.00000	4850.54300
9.69006	0.00000	4850.54300
9.69390	0.00000	4850.54300
9.69773	0.00000	4850.54300
9.70157	0.00000	4850.54300
9.70541	0.00000	4850.54300
9.70925	0.00000	4846.90200
9.71308	0.00000	4846.90200
9.71692	0.00000	4846.90200
9.72076	0.00000	4846.90200
9.72459	0.00000	4846.90200
9.72843	0.00000	4846.90200
9.73227	0.00000	4854.52600
9.73610	0.00000	4854.52600
9.73994	0.00000	4854.52600
9.74378	0.00000	4854.52600
9.74761	0.00000	4854.52600
9.75145	0.00000	4854.52600
9.75530	0.00000	4835.66800
9.75912	0.00000	4835.66800
9.76296	0.00000	4835.66800
9.76680	0.00000	4835.66800
9.77064	0.00000	4835.66800
9.77447	0.00000	4835.66800
9.77831	0.00000	4824.49800
9.78215	0.00000	4824.49800
9.78598	0.00000	4824.49800
9.78981	0.00000	4824.49800
9.79364	0.00000	4824.49800
9.79748	0.00000	4824.49800
9.80132	0.00000	4832.55700
9.80515	0.00000	4832.55700
9.80898	0.00000	4832.55700
9.81283	0.00000	4832.55700
9.81666	0.00000	4832.55700
9.82050	0.00000	4832.55700
9.82434	0.00000	4843.30200
9.82818	0.00000	4843.30200
9.83201	0.00000	4843.30200
9.83586	0.00000	4843.30200
9.83970	0.00000	4843.30200
9.84354	0.00000	4843.30200
9.84737	0.00000	4843.75000
9.85121	0.00000	4843.75000
9.85505	0.00000	4843.75000
9.85889	0.00000	4843.75000
9.86273	0.00000	4843.75000
9.86657	0.00000	4843.75000
9.87040	0.00000	4838.36200
9.87424	0.00000	4838.36200
9.87809	0.00000	4838.36200
9.88193	0.00000	4838.36200
9.88576	0.00000	4838.36200
9.88961	0.00000	4838.36200
9.89345	0.00000	4832.55700
9.89728	0.00000	4832.55700
9.90111	0.00000	4832.55700
9.90494	0.00000	4832.55700
9.90877	0.00000	4832.55700
9.91262	0.00000	4832.55700
9.91646	0.00000	4841.05600
9.92029	0.00000	4841.05600
9.92413	0.00000	4841.05600
9.92797	0.00000	4841.05600
9.93181	0.00000	4841.05600
9.93565	0.00000	4841.05600
9.93948	0.00000	4841.49800
9.94331	0.00000	4841.49800
9.94712	0.00000	4841.49800
9.95096	0.00000	4841.49800
9.95480	0.00000	4841.49800
9.95863	0.00000	4836.52400
9.96248	0.00000	4836.52400
9.96632	0.00000	4836.52400
9.97015	0.00000	4836.52400
9.97398	0.00000	4836.52400
9.97783	0.00000	4836.52400
9.98167	0.00000	4836.09500
9.98552	0.00000	4836.09500
9.98936	0.00000	4836.09500
9.99321	0.00000	4836.09500
9.99703	0.00000	4836.09500
