Time (s)   Thrust (N)   RPM
0.00030	0.00000	5743.77800
0.00424	0.00000	5743.77800
0.00810	0.00000	5743.77800
0.01197	0.00000	5720.88000
0.01581	0.00000	5720.88000
0.01964	0.00000	5720.88000
0.02347	0.00000	5720.88000
0.02732	0.00000	5720.88000
0.03119	0.00000	5720.88000
0.03504	0.00000	5720.88000
0.03887	0.00000	5571.68200
0.04270	0.00000	5571.68200
0.04653	0.00000	5571.68200
0.05036	0.00000	5571.68200
0.05419	0.00000	5571.68200
0.05802	0.00000	5571.68200
0.06186	0.00000	5571.68200
0.06567	0.00000	5391.79100
0.06950	0.00000	5391.79100
0.07333	0.00000	5391.79100
0.07715	0.00000	5391.79100
0.08096	0.00000	5391.79100
0.08478	0.00000	5391.79100
0.08860	0.00000	5285.64400
0.09243	0.00000	5285.64400
0.09631	0.00000	5285.64400
0.10014	0.00000	5285.64400
0.10397	0.00000	5285.64400
0.10780	0.00000	5285.64400
0.11161	0.00000	5285.64400
0.11542	0.00000	5151.28900
0.11924	0.00000	5151.28900
0.12306	0.00000	5151.28900
0.12688	0.00000	5151.28900
0.13070	0.00000	5151.28900
0.13452	0.00000	5151.28900
0.13832	0.00000	5077.27600
0.14213	0.00000	5077.27600
0.14594	0.00000	5077.27600
0.14974	0.00000	5077.27600
0.15356	0.00000	5077.27600
0.15738	0.00000	5077.27600
0.16119	0.00000	4991.41500
0.16501	0.00000	4991.41500
0.16881	0.00000	4991.41500
0.17262	0.00000	4991.41500
0.17645	0.00000	4991.41500
0.18026	0.00000	4991.41500
0.18407	0.00000	4970.32100
0.18791	0.00000	4970.32100
0.19172	0.00000	4970.32100
0.19554	0.00000	4970.32100
0.19935	0.00000	4970.32100
0.20317	0.00000	4970.32100
0.20697	0.00000	4931.14400
0.21078	0.00000	4931.14400
0.21459	0.00000	4931.14400
0.21851	0.00000	4931.14400
0.22249	0.00000	4931.14400
0.22640	0.00000	4931.14400
0.23026	0.00000	4888.39300
0.23413	0.00000	4888.39300
0.23796	0.00000	4888.39300
0.24179	0.00000	4888.39300
0.24561	0.00000	4888.39300
0.24942	0.00000	4888.39300
0.25325	0.00000	4840.17800
0.25706	0.00000	4840.17800
0.26087	0.00000	4840.17800
0.26469	0.00000	4840.17800
0.26852	0.00000	4840.17800
0.27234	0.00000	4840.17800
0.27617	0.00000	4827.58600
0.27998	0.00000	4827.58600
0.28380	0.00000	4827.58600
0.28763	0.00000	4827.58600
0.29149	0.00000	4827.58600
0.29542	0.00000	4827.58600
0.29927	0.00000	4804.01000
0.30311	0.00000	4804.01000
0.30693	0.00000	4804.01000
0.31075	0.00000	4804.01000
0.31460	0.00000	4804.01000
0.31846	0.00000	4804.01000
0.32231	0.00000	4782.33400
0.32618	0.00000	4782.33400
0.33002	0.00000	4782.33400
0.33385	0.00000	4782.33400
0.33771	0.00000	4782.33400
0.34153	0.00000	4782.33400
0.34535	0.00000	4791.06100
0.34920	0.00000	4791.06100
0.35313	0.00000	4791.06100
0.35735	0.00000	4791.06100
0.36168	0.00000	4791.06100
0.36557	0.00000	4775.73500
0.36949	0.00000	4775.73500
0.37424	0.00000	4775.73500
0.37856	0.00000	4775.73500
0.38268	0.00000	4775.73500
0.38669	0.00000	4775.73500
0.39065	0.00000	4742.32400
0.39459	0.00000	4742.32400
0.39854	0.00000	4742.32400
0.40242	0.00000	4742.32400
0.40630	0.00000	4742.32400
0.41037	0.00000	4739.88900
0.41458	0.00000	4739.88900
0.41870	0.00000	4739.88900
0.42260	0.00000	4739.88900
0.42647	0.00000	4739.88900
0.43035	0.00000	4739.88900
0.43423	0.00000	4756.43300
0.43807	0.00000	4756.43300
0.44193	0.00000	4756.43300
0.44575	0.00000	4756.43300
0.44959	0.00000	4756.43300
0.45341	0.00000	4756.43300
0.45723	0.00000	4739.88900
0.46107	0.00000	4739.88900
0.46489	0.00000	4739.88900
0.46870	0.00000	4739.88900
0.47252	0.00000	4739.88900
0.47633	0.00000	4737.42600
0.48018	0.00000	4737.42600
0.48406	0.00000	4737.42600
0.48790	0.00000	4737.42600
0.49173	0.00000	4737.42600
0.49555	0.00000	4737.42600
0.49936	0.00000	4726.10300
0.50319	0.00000	4726.10300
0.50700	0.00000	4726.10300
0.51083	0.00000	4726.10300
0.51465	0.00000	4726.10300
0.51846	0.00000	4726.10300
0.52228	0.00000	4742.97300
0.52609	0.00000	4742.97300
0.52990	0.00000	4742.97300
0.53372	0.00000	4742.97300
0.53754	0.00000	4742.97300
0.54137	0.00000	4742.97300
0.54522	0.00000	4740.19900
0.54905	0.00000	4740.19900
0.55286	0.00000	4740.19900
0.55669	0.00000	4740.19900
0.56051	0.00000	4740.19900
0.56433	0.00000	4706.91500
0.56815	0.00000	4706.91500
0.57196	0.00000	4706.91500
0.57579	0.00000	4706.91500
0.57962	0.00000	4706.91500
0.58344	0.00000	4706.91500
0.58726	0.00000	4737.72300
0.59109	0.00000	4737.72300
0.59492	0.00000	4737.72300
0.59872	0.00000	4737.72300
0.60254	0.00000	4737.72300
0.60634	0.00000	4737.72300
0.61016	0.00000	4748.52000
0.61397	0.00000	4748.52000
0.61779	0.00000	4748.52000
0.62160	0.00000	4748.52000
0.62542	0.00000	4748.52000
0.62924	0.00000	4748.52000
0.63307	0.00000	4737.42600
0.63692	0.00000	4737.42600
0.64078	0.00000	4737.42600
0.64463	0.00000	4737.42600
0.64846	0.00000	4737.42600
0.65230	0.00000	4737.42600
0.65613	0.00000	4726.56200
0.65995	0.00000	4726.56200
0.66379	0.00000	4726.56200
0.66762	0.00000	4726.56200
0.67147	0.00000	4726.56200
0.67526	0.00000	4720.98200
0.67910	0.00000	4720.98200
0.68294	0.00000	4720.98200
0.68678	0.00000	4720.98200
0.69064	0.00000	4720.98200
0.69448	0.00000	4720.98200
0.69834	0.00000	4720.78400
0.70219	0.00000	4720.78400
0.70609	0.00000	4720.78400
0.70991	0.00000	4720.78400
0.71372	0.00000	4720.78400
0.71756	0.00000	4720.78400
0.72138	0.00000	4712.46300
0.72520	0.00000	4712.46300
0.72903	0.00000	4712.46300
0.73283	0.00000	4712.46300
0.73666	0.00000	4712.46300
0.74047	0.00000	4712.46300
0.74428	0.00000	4709.68900
0.74809	0.00000	4709.68900
0.75190	0.00000	4709.68900
0.75571	0.00000	4709.68900
0.75954	0.00000	4709.68900
0.76337	0.00000	4690.27400
0.76720	0.00000	4690.27400
0.77269	0.00000	4690.27400
0.77659	0.00000	4690.27400
0.78048	0.00000	4690.27400
0.78436	0.00000	4690.27400
0.78819	0.00000	4704.14200
0.79203	0.00000	4704.14200
0.79586	0.00000	4704.14200
0.79969	0.00000	4704.14200
0.80382	0.00000	4704.14200
0.80767	0.00000	4712.61200
0.81152	0.00000	4712.61200
0.81538	0.00000	4712.61200
0.81922	0.00000	4712.61200
0.82306	0.00000	4712.61200
0.82690	0.00000	4712.61200
0.83074	0.00000	4715.23700
0.83463	0.00000	4715.23700
0.83846	0.00000	4715.23700
0.84233	0.00000	4715.23700
0.84617	0.00000	4715.23700
0.85000	0.00000	4715.23700
0.85383	0.00000	4718.01000
0.85769	0.00000	4718.01000
0.86178	0.00000	4718.01000
0.86567	0.00000	4718.01000
0.86967	0.00000	4718.01000
0.87356	0.00000	4690.27400
0.87749	0.00000	4690.27400
0.88135	0.00000	4690.27400
0.88522	0.00000	4690.27400
0.88911	0.00000	4690.27400
0.89294	0.00000	4690.27400
0.89679	0.00000	4715.23700
0.90067	0.00000	4715.23700
0.90453	0.00000	4715.23700
0.90836	0.00000	4715.23700
0.91226	0.00000	4715.23700
0.91620	0.00000	4715.23700
0.92006	0.00000	4698.52900
0.92389	0.00000	4698.52900
0.92773	0.00000	4698.52900
0.93162	0.00000	4698.52900
0.93547	0.00000	4698.52900
0.93926	0.00000	4715.40200
0.94312	0.00000	4715.40200
0.94712	0.00000	4715.40200
0.95100	0.00000	4715.40200
0.95485	0.00000	4715.40200
0.95870	0.00000	4715.40200
0.96255	0.00000	4712.46300
0.96642	0.00000	4712.46300
0.97037	0.00000	4712.46300
0.97439	0.00000	4712.46300
0.97828	0.00000	4712.46300
0.98217	0.00000	4712.46300
0.98602	0.00000	4715.23700
0.98987	0.00000	4715.23700
0.99372	0.00000	4715.23700
0.99757	0.00000	4715.23700
1.00140	0.00000	4715.23700
1.00525	0.00000	4718.19200
1.00910	0.00000	4718.19200
1.01303	0.00000	4718.19200
1.01690	0.00000	4718.19200
1.02080	0.00000	4718.19200
1.02464	0.00000	4718.19200
1.02858	0.00000	4723.55700
1.03243	0.00000	4723.55700
1.03631	0.00000	4723.55700
1.04013	0.00000	4723.55700
1.04401	0.00000	4723.55700
1.04790	0.00000	4723.55700
1.05179	0.00000	4693.01400
1.05561	0.00000	4693.01400
1.05948	0.00000	4693.01400
1.06333	0.00000	4693.01400
1.06715	0.00000	4693.01400
1.07101	0.00000	4715.40200
1.07484	0.00000	4715.40200
1.07867	0.00000	4715.40200
1.08253	0.00000	4715.40200
1.08638	0.00000	4715.40200
1.09023	0.00000	4715.40200
1.09407	0.00000	4726.56200
1.09791	0.00000	4726.56200
1.10175	0.00000	4726.56200
1.10559	0.00000	4726.56200
1.10942	0.00000	4726.56200
1.11325	0.00000	4726.56200
1.11711	0.00000	4706.91500
1.12093	0.00000	4706.91500
1.12481	0.00000	4706.91500
1.12866	0.00000	4706.91500
1.13259	0.00000	4706.91500
1.13640	0.00000	4706.91500
1.14022	0.00000	4706.91500
1.14450	0.00000	4706.91500
1.14837	0.00000	4706.91500
1.15223	0.00000	4706.91500
1.15621	0.00000	4706.91500
1.16010	0.00000	4715.40200
1.16400	0.00000	4715.40200
1.16788	0.00000	4715.40200
1.17176	0.00000	4715.40200
1.17569	0.00000	4715.40200
1.17955	0.00000	4715.40200
1.18342	0.00000	4698.52900
1.18732	0.00000	4698.52900
1.19128	0.00000	4698.52900
1.19521	0.00000	4698.52900
1.19908	0.00000	4698.52900
1.20292	0.00000	4698.52900
1.20678	0.00000	4712.46300
1.21062	0.00000	4712.46300
1.21444	0.00000	4712.46300
1.21826	0.00000	4712.46300
1.22207	0.00000	4712.46300
1.22589	0.00000	4690.27400
1.22973	0.00000	4690.27400
1.23357	0.00000	4690.27400
1.23746	0.00000	4690.27400
1.24142	0.00000	4690.27400
1.24537	0.00000	4690.27400
1.24931	0.00000	4715.23700
1.25320	0.00000	4715.23700
1.25704	0.00000	4715.23700
1.26089	0.00000	4715.23700
1.26473	0.00000	4715.23700
1.26857	0.00000	4715.23700
1.27240	0.00000	4695.77200
1.27622	0.00000	4695.77200
1.28003	0.00000	4695.77200
1.28386	0.00000	4695.77200
1.28772	0.00000	4695.77200
1.29164	0.00000	4720.98200
1.29554	0.00000	4720.98200
1.29942	0.00000	4720.98200
1.30326	0.00000	4720.98200
1.30710	0.00000	4720.98200
1.31093	0.00000	4720.98200
1.31481	0.00000	4732.14200
1.31866	0.00000	4732.14200
1.32252	0.00000	4732.14200
1.32639	0.00000	4732.14200
1.33022	0.00000	4732.14200
1.33408	0.00000	4732.14200
1.33791	0.00000	4723.55700
1.34178	0.00000	4723.55700
1.34557	0.00000	4723.55700
1.34941	0.00000	4723.55700
1.35320	0.00000	4723.55700
1.35704	0.00000	4723.55700
1.36093	0.00000	4718.01000
1.36481	0.00000	4718.01000
1.36867	0.00000	4718.01000
1.37252	0.00000	4718.01000
1.37639	0.00000	4718.01000
1.38023	0.00000	4712.61200
1.38409	0.00000	4712.61200
1.38793	0.00000	4712.61200
1.39181	0.00000	4712.61200
1.39572	0.00000	4712.61200
1.39963	0.00000	4712.61200
1.40355	0.00000	4698.59400
1.40745	0.00000	4698.59400
1.41136	0.00000	4698.59400
1.41525	0.00000	4698.59400
1.41912	0.00000	4698.59400
1.42298	0.00000	4698.59400
1.42687	0.00000	4718.01000
1.43074	0.00000	4718.01000
1.43460	0.00000	4718.01000
1.43845	0.00000	4718.01000
1.44228	0.00000	4718.01000
1.44723	0.00000	4723.77200
1.45157	0.00000	4723.77200
1.45564	0.00000	4723.77200
1.45955	0.00000	4723.77200
1.46340	0.00000	4723.77200
1.46725	0.00000	4723.77200
1.47109	0.00000	4718.01000
1.47494	0.00000	4718.01000
1.47882	0.00000	4718.01000
1.48268	0.00000	4718.01000
1.48650	0.00000	4718.01000
1.49033	0.00000	4709.82100
1.49419	0.00000	4709.82100
1.49804	0.00000	4709.82100
1.50189	0.00000	4709.82100
1.50575	0.00000	4709.82100
1.50962	0.00000	4709.82100
1.51356	0.00000	4701.28600
1.51747	0.00000	4701.28600
1.52180	0.00000	4701.28600
1.52580	0.00000	4701.28600
1.52979	0.00000	4701.28600
1.53378	0.00000	4712.61200
1.53772	0.00000	4712.61200
1.54169	0.00000	4712.61200
1.54566	0.00000	4712.61200
1.54958	0.00000	4712.61200
1.55346	0.00000	4712.61200
1.55732	0.00000	4712.46300
1.56119	0.00000	4712.46300
1.56506	0.00000	4712.46300
1.56897	0.00000	4712.46300
1.57282	0.00000	4712.46300
1.57666	0.00000	4712.46300
1.58052	0.00000	4723.55700
1.58436	0.00000	4723.55700
1.58821	0.00000	4723.55700
1.59213	0.00000	4723.55700
1.59598	0.00000	4723.55700
1.59991	0.00000	4718.19200
1.60387	0.00000	4718.19200
1.60776	0.00000	4718.19200
1.61161	0.00000	4718.19200
1.61549	0.00000	4718.19200
1.61937	0.00000	4718.19200
1.62321	0.00000	4718.19200
1.62713	0.00000	4718.19200
1.63110	0.00000	4718.19200
1.63502	0.00000	4718.19200
1.63890	0.00000	4718.19200
1.64330	0.00000	4718.19200
1.64725	0.00000	4734.93300
1.65119	0.00000	4734.93300
1.65513	0.00000	4734.93300
1.65898	0.00000	4734.93300
1.66287	0.00000	4734.93300
1.66683	0.00000	4718.19200
1.67072	0.00000	4718.19200
1.67460	0.00000	4718.19200
1.67871	0.00000	4718.19200
1.68262	0.00000	4718.19200
1.68650	0.00000	4718.19200
1.69038	0.00000	4709.68900
1.69425	0.00000	4709.68900
1.69808	0.00000	4709.68900
1.70195	0.00000	4709.68900
1.70579	0.00000	4709.68900
1.70975	0.00000	4729.60300
1.71392	0.00000	4729.60300
1.71794	0.00000	4729.60300
1.72215	0.00000	4729.60300
1.72627	0.00000	4729.60300
1.73028	0.00000	4729.60300
1.73427	0.00000	4704.14200
1.73819	0.00000	4704.14200
1.74213	0.00000	4704.14200
1.74606	0.00000	4704.14200
1.74998	0.00000	4704.14200
1.75394	0.00000	4704.24100
1.75785	0.00000	4704.24100
1.76183	0.00000	4704.24100
1.76581	0.00000	4704.24100
1.76994	0.00000	4704.24100
1.77412	0.00000	4704.24100
1.77818	0.00000	4726.56200
1.78218	0.00000	4726.56200
1.78612	0.00000	4726.56200
1.79007	0.00000	4726.56200
1.79397	0.00000	4726.56200
1.79795	0.00000	4690.27400
1.80203	0.00000	4690.27400
1.80603	0.00000	4690.27400
1.80990	0.00000	4690.27400
1.81377	0.00000	4690.27400
1.81781	0.00000	4690.27400
1.82177	0.00000	4693.04700
1.82568	0.00000	4693.04700
1.82959	0.00000	4693.04700
1.83354	0.00000	4693.04700
1.83747	0.00000	4693.04700
1.84135	0.00000	4693.04700
1.84531	0.00000	4706.91500
1.84926	0.00000	4706.91500
1.85328	0.00000	4706.91500
1.85720	0.00000	4706.91500
1.86108	0.00000	4706.91500
1.86510	0.00000	4701.45100
1.86902	0.00000	4701.45100
1.87299	0.00000	4701.45100
1.87766	0.00000	4701.45100
1.88184	0.00000	4701.45100
1.88577	0.00000	4720.98200
1.88965	0.00000	4720.98200
1.89351	0.00000	4720.98200
1.89736	0.00000	4720.98200
1.90122	0.00000	4720.98200
1.90509	0.00000	4720.98200
1.90894	0.00000	4698.59400
1.91279	0.00000	4698.59400
1.91668	0.00000	4698.59400
1.92058	0.00000	4698.59400
1.92443	0.00000	4698.59400
1.92831	0.00000	4698.59400
1.93217	0.00000	4709.55900
1.93602	0.00000	4709.55900
1.93986	0.00000	4709.55900
1.94371	0.00000	4709.55900
1.94768	0.00000	4709.55900
1.95178	0.00000	4726.56200
1.95574	0.00000	4726.56200
1.95993	0.00000	4726.56200
1.96392	0.00000	4726.56200
1.96788	0.00000	4726.56200
1.97208	0.00000	4726.56200
1.97615	0.00000	4726.56200
1.98002	0.00000	4726.56200
1.98385	0.00000	4726.56200
1.98772	0.00000	4726.56200
1.99155	0.00000	4726.56200
1.99539	0.00000	4726.56200
1.99928	0.00000	4726.56200
2.00315	0.00000	4726.56200
2.00700	0.00000	4726.56200
2.01088	0.00000	4726.56200
2.01472	0.00000	4726.56200
2.01854	0.00000	4720.98200
2.02236	0.00000	4720.98200
2.02619	0.00000	4720.98200
2.03002	0.00000	4720.98200
2.03385	0.00000	4720.98200
2.03768	0.00000	4720.98200
2.04150	0.00000	4720.78400
2.04532	0.00000	4720.78400
2.04915	0.00000	4720.78400
2.05298	0.00000	4720.78400
2.05722	0.00000	4720.78400
2.06115	0.00000	4720.78400
2.06500	0.00000	4718.01000
2.06884	0.00000	4718.01000
2.07271	0.00000	4718.01000
2.07657	0.00000	4718.01000
2.08044	0.00000	4718.01000
2.08441	0.00000	4723.77200
2.08848	0.00000	4723.77200
2.09240	0.00000	4723.77200
2.09629	0.00000	4723.77200
2.10014	0.00000	4723.77200
2.10405	0.00000	4723.77200
2.10829	0.00000	4706.91500
2.11225	0.00000	4706.91500
2.11611	0.00000	4706.91500
2.11996	0.00000	4706.91500
2.12379	0.00000	4706.91500
2.12764	0.00000	4706.91500
2.13147	0.00000	4693.04700
2.13532	0.00000	4693.04700
2.13917	0.00000	4693.04700
2.14301	0.00000	4693.04700
2.14685	0.00000	4693.04700
2.15069	0.00000	4718.19200
2.15460	0.00000	4718.19200
2.15844	0.00000	4718.19200
2.16230	0.00000	4718.19200
2.16614	0.00000	4718.19200
2.17003	0.00000	4718.19200
2.17391	0.00000	4715.23700
2.17776	0.00000	4715.23700
2.18161	0.00000	4715.23700
2.18547	0.00000	4715.23700
2.18935	0.00000	4715.23700
2.19321	0.00000	4715.23700
2.19705	0.00000	4723.55700
2.20092	0.00000	4723.55700
2.20486	0.00000	4723.55700
2.20884	0.00000	4723.55700
2.21287	0.00000	4723.55700
2.21696	0.00000	4732.41000
2.22093	0.00000	4732.41000
2.22487	0.00000	4732.41000
2.22887	0.00000	4732.41000
2.23282	0.00000	4732.41000
2.23676	0.00000	4732.41000
2.24064	0.00000	4712.46300
2.24453	0.00000	4712.46300
2.24842	0.00000	4712.46300
2.25231	0.00000	4712.46300
2.25619	0.00000	4712.46300
2.26007	0.00000	4701.36800
2.26395	0.00000	4701.36800
2.26784	0.00000	4701.36800
2.27174	0.00000	4701.36800
2.27561	0.00000	4701.36800
2.27950	0.00000	4701.36800
2.28384	0.00000	4712.61200
2.28854	0.00000	4712.61200
2.29332	0.00000	4712.61200
2.29734	0.00000	4712.61200
2.30129	0.00000	4712.61200
2.30525	0.00000	4718.19200
2.30922	0.00000	4718.19200
2.31316	0.00000	4718.19200
2.31710	0.00000	4718.19200
2.32107	0.00000	4718.19200
2.32590	0.00000	4720.98200
2.32996	0.00000	4720.98200
2.33404	0.00000	4720.98200
2.33917	0.00000	4720.98200
2.34324	0.00000	4720.98200
2.34729	0.00000	4720.98200
2.35127	0.00000	4715.40200
2.35524	0.00000	4715.40200
2.35915	0.00000	4715.40200
2.36303	0.00000	4715.40200
2.36706	0.00000	4715.40200
2.37110	0.00000	4707.03100
2.37513	0.00000	4707.03100
2.37925	0.00000	4707.03100
2.38341	0.00000	4707.03100
2.38745	0.00000	4707.03100
2.39150	0.00000	4707.03100
2.39551	0.00000	4706.91500
2.39967	0.00000	4706.91500
2.40491	0.00000	4706.91500
2.40949	0.00000	4706.91500
2.41376	0.00000	4729.60300
2.41933	0.00000	4729.60300
2.42635	0.00000	4729.60300
2.43058	0.00000	4729.60300
2.43459	0.00000	4729.60300
2.43862	0.00000	4721.18200
2.44331	0.00000	4721.18200
2.44782	0.00000	4721.18200
2.45225	0.00000	4721.18200
2.45676	0.00000	4721.18200
2.46141	0.00000	4718.19200
2.46790	0.00000	4718.19200
2.47207	0.00000	4718.19200
2.47638	0.00000	4718.19200
2.48141	0.00000	4712.76100
2.48622	0.00000	4712.76100
2.49188	0.00000	4712.76100
2.49623	0.00000	4712.76100
2.50102	0.00000	4695.87000
2.50512	0.00000	4695.87000
2.51171	0.00000	4695.87000
2.51932	0.00000	4695.87000
2.52496	0.00000	4715.73800
2.53209	0.00000	4715.73800
2.53912	0.00000	4715.73800
2.54383	0.00000	4715.73800
2.54919	0.00000	4732.68100
2.55438	0.00000	4732.68100
2.56026	0.00000	4732.68100
2.56456	0.00000	4715.73800
2.57192	0.00000	4715.73800
2.57873	0.00000	4715.73800
2.58383	0.00000	4715.73800
2.58822	0.00000	4707.14800
2.59372	0.00000	4707.14800
2.59881	0.00000	4707.14800
2.60932	0.00000	4701.61900
2.61445	0.00000	4701.61900
2.61872	0.00000	4701.61900
2.62428	0.00000	4701.61900
2.63105	0.00000	4701.61900
2.63588	0.00000	4704.24100
2.64673	0.00000	4704.24100
2.65102	0.00000	4704.24100
2.65552	0.00000	4710.09000
2.66037	0.00000	4710.09000
2.66575	0.00000	4710.09000
2.67055	0.00000	4710.09000
2.67491	0.00000	4709.95500
2.67940	0.00000	4709.95500
2.68361	0.00000	4709.95500
2.68791	0.00000	4709.95500
2.69225	0.00000	4709.95500
2.69663	0.00000	4709.95500
2.70068	0.00000	4709.82100
2.70517	0.00000	4709.82100
2.70939	0.00000	4709.82100
2.71442	0.00000	4709.82100
2.71891	0.00000	4715.56900
2.72665	0.00000	4715.56900
2.73096	0.00000	4715.56900
2.73548	0.00000	4715.56900
2.74024	0.00000	4715.56900
2.74448	0.00000	4701.53400
2.74863	0.00000	4701.53400
2.75264	0.00000	4701.53400
2.75675	0.00000	4701.53400
2.76069	0.00000	4701.53400
2.76462	0.00000	4726.79600
2.76870	0.00000	4726.79600
2.77281	0.00000	4726.79600
2.77684	0.00000	4726.79600
2.78085	0.00000	4726.79600
2.78492	0.00000	4698.66000
2.78908	0.00000	4698.66000
2.79309	0.00000	4698.66000
2.79741	0.00000	4698.66000
2.80158	0.00000	4698.66000
2.80574	0.00000	4698.66000
2.80972	0.00000	4701.36800
2.81370	0.00000	4701.36800
2.81771	0.00000	4701.36800
2.82161	0.00000	4701.36800
2.82569	0.00000	4701.36800
2.82970	0.00000	4712.61200
2.83367	0.00000	4712.61200
2.83766	0.00000	4712.61200
2.84165	0.00000	4712.61200
2.84565	0.00000	4712.61200
2.84967	0.00000	4712.61200
2.85391	0.00000	4693.04700
2.85813	0.00000	4693.04700
2.86251	0.00000	4693.04700
2.86670	0.00000	4693.04700
2.87074	0.00000	4693.04700
2.87471	0.00000	4704.24100
2.87863	0.00000	4704.24100
2.88269	0.00000	4704.24100
2.88696	0.00000	4704.24100
2.89098	0.00000	4704.24100
2.89630	0.00000	4707.03100
2.90135	0.00000	4707.03100
2.90562	0.00000	4707.03100
2.91092	0.00000	4707.03100
2.91728	0.00000	4704.34100
2.92199	0.00000	4704.34100
2.92661	0.00000	4704.34100
2.93196	0.00000	4704.34100
2.93734	0.00000	4704.34100
2.94161	0.00000	4701.45100
2.94592	0.00000	4701.45100
2.95001	0.00000	4701.45100
2.95393	0.00000	4701.45100
2.95838	0.00000	4701.45100
2.96244	0.00000	4704.24100
2.96629	0.00000	4704.24100
2.97034	0.00000	4704.24100
2.97461	0.00000	4704.24100
2.97928	0.00000	4704.24100
2.98330	0.00000	4698.66000
2.98752	0.00000	4698.66000
2.99169	0.00000	4698.66000
2.99571	0.00000	4698.66000
2.99971	0.00000	4698.66000
3.00375	0.00000	4715.40200
3.00791	0.00000	4715.40200
3.01191	0.00000	4715.40200
3.01581	0.00000	4715.40200
3.01969	0.00000	4715.40200
3.02381	0.00000	4715.40200
3.02797	0.00000	4707.03100
3.03191	0.00000	4707.03100
3.03629	0.00000	4707.03100
3.04052	0.00000	4707.03100
3.04466	0.00000	4707.03100
3.04872	0.00000	4709.82100
3.05268	0.00000	4709.82100
3.05679	0.00000	4709.82100
3.06107	0.00000	4709.82100
3.06588	0.00000	4709.82100
3.07006	0.00000	4704.24100
3.07444	0.00000	4704.24100
3.07863	0.00000	4704.24100
3.08255	0.00000	4704.24100
3.08670	0.00000	4704.24100
3.09129	0.00000	4704.24100
3.09541	0.00000	4709.82100
3.09927	0.00000	4709.82100
3.10316	0.00000	4709.82100
3.10712	0.00000	4709.82100
3.11121	0.00000	4709.82100
3.11512	0.00000	4712.61200
3.11897	0.00000	4712.61200
3.12287	0.00000	4712.61200
3.12695	0.00000	4712.61200
3.13079	0.00000	4712.61200
3.13473	0.00000	4712.61200
3.13857	0.00000	4709.68900
3.14262	0.00000	4709.68900
3.14656	0.00000	4709.68900
3.15042	0.00000	4709.68900
3.15427	0.00000	4709.68900
3.15854	0.00000	4732.41000
3.16271	0.00000	4732.41000
3.16694	0.00000	4732.41000
3.17119	0.00000	4732.41000
3.17517	0.00000	4732.41000
3.17908	0.00000	4732.41000
3.18295	0.00000	4718.01000
3.18685	0.00000	4718.01000
3.19080	0.00000	4718.01000
3.19469	0.00000	4718.01000
3.19851	0.00000	4718.01000
3.20243	0.00000	4712.61200
3.20634	0.00000	4712.61200
3.21019	0.00000	4712.61200
3.21415	0.00000	4712.61200
3.21802	0.00000	4712.61200
3.22186	0.00000	4712.61200
3.22585	0.00000	4709.68900
3.22976	0.00000	4709.68900
3.23366	0.00000	4709.68900
3.23756	0.00000	4709.68900
3.24141	0.00000	4709.68900
3.24522	0.00000	4709.68900
3.24910	0.00000	4706.91500
3.25301	0.00000	4706.91500
3.25684	0.00000	4706.91500
3.26068	0.00000	4706.91500
3.26451	0.00000	4706.91500
3.26831	0.00000	4715.40200
3.27214	0.00000	4715.40200
3.27595	0.00000	4715.40200
3.27980	0.00000	4715.40200
3.28391	0.00000	4715.40200
3.28778	0.00000	4715.40200
3.29169	0.00000	4712.46300
3.29551	0.00000	4712.46300
3.29934	0.00000	4712.46300
3.30318	0.00000	4712.46300
3.30702	0.00000	4712.46300
3.31083	0.00000	4712.46300
3.31464	0.00000	4709.68900
3.31846	0.00000	4709.68900
3.32256	0.00000	4709.68900
3.32702	0.00000	4709.68900
3.33109	0.00000	4709.68900
3.33513	0.00000	4707.03100
3.33962	0.00000	4707.03100
3.34359	0.00000	4707.03100
3.34751	0.00000	4707.03100
3.35144	0.00000	4707.03100
3.35540	0.00000	4707.03100
3.35924	0.00000	4732.14200
3.36309	0.00000	4732.14200
3.36693	0.00000	4732.14200
3.37082	0.00000	4732.14200
3.37509	0.00000	4732.14200
3.37915	0.00000	4709.82100
3.38353	0.00000	4709.82100
3.38747	0.00000	4709.82100
3.39142	0.00000	4709.82100
3.39527	0.00000	4709.82100
3.39911	0.00000	4709.82100
3.40303	0.00000	4715.23700
3.40686	0.00000	4715.23700
3.41068	0.00000	4715.23700
3.41459	0.00000	4715.23700
3.41840	0.00000	4715.23700
3.42234	0.00000	4707.03100
3.42625	0.00000	4707.03100
3.43021	0.00000	4707.03100
3.43405	0.00000	4707.03100
3.43793	0.00000	4707.03100
3.44186	0.00000	4707.03100
3.44578	0.00000	4706.91500
3.44981	0.00000	4706.91500
3.45371	0.00000	4706.91500
3.45759	0.00000	4706.91500
3.46148	0.00000	4706.91500
3.46535	0.00000	4706.91500
3.46952	0.00000	4695.82100
3.47342	0.00000	4695.82100
3.47731	0.00000	4695.82100
3.48125	0.00000	4695.82100
3.48591	0.00000	4695.82100
3.48997	0.00000	4707.03100
3.49388	0.00000	4707.03100
3.49778	0.00000	4707.03100
3.50174	0.00000	4707.03100
3.50563	0.00000	4707.03100
3.50949	0.00000	4726.79600
3.51347	0.00000	4726.79600
3.51740	0.00000	4726.79600
3.52127	0.00000	4726.79600
3.52513	0.00000	4726.79600
3.52897	0.00000	4726.79600
3.53280	0.00000	4709.82100
3.53665	0.00000	4709.82100
3.54049	0.00000	4709.82100
3.54431	0.00000	4709.82100
3.54815	0.00000	4709.82100
3.55196	0.00000	4709.82100
3.55579	0.00000	4712.46300
3.55960	0.00000	4712.46300
3.56341	0.00000	4712.46300
3.56725	0.00000	4712.46300
3.57107	0.00000	4712.46300
3.57489	0.00000	4712.46300
3.57870	0.00000	4704.14200
3.58252	0.00000	4704.14200
3.58636	0.00000	4704.14200
3.59019	0.00000	4704.14200
3.59402	0.00000	4704.14200
3.59786	0.00000	4709.82100
3.60174	0.00000	4709.82100
3.60557	0.00000	4709.82100
3.60939	0.00000	4709.82100
3.61323	0.00000	4709.82100
3.61707	0.00000	4709.82100
3.62089	0.00000	4723.77200
3.62472	0.00000	4723.77200
3.62854	0.00000	4723.77200
3.63236	0.00000	4723.77200
3.63618	0.00000	4723.77200
3.64000	0.00000	4723.77200
3.64383	0.00000	4726.56200
3.64765	0.00000	4726.56200
3.65146	0.00000	4726.56200
3.65526	0.00000	4726.56200
3.65907	0.00000	4726.56200
3.66289	0.00000	4726.56200
3.66670	0.00000	4706.91500
3.67052	0.00000	4706.91500
3.67432	0.00000	4706.91500
3.67815	0.00000	4706.91500
3.68196	0.00000	4706.91500
3.68576	0.00000	4701.45100
3.68957	0.00000	4701.45100
3.69338	0.00000	4701.45100
3.69721	0.00000	4701.45100
3.70102	0.00000	4701.45100
3.70483	0.00000	4701.45100
3.70868	0.00000	4709.82100
3.71253	0.00000	4709.82100
3.71634	0.00000	4709.82100
3.72017	0.00000	4709.82100
3.72400	0.00000	4709.82100
3.72783	0.00000	4709.82100
3.73165	0.00000	4687.50000
3.73548	0.00000	4687.50000
3.73932	0.00000	4687.50000
3.74313	0.00000	4687.50000
3.74697	0.00000	4687.50000
3.75079	0.00000	4687.50000
3.75468	0.00000	4693.04700
3.75850	0.00000	4693.04700
3.76233	0.00000	4693.04700
3.76614	0.00000	4693.04700
3.76996	0.00000	4693.04700
3.77377	0.00000	4701.45100
3.77758	0.00000	4701.45100
3.78139	0.00000	4701.45100
3.78520	0.00000	4701.45100
3.78900	0.00000	4701.45100
3.79281	0.00000	4701.45100
3.79664	0.00000	4718.37600
3.80048	0.00000	4718.37600
3.80444	0.00000	4718.37600
3.80826	0.00000	4718.37600
3.81208	0.00000	4718.37600
3.81590	0.00000	4718.37600
3.81975	0.00000	4720.98200
3.82358	0.00000	4720.98200
3.82740	0.00000	4720.98200
3.83122	0.00000	4720.98200
3.83503	0.00000	4720.98200
3.83889	0.00000	4720.98200
3.84272	0.00000	4720.98200
3.84655	0.00000	4720.98200
3.85038	0.00000	4720.98200
3.85423	0.00000	4720.98200
3.85805	0.00000	4720.98200
3.86187	0.00000	4729.60300
3.86568	0.00000	4729.60300
3.86951	0.00000	4729.60300
3.87333	0.00000	4729.60300
3.87715	0.00000	4729.60300
3.88106	0.00000	4729.60300
3.88562	0.00000	4698.66000
3.88962	0.00000	4698.66000
3.89389	0.00000	4698.66000
3.89816	0.00000	4698.66000
3.90246	0.00000	4698.66000
3.90759	0.00000	4712.61200
3.91198	0.00000	4712.61200
3.91614	0.00000	4712.61200
3.92025	0.00000	4712.61200
3.92453	0.00000	4712.61200
3.92971	0.00000	4698.66000
3.93488	0.00000	4698.66000
3.94078	0.00000	4698.66000
3.94539	0.00000	4698.66000
3.94955	0.00000	4724.20900
3.95463	0.00000	4724.20900
3.95883	0.00000	4724.20900
3.96293	0.00000	4724.20900
3.96688	0.00000	4724.20900
3.97084	0.00000	4695.87000
3.97550	0.00000	4695.87000
3.97955	0.00000	4695.87000
3.98353	0.00000	4695.87000
3.98778	0.00000	4695.87000
3.99170	0.00000	4695.87000
3.99563	0.00000	4693.04700
3.99954	0.00000	4693.04700
4.00343	0.00000	4693.04700
4.00728	0.00000	4693.04700
4.01122	0.00000	4693.04700
4.01518	0.00000	4715.56900
4.01932	0.00000	4715.56900
4.02320	0.00000	4715.56900
4.02728	0.00000	4715.56900
4.03216	0.00000	4715.56900
4.03708	0.00000	4701.45100
4.04175	0.00000	4701.45100
4.04633	0.00000	4701.45100
4.05094	0.00000	4701.45100
4.05564	0.00000	4701.45100
4.06135	0.00000	4712.61200
4.06598	0.00000	4712.61200
4.07144	0.00000	4712.61200
4.07656	0.00000	4712.61200
4.08191	0.00000	4693.11400
4.08654	0.00000	4693.11400
4.09161	0.00000	4693.11400
4.09813	0.00000	4693.11400
4.10252	0.00000	4698.72700
4.10721	0.00000	4698.72700
4.11320	0.00000	4698.72700
4.11805	0.00000	4698.72700
4.12252	0.00000	4698.72700
4.12730	0.00000	4698.66000
4.13165	0.00000	4698.66000
4.13945	0.00000	4698.66000
4.14427	0.00000	4698.66000
4.14918	0.00000	4707.14800
4.15397	0.00000	4707.14800
4.15879	0.00000	4707.14800
4.16357	0.00000	4707.14800
4.16780	0.00000	4701.53400
4.17177	0.00000	4701.53400
4.17603	0.00000	4701.53400
4.18017	0.00000	4701.53400
4.18462	0.00000	4701.53400
4.18859	0.00000	4701.53400
4.19312	0.00000	4712.61200
4.19759	0.00000	4712.61200
4.20207	0.00000	4712.61200
4.20805	0.00000	4712.61200
4.21260	0.00000	4707.14800
4.21694	0.00000	4707.14800
4.22185	0.00000	4707.14800
4.22668	0.00000	4707.14800
4.23137	0.00000	4707.14800
4.23563	0.00000	4735.21700
4.24050	0.00000	4735.21700
4.24586	0.00000	4735.21700
4.25063	0.00000	4735.21700
4.25935	0.00000	4707.14800
4.26516	0.00000	4707.14800
4.27096	0.00000	4707.14800
4.27729	0.00000	4707.26600
4.28268	0.00000	4707.26600
4.28814	0.00000	4707.26600
4.29230	0.00000	4707.26600
4.29756	0.00000	4707.26600
4.30807	0.00000	4704.24100
4.31256	0.00000	4704.24100
4.31755	0.00000	4704.24100
4.32229	0.00000	4695.97100
4.32691	0.00000	4695.97100
4.33109	0.00000	4695.97100
4.33511	0.00000	4695.97100
4.34008	0.00000	4695.97100
4.34551	0.00000	4704.24100
4.34968	0.00000	4704.24100
4.35381	0.00000	4704.24100
4.35806	0.00000	4704.24100
4.36262	0.00000	4704.24100
4.36693	0.00000	4712.61200
4.37113	0.00000	4712.61200
4.37554	0.00000	4712.61200
4.37974	0.00000	4712.61200
4.38408	0.00000	4712.61200
4.38861	0.00000	4712.61200
4.39297	0.00000	4712.61200
4.39735	0.00000	4712.61200
4.40248	0.00000	4712.61200
4.40718	0.00000	4712.61200
4.41170	0.00000	4695.87000
4.41603	0.00000	4695.87000
4.42086	0.00000	4695.87000
4.42506	0.00000	4695.87000
4.42927	0.00000	4695.87000
4.43341	0.00000	4693.08000
4.43757	0.00000	4693.08000
4.44188	0.00000	4693.08000
4.44606	0.00000	4693.08000
4.44999	0.00000	4693.08000
4.45403	0.00000	4712.61200
4.45812	0.00000	4712.61200
4.46269	0.00000	4712.61200
4.46664	0.00000	4712.61200
4.47063	0.00000	4712.61200
4.47480	0.00000	4712.61200
4.47898	0.00000	4712.61200
4.48298	0.00000	4712.61200
4.48732	0.00000	4712.61200
4.49173	0.00000	4712.61200
4.49649	0.00000	4712.61200
4.50078	0.00000	4712.61200
4.50498	0.00000	4712.61200
4.50958	0.00000	4712.61200
4.51377	0.00000	4712.61200
4.51811	0.00000	4707.03100
4.52254	0.00000	4707.03100
4.52683	0.00000	4707.03100
4.53083	0.00000	4707.03100
4.53477	0.00000	4707.03100
4.53875	0.00000	4707.03100
4.54295	0.00000	4715.23700
4.54716	0.00000	4715.23700
4.55114	0.00000	4715.23700
4.55513	0.00000	4715.23700
4.55929	0.00000	4715.23700
4.56354	0.00000	4701.45100
4.56861	0.00000	4701.45100
4.57319	0.00000	4701.45100
4.57751	0.00000	4701.45100
4.58159	0.00000	4701.45100
4.58561	0.00000	4698.66000
4.58971	0.00000	4698.66000
4.59409	0.00000	4698.66000
4.59810	0.00000	4698.66000
4.60286	0.00000	4698.66000
4.60720	0.00000	4707.03100
4.61268	0.00000	4707.03100
4.61674	0.00000	4707.03100
4.62525	0.00000	4707.03100
4.62980	0.00000	4721.18200
4.63392	0.00000	4721.18200
4.63798	0.00000	4721.18200
4.64221	0.00000	4721.18200
4.64639	0.00000	4721.18200
4.65035	0.00000	4701.45100
4.65425	0.00000	4701.45100
4.65849	0.00000	4701.45100
4.66268	0.00000	4701.45100
4.66664	0.00000	4701.45100
4.67056	0.00000	4701.45100
4.67689	0.00000	4712.46300
4.68143	0.00000	4712.46300
4.68575	0.00000	4712.46300
4.69047	0.00000	4712.46300
4.69547	0.00000	4712.76100
4.70030	0.00000	4712.76100
4.70478	0.00000	4712.76100
4.70889	0.00000	4712.76100
4.71276	0.00000	4712.76100
4.71823	0.00000	4715.40200
4.72332	0.00000	4715.40200
4.72750	0.00000	4715.40200
4.73151	0.00000	4715.40200
4.73668	0.00000	4723.98900
4.74227	0.00000	4723.98900
4.74626	0.00000	4723.98900
4.75013	0.00000	4723.98900
4.75402	0.00000	4723.98900
4.75794	0.00000	4723.98900
4.76191	0.00000	4723.77200
4.76580	0.00000	4723.77200
4.76970	0.00000	4723.77200
4.77369	0.00000	4723.77200
4.77780	0.00000	4723.77200
4.78171	0.00000	4712.61200
4.78572	0.00000	4712.61200
4.78968	0.00000	4712.61200
4.79570	0.00000	4712.61200
4.79967	0.00000	4712.61200
4.80361	0.00000	4720.98200
4.80759	0.00000	4720.98200
4.81162	0.00000	4720.98200
4.81551	0.00000	4720.98200
4.81952	0.00000	4720.98200
4.82373	0.00000	4720.98200
4.82769	0.00000	4709.68900
4.83155	0.00000	4709.68900
4.83544	0.00000	4709.68900
4.83933	0.00000	4709.68900
4.84338	0.00000	4709.68900
4.84727	0.00000	4712.61200
4.85134	0.00000	4712.61200
4.85563	0.00000	4712.61200
4.85960	0.00000	4712.61200
4.86344	0.00000	4712.61200
4.86734	0.00000	4712.61200
4.87121	0.00000	4712.46300
4.87525	0.00000	4712.46300
4.88098	0.00000	4712.46300
4.88522	0.00000	4712.46300
4.88921	0.00000	4712.46300
4.89324	0.00000	4690.27400
4.89730	0.00000	4690.27400
4.90139	0.00000	4690.27400
4.90546	0.00000	4690.27400
4.90955	0.00000	4690.27400
4.91380	0.00000	4707.03100
4.91781	0.00000	4707.03100
4.92187	0.00000	4707.03100
4.92604	0.00000	4707.03100
4.93007	0.00000	4707.03100
4.93493	0.00000	4709.82100
4.93911	0.00000	4709.82100
4.94328	0.00000	4709.82100
4.94731	0.00000	4709.82100
4.95134	0.00000	4709.82100
4.95568	0.00000	4709.82100
4.95995	0.00000	4687.50000
4.96413	0.00000	4687.50000
4.96807	0.00000	4687.50000
4.97228	0.00000	4687.50000
4.97653	0.00000	4687.50000
4.98062	0.00000	4712.61200
4.98449	0.00000	4712.61200
4.98835	0.00000	4712.61200
4.99529	0.00000	4712.61200
4.99930	0.00000	4712.61200
5.00401	0.00000	4715.40200
5.00912	0.00000	4715.40200
5.01337	0.00000	4715.40200
5.01925	0.00000	4715.40200
5.02357	0.00000	4721.18200
5.02784	0.00000	4721.18200
5.03257	0.00000	4721.18200
5.03911	0.00000	4721.18200
5.04346	0.00000	4721.18200
5.04845	0.00000	4909.82200
5.05323	0.00000	4909.82200
5.05769	0.00000	4909.82200
5.06204	0.00000	4909.82200
5.06635	0.00000	4909.82200
5.07042	0.00000	5250.00000
5.07457	0.00000	5250.00000
5.07860	0.00000	5250.00000
5.08243	0.00000	5250.00000
5.08666	0.00000	5250.00000
5.09067	0.00000	5250.00000
5.09463	0.00000	5250.00000
5.09847	0.00000	5485.51800
5.10235	0.00000	5485.51800
5.10627	0.00000	5485.51800
5.11034	0.00000	5485.51800
5.11417	0.00000	5485.51800
5.11801	0.00000	5485.51800
5.12185	0.00000	5485.51800
5.12594	0.00000	5633.72000
5.12984	0.00000	5633.72000
5.13368	0.00000	5633.72000
5.13773	0.00000	5633.72000
5.14176	0.00000	5633.72000
5.14564	0.00000	5633.72000
5.14953	0.00000	5633.72000
5.15361	0.00000	5741.13200
5.15785	0.00000	5741.13200
5.16193	0.00000	5741.13200
5.16741	0.00000	5741.13200
5.17204	0.00000	5741.13200
5.17640	0.00000	5741.13200
5.18155	0.00000	5741.13200
5.18711	0.00000	5839.58300
5.19308	0.00000	5839.58300
5.19793	0.00000	5839.58300
5.20229	0.00000	5839.58300
5.20698	0.00000	5839.58300
5.21304	0.00000	5849.00400
5.21717	0.00000	5849.00400
5.22152	0.00000	5849.00400
5.22573	0.00000	5849.00400
5.22973	0.00000	5849.00400
5.23415	0.00000	5849.00400
5.23852	0.00000	5849.00400
5.24254	0.00000	5877.71700
5.25132	0.00000	5877.71700
5.25547	0.00000	5877.71700
5.25956	0.00000	5877.71700
5.26360	0.00000	5877.71700
5.26765	0.00000	5877.71700
5.27164	0.00000	5877.71700
5.27561	0.00000	5874.59400
5.27951	0.00000	5874.59400
5.28395	0.00000	5874.59400
5.28804	0.00000	5874.59400
5.29356	0.00000	5874.59400
5.29821	0.00000	5874.59400
5.30317	0.00000	5878.65200
5.30758	0.00000	5878.65200
5.31182	0.00000	5878.65200
5.31590	0.00000	5878.65200
5.32218	0.00000	5878.65200
5.32649	0.00000	5878.65200
5.33080	0.00000	5878.65200
5.33561	0.00000	5899.78400
5.34188	0.00000	5899.78400
5.34607	0.00000	5899.78400
5.35011	0.00000	5899.78400
5.35461	0.00000	5899.78400
5.35941	0.00000	5899.78400
5.36364	0.00000	5900.97300
5.36789	0.00000	5900.97300
5.37193	0.00000	5900.97300
5.37633	0.00000	5900.97300
5.38099	0.00000	5900.97300
5.38524	0.00000	5900.97300
5.38939	0.00000	5900.97300
5.39365	0.00000	5913.92800
5.39844	0.00000	5913.92800
5.40330	0.00000	5913.92800
5.40776	0.00000	5913.92800
5.41281	0.00000	5913.92800
5.41870	0.00000	5913.92800
5.42281	0.00000	5911.12000
5.42683	0.00000	5911.12000
5.43079	0.00000	5911.12000
5.43476	0.00000	5911.12000
5.43878	0.00000	5911.12000
5.44305	0.00000	5911.12000
5.44709	0.00000	5911.12000
5.45105	0.00000	5911.12000
5.45531	0.00000	5922.74600
5.45964	0.00000	5922.74600
5.46529	0.00000	5922.74600
5.47043	0.00000	5922.74600
5.47461	0.00000	5922.74600
5.47959	0.00000	5922.74600
5.48451	0.00000	5900.97300
5.49062	0.00000	5900.97300
5.49541	0.00000	5900.97300
5.49965	0.00000	5900.97300
5.50497	0.00000	5900.97300
5.50995	0.00000	5900.97300
5.51477	0.00000	5894.88600
5.51932	0.00000	5894.88600
5.52680	0.00000	5894.88600
5.53178	0.00000	5894.88600
5.53612	0.00000	5894.88600
5.54167	0.00000	5894.88600
5.54575	0.00000	5905.03200
5.54995	0.00000	5905.03200
5.55505	0.00000	5905.03200
5.56018	0.00000	5905.03200
5.56522	0.00000	5905.03200
5.57021	0.00000	5905.03200
5.57455	0.00000	5900.97300
5.58011	0.00000	5900.97300
5.58530	0.00000	5900.97300
5.59144	0.00000	5900.97300
5.59754	0.00000	5900.97300
5.60238	0.00000	5898.09700
5.60879	0.00000	5898.09700
5.61412	0.00000	5898.09700
5.61900	0.00000	5898.09700
5.62498	0.00000	5898.09700
5.63534	0.00000	5889.94500
5.64270	0.00000	5889.94500
5.64677	0.00000	5889.94500
5.65093	0.00000	5889.94500
5.65502	0.00000	5889.94500
5.65937	0.00000	5889.94500
5.66477	0.00000	5903.00300
5.66880	0.00000	5903.00300
5.67323	0.00000	5903.00300
5.67746	0.00000	5903.00300
5.68150	0.00000	5903.00300
5.68541	0.00000	5903.00300
5.68942	0.00000	5903.00300
5.69357	0.00000	5905.84600
5.69764	0.00000	5905.84600
5.70158	0.00000	5905.84600
5.70558	0.00000	5905.84600
5.70975	0.00000	5905.84600
5.71376	0.00000	5905.84600
5.71780	0.00000	5905.84600
5.72186	0.00000	5905.84600
5.72602	0.00000	5906.65200
5.73001	0.00000	5906.65200
5.73400	0.00000	5906.65200
5.73800	0.00000	5906.65200
5.74223	0.00000	5906.65200
5.74636	0.00000	5906.65200
5.75038	0.00000	5906.65200
5.75447	0.00000	5886.53400
5.75937	0.00000	5886.53400
5.76355	0.00000	5886.53400
5.76873	0.00000	5886.53400
5.77354	0.00000	5886.53400
5.77799	0.00000	5886.53400
5.78308	0.00000	5903.00300
5.78721	0.00000	5903.00300
5.79146	0.00000	5903.00300
5.79716	0.00000	5903.00300
5.80135	0.00000	5903.00300
5.80614	0.00000	5903.00300
5.81064	0.00000	5903.00300
5.81535	0.00000	5907.86600
5.81959	0.00000	5907.86600
5.82383	0.00000	5907.86600
5.82809	0.00000	5907.86600
5.83209	0.00000	5907.86600
5.83679	0.00000	5907.86600
5.84112	0.00000	5907.86600
5.84536	0.00000	5909.88600
5.84945	0.00000	5909.88600
5.85358	0.00000	5909.88600
5.85859	0.00000	5909.88600
5.86324	0.00000	5909.88600
5.86728	0.00000	5909.88600
5.87130	0.00000	5909.88600
5.87546	0.00000	5884.52200
5.87946	0.00000	5884.52200
5.88399	0.00000	5884.52200
5.88816	0.00000	5884.52200
5.89410	0.00000	5884.52200
5.89828	0.00000	5884.52200
5.90249	0.00000	5884.52200
5.90676	0.00000	5893.72300
5.91091	0.00000	5893.72300
5.91498	0.00000	5893.72300
5.91921	0.00000	5893.72300
5.92363	0.00000	5893.72300
5.92861	0.00000	5893.72300
5.93266	0.00000	5893.72300
5.93677	0.00000	5897.76400
5.94095	0.00000	5897.76400
5.94523	0.00000	5897.76400
5.94922	0.00000	5897.76400
5.95320	0.00000	5897.76400
5.95731	0.00000	5897.76400
5.96305	0.00000	5897.76400
5.96708	0.00000	5887.66100
5.97130	0.00000	5887.66100
5.97546	0.00000	5887.66100
5.97941	0.00000	5887.66100
5.98337	0.00000	5887.66100
5.98738	0.00000	5887.66100
5.99143	0.00000	5887.66100
5.99567	0.00000	5882.51000
6.00033	0.00000	5882.51000
6.00459	0.00000	5882.51000
6.00869	0.00000	5882.51000
6.01633	0.00000	5882.51000
6.02045	0.00000	5882.51000
6.02614	0.00000	5894.88600
6.03041	0.00000	5894.88600
6.03447	0.00000	5894.88600
6.03886	0.00000	5894.88600
6.04308	0.00000	5894.88600
6.04732	0.00000	5894.88600
6.05145	0.00000	5894.88600
6.05554	0.00000	5905.84600
6.06043	0.00000	5905.84600
6.06464	0.00000	5905.84600
6.06864	0.00000	5905.84600
6.07281	0.00000	5905.84600
6.07707	0.00000	5905.84600
6.08112	0.00000	5905.84600
6.08519	0.00000	5884.52200
6.08938	0.00000	5884.52200
6.09352	0.00000	5884.52200
6.09750	0.00000	5884.52200
6.10146	0.00000	5884.52200
6.10568	0.00000	5884.52200
6.11004	0.00000	5884.52200
6.11419	0.00000	5907.86600
6.11821	0.00000	5907.86600
6.12245	0.00000	5907.86600
6.12664	0.00000	5907.86600
6.13123	0.00000	5907.86600
6.13546	0.00000	5907.86600
6.13966	0.00000	5907.86600
6.14390	0.00000	5907.86600
6.14791	0.00000	5905.84600
6.15193	0.00000	5905.84600
6.15598	0.00000	5905.84600
6.16016	0.00000	5905.84600
6.16423	0.00000	5905.84600
6.16853	0.00000	5905.84600
6.17280	0.00000	5905.84600
6.17797	0.00000	5901.80400
6.18354	0.00000	5901.80400
6.18835	0.00000	5901.80400
6.19314	0.00000	5901.80400
6.19834	0.00000	5901.80400
6.20375	0.00000	5901.80400
6.20954	0.00000	5902.17400
6.21363	0.00000	5902.17400
6.21771	0.00000	5902.17400
6.22183	0.00000	5902.17400
6.22608	0.00000	5902.17400
6.23027	0.00000	5902.17400
6.23433	0.00000	5898.94500
6.23849	0.00000	5898.94500
6.24273	0.00000	5898.94500
6.24811	0.00000	5898.94500
6.25252	0.00000	5898.94500
6.25676	0.00000	5898.94500
6.26253	0.00000	5898.94500
6.26683	0.00000	5917.20800
6.27165	0.00000	5917.20800
6.27584	0.00000	5917.20800
6.28002	0.00000	5917.20800
6.28433	0.00000	5917.20800
6.28879	0.00000	5917.20800
6.29352	0.00000	5917.20800
6.29794	0.00000	5901.80400
6.30220	0.00000	5901.80400
6.30794	0.00000	5901.80400
6.31327	0.00000	5901.80400
6.31780	0.00000	5901.80400
6.32437	0.00000	5907.47800
6.32852	0.00000	5907.47800
6.33267	0.00000	5907.47800
6.33680	0.00000	5907.47800
6.34124	0.00000	5907.47800
6.34560	0.00000	5907.47800
6.35103	0.00000	5907.47800
6.35571	0.00000	5897.76400
6.36017	0.00000	5897.76400
6.36475	0.00000	5897.76400
6.36926	0.00000	5897.76400
6.37516	0.00000	5897.76400
6.37941	0.00000	5897.76400
6.38354	0.00000	5897.76400
6.38863	0.00000	5897.76400
6.39277	0.00000	5897.76400
6.39685	0.00000	5897.76400
6.40293	0.00000	5897.76400
6.40706	0.00000	5897.76400
6.41426	0.00000	5909.52500
6.41848	0.00000	5909.52500
6.42290	0.00000	5909.52500
6.42777	0.00000	5909.52500
6.43226	0.00000	5909.52500
6.43652	0.00000	5909.52500
6.44159	0.00000	5909.52500
6.44785	0.00000	5911.12000
6.45289	0.00000	5911.12000
6.45779	0.00000	5911.12000
6.46245	0.00000	5911.12000
6.46656	0.00000	5911.12000
6.47053	0.00000	5911.12000
6.47529	0.00000	5910.32600
6.47967	0.00000	5910.32600
6.48372	0.00000	5910.32600
6.48784	0.00000	5910.32600
6.49281	0.00000	5910.32600
6.49733	0.00000	5910.32600
6.50208	0.00000	5910.32600
6.50644	0.00000	5919.23700
6.51063	0.00000	5919.23700
6.51470	0.00000	5919.23700
6.51864	0.00000	5919.23700
6.52261	0.00000	5919.23700
6.52679	0.00000	5919.23700
6.53083	0.00000	5919.23700
6.53476	0.00000	5921.26600
6.53884	0.00000	5921.26600
6.54303	0.00000	5921.26600
6.54721	0.00000	5921.26600
6.55128	0.00000	5921.26600
6.55547	0.00000	5921.26600
6.55986	0.00000	5921.26600
6.56397	0.00000	5921.26600
6.56792	0.00000	5904.64000
6.57249	0.00000	5904.64000
6.57729	0.00000	5904.64000
6.58144	0.00000	5904.64000
6.58547	0.00000	5904.64000
6.58958	0.00000	5904.64000
6.59378	0.00000	5904.64000
6.59806	0.00000	5893.72300
6.60211	0.00000	5893.72300
6.60624	0.00000	5893.72300
6.61066	0.00000	5893.72300
6.61480	0.00000	5893.72300
6.61913	0.00000	5893.72300
6.62410	0.00000	5893.72300
6.62932	0.00000	5909.09100
6.63336	0.00000	5909.09100
6.63751	0.00000	5909.09100
6.64193	0.00000	5909.09100
6.64612	0.00000	5909.09100
6.65011	0.00000	5909.09100
6.65411	0.00000	5909.09100
6.65929	0.00000	5887.66100
6.66338	0.00000	5887.66100
6.66740	0.00000	5887.66100
6.67206	0.00000	5887.66100
6.67625	0.00000	5887.66100
6.68258	0.00000	5887.66100
6.68668	0.00000	5908.28800
6.69154	0.00000	5908.28800
6.69576	0.00000	5908.28800
6.69973	0.00000	5908.28800
6.70417	0.00000	5908.28800
6.70871	0.00000	5908.28800
6.71291	0.00000	5908.28800
6.71687	0.00000	5887.66100
6.72080	0.00000	5887.66100
6.72498	0.00000	5887.66100
6.72896	0.00000	5887.66100
6.73308	0.00000	5887.66100
6.73718	0.00000	5887.66100
6.74141	0.00000	5887.66100
6.74585	0.00000	5891.70200
6.75064	0.00000	5891.70200
6.75531	0.00000	5891.70200
6.76144	0.00000	5891.70200
6.76612	0.00000	5891.70200
6.77073	0.00000	5891.70200
6.77509	0.00000	5880.68200
6.78018	0.00000	5880.68200
6.78426	0.00000	5880.68200
6.78841	0.00000	5880.68200
6.79281	0.00000	5880.68200
6.79681	0.00000	5880.68200
6.80086	0.00000	5880.68200
6.80489	0.00000	5880.68200
6.80885	0.00000	5899.78400
6.81268	0.00000	5899.78400
6.81654	0.00000	5899.78400
6.82119	0.00000	5899.78400
6.82536	0.00000	5899.78400
6.82939	0.00000	5899.78400
6.83329	0.00000	5899.78400
6.83715	0.00000	5885.64100
6.84128	0.00000	5885.64100
6.84525	0.00000	5885.64100
6.84911	0.00000	5885.64100
6.85299	0.00000	5885.64100
6.85697	0.00000	5885.64100
6.86105	0.00000	5885.64100
6.86495	0.00000	5885.64100
6.86880	0.00000	5892.56900
6.87280	0.00000	5892.56900
6.87685	0.00000	5892.56900
6.88078	0.00000	5892.56900
6.88462	0.00000	5892.56900
6.88857	0.00000	5892.56900
6.89267	0.00000	5892.56900
6.89661	0.00000	5887.66100
6.90045	0.00000	5887.66100
6.90429	0.00000	5887.66100
6.90844	0.00000	5887.66100
6.91238	0.00000	5887.66100
6.91622	0.00000	5887.66100
6.92010	0.00000	5887.66100
6.92426	0.00000	5887.66100
6.92824	0.00000	5898.60500
6.93209	0.00000	5898.60500
6.93592	0.00000	5898.60500
6.93980	0.00000	5898.60500
6.94385	0.00000	5898.60500
6.94778	0.00000	5898.60500
6.95162	0.00000	5898.60500
6.95547	0.00000	5898.60500
6.95948	0.00000	5888.54600
6.96341	0.00000	5888.54600
6.96724	0.00000	5888.54600
6.97108	0.00000	5888.54600
6.97515	0.00000	5888.54600
6.97912	0.00000	5888.54600
6.98295	0.00000	5888.54600
6.98678	0.00000	5883.62000
6.99081	0.00000	5883.62000
6.99479	0.00000	5883.62000
6.99864	0.00000	5883.62000
7.00248	0.00000	5883.62000
7.00645	0.00000	5883.62000
7.01049	0.00000	5883.62000
7.01527	0.00000	5883.62000
7.01918	0.00000	5892.56900
7.02329	0.00000	5892.56900
7.02738	0.00000	5892.56900
7.03137	0.00000	5892.56900
7.03525	0.00000	5892.56900
7.03934	0.00000	5892.56900
7.04353	0.00000	5892.56900
7.04760	0.00000	5883.62000
7.05153	0.00000	5883.62000
7.05710	0.00000	5883.62000
7.06130	0.00000	5883.62000
7.06549	0.00000	5883.62000
7.06938	0.00000	5883.62000
7.07537	0.00000	5883.62000
7.07955	0.00000	5885.64100
7.08345	0.00000	5885.64100
7.08731	0.00000	5885.64100
7.09149	0.00000	5885.64100
7.09552	0.00000	5885.64100
7.09935	0.00000	5885.64100
7.10333	0.00000	5885.64100
7.10753	0.00000	5883.62000
7.11158	0.00000	5883.62000
7.11543	0.00000	5883.62000
7.11926	0.00000	5883.62000
7.12333	0.00000	5883.62000
7.12736	0.00000	5883.62000
7.13123	0.00000	5883.62000
7.13506	0.00000	5883.62000
7.13892	0.00000	5892.56900
7.14305	0.00000	5892.56900
7.14705	0.00000	5892.56900
7.15092	0.00000	5892.56900
7.15503	0.00000	5892.56900
7.15927	0.00000	5892.56900
7.16325	0.00000	5892.56900
7.16711	0.00000	5889.68200
7.17101	0.00000	5889.68200
7.17522	0.00000	5889.68200
7.17941	0.00000	5889.68200
7.18327	0.00000	5889.68200
7.18729	0.00000	5889.68200
7.19152	0.00000	5889.68200
7.19556	0.00000	5889.68200
7.19960	0.00000	5895.74300
7.20386	0.00000	5895.74300
7.20851	0.00000	5895.74300
7.21271	0.00000	5895.74300
7.21678	0.00000	5895.74300
7.22070	0.00000	5895.74300
7.22529	0.00000	5895.74300
7.22975	0.00000	5885.64100
7.23386	0.00000	5885.64100
7.23788	0.00000	5885.64100
7.24212	0.00000	5885.64100
7.24613	0.00000	5885.64100
7.25002	0.00000	5885.64100
7.25389	0.00000	5885.64100
7.25811	0.00000	5887.66100
7.26219	0.00000	5887.66100
7.26607	0.00000	5887.66100
7.27035	0.00000	5887.66100
7.27453	0.00000	5887.66100
7.27865	0.00000	5887.66100
7.28259	0.00000	5887.66100
7.28665	0.00000	5887.66100
7.29093	0.00000	5896.59300
7.29504	0.00000	5896.59300
7.29899	0.00000	5896.59300
7.30288	0.00000	5896.59300
7.30714	0.00000	5896.59300
7.31121	0.00000	5896.59300
7.31526	0.00000	5896.59300
7.31921	0.00000	5891.70200
7.32329	0.00000	5891.70200
7.32752	0.00000	5891.70200
7.33161	0.00000	5891.70200
7.33546	0.00000	5891.70200
7.33939	0.00000	5891.70200
7.34365	0.00000	5891.70200
7.34769	0.00000	5891.70200
7.35154	0.00000	5897.76400
7.35547	0.00000	5897.76400
7.35974	0.00000	5897.76400
7.36370	0.00000	5897.76400
7.36755	0.00000	5897.76400
7.37146	0.00000	5897.76400
7.37578	0.00000	5897.76400
7.37984	0.00000	5911.12000
7.38370	0.00000	5911.12000
7.38760	0.00000	5911.12000
7.39185	0.00000	5911.12000
7.39587	0.00000	5911.12000
7.39973	0.00000	5911.12000
7.40358	0.00000	5911.12000
7.40782	0.00000	5915.17800
7.41199	0.00000	5915.17800
7.41593	0.00000	5915.17800
7.41980	0.00000	5915.17800
7.42402	0.00000	5915.17800
7.42803	0.00000	5915.17800
7.43192	0.00000	5915.17800
7.43585	0.00000	5915.17800
7.43988	0.00000	5899.78400
7.44401	0.00000	5899.78400
7.44792	0.00000	5899.78400
7.45177	0.00000	5899.78400
7.45583	0.00000	5899.78400
7.46012	0.00000	5899.78400
7.46406	0.00000	5899.78400
7.46790	0.00000	5899.78400
7.47207	0.00000	5898.60500
7.47628	0.00000	5898.60500
7.48038	0.00000	5898.60500
7.48457	0.00000	5898.60500
7.48881	0.00000	5898.60500
7.49300	0.00000	5898.60500
7.49698	0.00000	5898.60500
7.50091	0.00000	5889.68200
7.50490	0.00000	5889.68200
7.50965	0.00000	5889.68200
7.51560	0.00000	5889.68200
7.51994	0.00000	5889.68200
7.52467	0.00000	5889.68200
7.52885	0.00000	5884.74000
7.53287	0.00000	5884.74000
7.53720	0.00000	5884.74000
7.54142	0.00000	5884.74000
7.54547	0.00000	5884.74000
7.54936	0.00000	5884.74000
7.55327	0.00000	5884.74000
7.55728	0.00000	5884.74000
7.56125	0.00000	5902.62900
7.56510	0.00000	5902.62900
7.56904	0.00000	5902.62900
7.57317	0.00000	5902.62900
7.57731	0.00000	5902.62900
7.58132	0.00000	5902.62900
7.58563	0.00000	5902.62900
7.58999	0.00000	5917.20800
7.59415	0.00000	5917.20800
7.59813	0.00000	5917.20800
7.60205	0.00000	5917.20800
7.60607	0.00000	5917.20800
7.61043	0.00000	5917.20800
7.61441	0.00000	5917.20800
7.61834	0.00000	5917.20800
7.62242	0.00000	5898.60500
7.62666	0.00000	5898.60500
7.63060	0.00000	5898.60500
7.63449	0.00000	5898.60500
7.63864	0.00000	5898.60500
7.64329	0.00000	5898.60500
7.64736	0.00000	5898.60500
7.65126	0.00000	5887.66100
7.65518	0.00000	5887.66100
7.65981	0.00000	5887.66100
7.66411	0.00000	5887.66100
7.66807	0.00000	5887.66100
7.67207	0.00000	5887.66100
7.67636	0.00000	5887.66100
7.68063	0.00000	5887.66100
7.68459	0.00000	5887.66100
7.68856	0.00000	5887.66100
7.69281	0.00000	5887.66100
7.69683	0.00000	5887.66100
7.70072	0.00000	5887.66100
7.70459	0.00000	5887.66100
7.70878	0.00000	5887.66100
7.71281	0.00000	5894.58100
7.71670	0.00000	5894.58100
7.72057	0.00000	5894.58100
7.72472	0.00000	5894.58100
7.72878	0.00000	5894.58100
7.73264	0.00000	5894.58100
7.73660	0.00000	5894.58100
7.74124	0.00000	5913.14900
7.74586	0.00000	5913.14900
7.74992	0.00000	5913.14900
7.75436	0.00000	5913.14900
7.75860	0.00000	5913.14900
7.76265	0.00000	5913.14900
7.76662	0.00000	5913.14900
7.77055	0.00000	5915.17800
7.77507	0.00000	5915.17800
7.77927	0.00000	5915.17800
7.78324	0.00000	5915.17800
7.78728	0.00000	5915.17800
7.79154	0.00000	5915.17800
7.79556	0.00000	5915.17800
7.79947	0.00000	5915.17800
7.80347	0.00000	5892.56900
7.80848	0.00000	5892.56900
7.81248	0.00000	5892.56900
7.81647	0.00000	5892.56900
7.82057	0.00000	5892.56900
7.82478	0.00000	5892.56900
7.83010	0.00000	5904.21200
7.83418	0.00000	5904.21200
7.83813	0.00000	5904.21200
7.84208	0.00000	5904.21200
7.84596	0.00000	5904.21200
7.84982	0.00000	5904.21200
7.85367	0.00000	5904.21200
7.85755	0.00000	5904.21200
7.86148	0.00000	5886.53400
7.86545	0.00000	5886.53400
7.86935	0.00000	5886.53400
7.87325	0.00000	5886.53400
7.87714	0.00000	5886.53400
7.88102	0.00000	5886.53400
7.88488	0.00000	5886.53400
7.88879	0.00000	5886.53400
7.89270	0.00000	5898.60500
7.89660	0.00000	5898.60500
7.90074	0.00000	5898.60500
7.90558	0.00000	5898.60500
7.90960	0.00000	5898.60500
7.91360	0.00000	5898.60500
7.91752	0.00000	5898.60500
7.92141	0.00000	5893.72300
7.92530	0.00000	5893.72300
7.92918	0.00000	5893.72300
7.93307	0.00000	5893.72300
7.93693	0.00000	5893.72300
7.94082	0.00000	5893.72300
7.94486	0.00000	5893.72300
7.94900	0.00000	5893.72300
7.95302	0.00000	5873.39700
7.95766	0.00000	5873.39700
7.96176	0.00000	5873.39700
7.96564	0.00000	5873.39700
7.96949	0.00000	5873.39700
7.97333	0.00000	5873.39700
7.97720	0.00000	5873.39700
7.98106	0.00000	5893.72300
7.98492	0.00000	5893.72300
7.98876	0.00000	5893.72300
7.99262	0.00000	5893.72300
7.99648	0.00000	5893.72300
8.00033	0.00000	5893.72300
8.00427	0.00000	5893.72300
8.00814	0.00000	5893.72300
8.01199	0.00000	5903.82500
8.01585	0.00000	5903.82500
8.01968	0.00000	5903.82500
8.02355	0.00000	5903.82500
8.02743	0.00000	5903.82500
8.03127	0.00000	5903.82500
8.03510	0.00000	5903.82500
8.03895	0.00000	5903.82500
8.04280	0.00000	5904.64000
8.04664	0.00000	5904.64000
8.05048	0.00000	5904.64000
8.05431	0.00000	5904.64000
8.05820	0.00000	5904.64000
8.06208	0.00000	5904.64000
8.06598	0.00000	5904.64000
8.07007	0.00000	5904.64000
8.07428	0.00000	5900.61700
8.07821	0.00000	5900.61700
8.08209	0.00000	5900.61700
8.08621	0.00000	5900.61700
8.09501	0.00000	5900.61700
8.10002	0.00000	5900.61700
8.10424	0.00000	5886.76900
8.10818	0.00000	5886.76900
8.11221	0.00000	5886.76900
8.11619	0.00000	5886.76900
8.12020	0.00000	5886.76900
8.12412	0.00000	5886.76900
8.12800	0.00000	5886.76900
8.13186	0.00000	5895.74300
8.13572	0.00000	5895.74300
8.13960	0.00000	5895.74300
8.14346	0.00000	5895.74300
8.14726	0.00000	5895.74300
8.15110	0.00000	5895.74300
8.15493	0.00000	5895.74300
8.15878	0.00000	5895.74300
8.16263	0.00000	5905.84600
8.16647	0.00000	5905.84600
8.17030	0.00000	5905.84600
8.17416	0.00000	5905.84600
8.17800	0.00000	5905.84600
8.18184	0.00000	5905.84600
8.18567	0.00000	5905.84600
8.18951	0.00000	5905.84600
8.19335	0.00000	5879.40700
8.19718	0.00000	5879.40700
8.20102	0.00000	5879.40700
8.20491	0.00000	5879.40700
8.20878	0.00000	5879.40700
8.21264	0.00000	5879.40700
8.21647	0.00000	5879.40700
8.22030	0.00000	5879.40700
8.22414	0.00000	5906.65200
8.22801	0.00000	5906.65200
8.23186	0.00000	5906.65200
8.23570	0.00000	5906.65200
8.23955	0.00000	5906.65200
8.24341	0.00000	5906.65200
8.24726	0.00000	5906.65200
8.25110	0.00000	5906.65200
8.25495	0.00000	5906.65200
8.25883	0.00000	5906.65200
8.26266	0.00000	5906.65200
8.26651	0.00000	5906.65200
8.27041	0.00000	5906.65200
8.27428	0.00000	5906.65200
8.27821	0.00000	5906.65200
8.28249	0.00000	5906.65200
8.28655	0.00000	5898.60500
8.29055	0.00000	5898.60500
8.29449	0.00000	5898.60500
8.29842	0.00000	5898.60500
8.30238	0.00000	5898.60500
8.30630	0.00000	5898.60500
8.31022	0.00000	5898.60500
8.31415	0.00000	5903.82500
8.31806	0.00000	5903.82500
8.32194	0.00000	5903.82500
8.32585	0.00000	5903.82500
8.32977	0.00000	5903.82500
8.33368	0.00000	5903.82500
8.33759	0.00000	5903.82500
8.34150	0.00000	5903.82500
8.34540	0.00000	5885.41600
8.34929	0.00000	5885.41600
8.35315	0.00000	5885.41600
8.35701	0.00000	5885.41600
8.36089	0.00000	5885.41600
8.36476	0.00000	5885.41600
8.36864	0.00000	5885.41600
8.37251	0.00000	5885.41600
8.37641	0.00000	5887.42000
8.38031	0.00000	5887.42000
8.38421	0.00000	5887.42000
8.38810	0.00000	5887.42000
8.39202	0.00000	5887.42000
8.39592	0.00000	5887.42000
8.39982	0.00000	5887.42000
8.40372	0.00000	5887.42000
8.40761	0.00000	5902.62900
8.41154	0.00000	5902.62900
8.41544	0.00000	5902.62900
8.41935	0.00000	5902.62900
8.42327	0.00000	5902.62900
8.42717	0.00000	5902.62900
8.43106	0.00000	5902.62900
8.43497	0.00000	5895.74300
8.43889	0.00000	5895.74300
8.44280	0.00000	5895.74300
8.44670	0.00000	5895.74300
8.45059	0.00000	5895.74300
8.45448	0.00000	5895.74300
8.45838	0.00000	5895.74300
8.46228	0.00000	5895.74300
8.46621	0.00000	5910.67600
8.47015	0.00000	5910.67600
8.47408	0.00000	5910.67600
8.47810	0.00000	5910.67600
8.48201	0.00000	5910.67600
8.48591	0.00000	5910.67600
8.48981	0.00000	5910.67600
8.49371	0.00000	5910.67600
8.49761	0.00000	5908.66400
8.50149	0.00000	5908.66400
8.50537	0.00000	5908.66400
8.50926	0.00000	5908.66400
8.51315	0.00000	5908.66400
8.51703	0.00000	5908.66400
8.52092	0.00000	5908.66400
8.52480	0.00000	5908.66400
8.52868	0.00000	5898.60500
8.53258	0.00000	5898.60500
8.53647	0.00000	5898.60500
8.54037	0.00000	5898.60500
8.54426	0.00000	5898.60500
8.54814	0.00000	5898.60500
8.55205	0.00000	5898.60500
8.55643	0.00000	5901.80400
8.56053	0.00000	5901.80400
8.56459	0.00000	5901.80400
8.56853	0.00000	5901.80400
8.57243	0.00000	5901.80400
8.57631	0.00000	5901.80400
8.58025	0.00000	5901.80400
8.58453	0.00000	5901.80400
8.58918	0.00000	5885.41600
8.59404	0.00000	5885.41600
8.59830	0.00000	5885.41600
8.60245	0.00000	5885.41600
8.60656	0.00000	5885.41600
8.61067	0.00000	5885.41600
8.61469	0.00000	5885.41600
8.61870	0.00000	5903.82500
8.62270	0.00000	5903.82500
8.62667	0.00000	5903.82500
8.63072	0.00000	5903.82500
8.63481	0.00000	5903.82500
8.63893	0.00000	5903.82500
8.64302	0.00000	5903.82500
8.64698	0.00000	5880.49800
8.65098	0.00000	5880.49800
8.65496	0.00000	5880.49800
8.65896	0.00000	5880.49800
8.66297	0.00000	5880.49800
8.66705	0.00000	5880.49800
8.67107	0.00000	5880.49800
8.67497	0.00000	5880.49800
8.67884	0.00000	5908.66400
8.68271	0.00000	5908.66400
8.68659	0.00000	5908.66400
8.69254	0.00000	5908.66400
8.69665	0.00000	5908.66400
8.70055	0.00000	5908.66400
8.70441	0.00000	5908.66400
8.70839	0.00000	5907.86600
8.71234	0.00000	5907.86600
8.71630	0.00000	5907.86600
8.72034	0.00000	5907.86600
8.72425	0.00000	5907.86600
8.72812	0.00000	5907.86600
8.73197	0.00000	5907.86600
8.73589	0.00000	5907.86600
8.73978	0.00000	5891.42600
8.74366	0.00000	5891.42600
8.74750	0.00000	5891.42600
8.75133	0.00000	5891.42600
8.75515	0.00000	5891.42600
8.75899	0.00000	5891.42600
8.76282	0.00000	5891.42600
8.76672	0.00000	5891.42600
8.77055	0.00000	5902.62900
8.77438	0.00000	5902.62900
8.77823	0.00000	5902.62900
8.78205	0.00000	5902.62900
8.78587	0.00000	5902.62900
8.78970	0.00000	5902.62900
8.79355	0.00000	5902.62900
8.79738	0.00000	5909.88600
8.80122	0.00000	5909.88600
8.80503	0.00000	5909.88600
8.80886	0.00000	5909.88600
8.81272	0.00000	5909.88600
8.81664	0.00000	5909.88600
8.82077	0.00000	5909.88600
8.82486	0.00000	5909.88600
8.82881	0.00000	5900.61700
8.83301	0.00000	5900.61700
8.83708	0.00000	5900.61700
8.84110	0.00000	5900.61700
8.84496	0.00000	5900.61700
8.84882	0.00000	5900.61700
8.85266	0.00000	5900.61700
8.85651	0.00000	5900.61700
8.86036	0.00000	5895.43200
8.86420	0.00000	5895.43200
8.86803	0.00000	5895.43200
8.87186	0.00000	5895.43200
8.87569	0.00000	5895.43200
8.87952	0.00000	5895.43200
8.88339	0.00000	5895.43200
8.88723	0.00000	5895.43200
8.89107	0.00000	5901.44200
8.89490	0.00000	5901.44200
8.89877	0.00000	5901.44200
8.90261	0.00000	5901.44200
8.90644	0.00000	5901.44200
8.91026	0.00000	5901.44200
8.91409	0.00000	5901.44200
8.91793	0.00000	5901.44200
8.92175	0.00000	5901.44200
8.92557	0.00000	5901.44200
8.92939	0.00000	5901.44200
8.93321	0.00000	5901.44200
8.93704	0.00000	5901.44200
8.94087	0.00000	5901.44200
8.94469	0.00000	5901.44200
8.94851	0.00000	5901.44200
8.95231	0.00000	5885.41600
8.95613	0.00000	5885.41600
8.95994	0.00000	5885.41600
8.96377	0.00000	5885.41600
8.96758	0.00000	5885.41600
8.97141	0.00000	5885.41600
8.97526	0.00000	5885.41600
8.97909	0.00000	5894.58100
8.98290	0.00000	5894.58100
8.98674	0.00000	5894.58100
8.99058	0.00000	5894.58100
8.99441	0.00000	5894.58100
8.99823	0.00000	5894.58100
9.00206	0.00000	5894.58100
9.00589	0.00000	5894.58100
9.00972	0.00000	5902.62900
9.01359	0.00000	5902.62900
9.01740	0.00000	5902.62900
9.02123	0.00000	5902.62900
9.02505	0.00000	5902.62900
9.02887	0.00000	5902.62900
9.03269	0.00000	5902.62900
9.03650	0.00000	5902.62900
9.04032	0.00000	5926.77000
9.04417	0.00000	5926.77000
9.04798	0.00000	5926.77000
9.05180	0.00000	5926.77000
9.05562	0.00000	5926.77000
9.05944	0.00000	5926.77000
9.06327	0.00000	5926.77000
9.06711	0.00000	5926.77000
9.07095	0.00000	5899.43900
9.07489	0.00000	5899.43900
9.07889	0.00000	5899.43900
9.08295	0.00000	5899.43900
9.08687	0.00000	5899.43900
9.09078	0.00000	5899.43900
9.09462	0.00000	5899.43900
9.09846	0.00000	5899.43900
9.10230	0.00000	5899.43900
9.10614	0.00000	5899.43900
9.11000	0.00000	5899.43900
9.11383	0.00000	5899.43900
9.11767	0.00000	5899.43900
9.12150	0.00000	5899.43900
9.12534	0.00000	5899.43900
9.12918	0.00000	5899.43900
9.13299	0.00000	5905.44800
9.13680	0.00000	5905.44800
9.14062	0.00000	5905.44800
9.14445	0.00000	5905.44800
9.14829	0.00000	5905.44800
9.15211	0.00000	5905.44800
9.15594	0.00000	5905.44800
9.15977	0.00000	5905.44800
9.16358	0.00000	5905.44800
9.16740	0.00000	5905.44800
9.17123	0.00000	5905.44800
9.17507	0.00000	5905.44800
9.17888	0.00000	5905.44800
9.18275	0.00000	5905.44800
9.18684	0.00000	5905.44800
9.19094	0.00000	5905.44800
9.19485	0.00000	5905.44800
9.19870	0.00000	5905.44800
9.20284	0.00000	5905.44800
9.20685	0.00000	5905.44800
9.21080	0.00000	5905.44800
9.21462	0.00000	5905.44800
9.21845	0.00000	5905.44800
9.22228	0.00000	5896.59300
9.22615	0.00000	5896.59300
9.22997	0.00000	5896.59300
9.23378	0.00000	5896.59300
9.23760	0.00000	5896.59300
9.24143	0.00000	5896.59300
9.24525	0.00000	5896.59300
9.24908	0.00000	5896.59300
9.25292	0.00000	5905.44800
9.25676	0.00000	5905.44800
9.26059	0.00000	5905.44800
9.26441	0.00000	5905.44800
9.26824	0.00000	5905.44800
9.27207	0.00000	5905.44800
9.27589	0.00000	5905.44800
9.27971	0.00000	5905.44800
9.28353	0.00000	5909.45500
9.28736	0.00000	5909.45500
9.29122	0.00000	5909.45500
9.29504	0.00000	5909.45500
9.29886	0.00000	5909.45500
9.30269	0.00000	5909.45500
9.30651	0.00000	5909.45500
9.31035	0.00000	5909.45500
9.31417	0.00000	5907.45100
9.31799	0.00000	5907.45100
9.32182	0.00000	5907.45100
9.32564	0.00000	5907.45100
9.32946	0.00000	5907.45100
9.33328	0.00000	5907.45100
9.33710	0.00000	5907.45100
9.34094	0.00000	5907.45100
9.34476	0.00000	5907.45100
9.34859	0.00000	5907.45100
9.35242	0.00000	5907.45100
9.35640	0.00000	5907.45100
9.36037	0.00000	5907.45100
9.36438	0.00000	5907.45100
9.36823	0.00000	5907.45100
9.37206	0.00000	5907.45100
9.37590	0.00000	5907.45100
9.37971	0.00000	5907.45100
9.38354	0.00000	5907.45100
9.38737	0.00000	5907.45100
9.39120	0.00000	5907.45100
9.39501	0.00000	5907.45100
9.39883	0.00000	5907.45100
9.40265	0.00000	5907.45100
9.40647	0.00000	5911.45800
9.41029	0.00000	5911.45800
9.41410	0.00000	5911.45800
9.41791	0.00000	5911.45800
9.42173	0.00000	5911.45800
9.42555	0.00000	5911.45800
9.42938	0.00000	5911.45800
9.43320	0.00000	5911.45800
9.43701	0.00000	5911.45800
9.44083	0.00000	5911.45800
9.44464	0.00000	5911.45800
9.44845	0.00000	5911.45800
9.45227	0.00000	5911.45800
9.45608	0.00000	5911.45800
9.45989	0.00000	5911.45800
9.46372	0.00000	5911.45800
9.46753	0.00000	5911.45800
9.47135	0.00000	5911.45800
9.47518	0.00000	5911.45800
9.47899	0.00000	5911.45800
9.48285	0.00000	5911.45800
9.48670	0.00000	5911.45800
9.49053	0.00000	5911.45800
9.49438	0.00000	5911.45800
9.49822	0.00000	5917.46800
9.50226	0.00000	5917.46800
9.50628	0.00000	5917.46800
9.51036	0.00000	5917.46800
9.51421	0.00000	5917.46800
9.51803	0.00000	5917.46800
9.52189	0.00000	5917.46800
9.52576	0.00000	5932.11200
9.52972	0.00000	5932.11200
9.53428	0.00000	5932.11200
9.53905	0.00000	5932.11200
9.54411	0.00000	5932.11200
9.54861	0.00000	5932.11200
9.55296	0.00000	5932.11200
9.55717	0.00000	5917.96900
9.56141	0.00000	5917.96900
9.56564	0.00000	5917.96900
9.56986	0.00000	5917.96900
9.57401	0.00000	5917.96900
9.57920	0.00000	5917.96900
9.58427	0.00000	5917.96900
9.58861	0.00000	5926.05100
9.59461	0.00000	5926.05100
9.59862	0.00000	5926.05100
9.60267	0.00000	5926.05100
9.60679	0.00000	5926.05100
9.61086	0.00000	5926.05100
9.61493	0.00000	5926.05100
9.61920	0.00000	5934.13300
9.62469	0.00000	5934.13300
9.62898	0.00000	5934.13300
9.63298	0.00000	5934.13300
9.63734	0.00000	5934.13300
9.64367	0.00000	5934.13300
9.64854	0.00000	5921.26600
9.65565	0.00000	5921.26600
9.65997	0.00000	5921.26600
9.66422	0.00000	5921.26600
9.66840	0.00000	5921.26600
9.67256	0.00000	5921.26600
9.67711	0.00000	5895.74300
9.68142	0.00000	5895.74300
9.69044	0.00000	5895.74300
9.69452	0.00000	5895.74300
9.69861	0.00000	5895.74300
9.70291	0.00000	5895.74300
9.70947	0.00000	5917.20800
9.71368	0.00000	5917.20800
9.71793	0.00000	5917.20800
9.72203	0.00000	5917.20800
9.72605	0.00000	5917.20800
9.73053	0.00000	5917.20800
9.73558	0.00000	5917.20800
9.73983	0.00000	5924.03000
9.74408	0.00000	5924.03000
9.74817	0.00000	5924.03000
9.75255	0.00000	5924.03000
9.75686	0.00000	5924.03000
9.76104	0.00000	5924.03000
9.76516	0.00000	5924.03000
9.77463	0.00000	5928.07100
9.77895	0.00000	5928.07100
9.78347	0.00000	5928.07100
9.78864	0.00000	5928.07100
9.79277	0.00000	5928.07100
9.79740	0.00000	5912.36400
9.80209	0.00000	5912.36400
9.80701	0.00000	5912.36400
9.81297	0.00000	5912.36400
9.81741	0.00000	5912.36400
9.82180	0.00000	5912.36400
9.82657	0.00000	5921.26600
9.83073	0.00000	5921.26600
9.83499	0.00000	5921.26600
9.83991	0.00000	5921.26600
9.84456	0.00000	5921.26600
9.84880	0.00000	5921.26600
9.85338	0.00000	5921.26600
9.85752	0.00000	5922.00900
9.86172	0.00000	5922.00900
9.86587	0.00000	5922.00900
9.86998	0.00000	5922.00900
9.87401	0.00000	5922.00900
9.87794	0.00000	5922.00900
9.88186	0.00000	5922.00900
9.88580	0.00000	5922.00900
9.88983	0.00000	5913.46200
9.89390	0.00000	5913.46200
9.89792	0.00000	5913.46200
9.90203	0.00000	5913.46200
9.90612	0.00000	5913.46200
9.91016	0.00000	5913.46200
9.91415	0.00000	5913.46200
9.91813	0.00000	5906.65200
9.92205	0.00000	5906.65200
9.92603	0.00000	5906.65200
9.92999	0.00000	5906.65200
9.93397	0.00000	5906.65200
9.93791	0.00000	5906.65200
9.94185	0.00000	5906.65200
9.94576	0.00000	5906.65200
9.94978	0.00000	5913.46200
9.95380	0.00000	5913.46200
9.95771	0.00000	5913.46200
9.96156	0.00000	5913.46200
9.96543	0.00000	5913.46200
9.96930	0.00000	5913.46200
9.97319	0.00000	5913.46200
9.97706	0.00000	5913.46200
9.98099	0.00000	5915.46500
9.98488	0.00000	5915.46500
9.98875	0.00000	5915.46500
9.99261	0.00000	5915.46500
9.99653	0.00000	5915.46500
