Time (s)   Thrust (N)   RPM
0.00467	0.00000	4710.50600
0.00864	0.00000	4710.50600
0.01249	0.00000	4716.08200
0.01633	0.00000	4716.08200
0.02018	0.00000	4716.08200
0.02402	0.00000	4716.08200
0.02787	0.00000	4716.08200
0.03175	0.00000	4712.61200
0.03563	0.00000	4712.61200
0.03949	0.00000	4712.61200
0.04334	0.00000	4712.61200
0.04717	0.00000	4712.61200
0.05100	0.00000	4712.61200
0.05484	0.00000	4720.78400
0.05867	0.00000	4720.78400
0.06250	0.00000	4720.78400
0.06632	0.00000	4720.78400
0.07016	0.00000	4720.78400
0.07399	0.00000	4720.78400
0.07782	0.00000	4701.36800
0.08165	0.00000	4701.36800
0.08547	0.00000	4701.36800
0.08930	0.00000	4701.36800
0.09312	0.00000	4701.36800
0.09694	0.00000	4709.82100
0.10076	0.00000	4709.82100
0.10459	0.00000	4709.82100
0.10841	0.00000	4709.82100
0.11225	0.00000	4709.82100
0.11607	0.00000	4709.82100
0.11990	0.00000	4715.40200
0.12373	0.00000	4715.40200
0.12757	0.00000	4715.40200
0.13139	0.00000	4715.40200
0.13521	0.00000	4715.40200
0.13904	0.00000	4715.40200
0.14287	0.00000	4706.91500
0.14671	0.00000	4706.91500
0.15054	0.00000	4706.91500
0.15437	0.00000	4706.91500
0.15820	0.00000	4706.91500
0.16203	0.00000	4706.91500
0.16588	0.00000	4720.78400
0.16971	0.00000	4720.78400
0.17355	0.00000	4720.78400
0.17738	0.00000	4720.78400
0.18121	0.00000	4720.78400
0.18505	0.00000	4715.40200
0.18890	0.00000	4715.40200
0.19273	0.00000	4715.40200
0.19658	0.00000	4715.40200
0.20042	0.00000	4715.40200
0.20425	0.00000	4715.40200
0.20809	0.00000	4709.68900
0.21192	0.00000	4709.68900
0.21576	0.00000	4709.68900
0.21959	0.00000	4709.68900
0.22342	0.00000	4709.68900
0.22725	0.00000	4709.68900
0.23108	0.00000	4723.55700
0.23492	0.00000	4723.55700
0.23875	0.00000	4723.55700
0.24259	0.00000	4723.55700
0.24643	0.00000	4723.55700
0.25026	0.00000	4723.55700
0.25410	0.00000	4715.23700
0.25795	0.00000	4715.23700
0.26178	0.00000	4715.23700
0.26561	0.00000	4715.23700
0.26945	0.00000	4715.23700
0.27328	0.00000	4715.40200
0.27711	0.00000	4715.40200
0.28095	0.00000	4715.40200
0.28478	0.00000	4715.40200
0.28860	0.00000	4715.40200
0.29244	0.00000	4715.40200
0.29627	0.00000	4712.61200
0.30011	0.00000	4712.61200
0.30395	0.00000	4712.61200
0.30778	0.00000	4712.61200
0.31161	0.00000	4712.61200
0.31545	0.00000	4712.61200
0.31928	0.00000	4695.77200
0.32311	0.00000	4695.77200
0.32694	0.00000	4695.77200
0.33076	0.00000	4695.77200
0.33460	0.00000	4695.77200
0.33843	0.00000	4695.77200
0.34226	0.00000	4701.36800
0.34610	0.00000	4701.36800
0.34994	0.00000	4701.36800
0.35377	0.00000	4701.36800
0.35760	0.00000	4701.36800
0.36144	0.00000	4720.98200
0.36527	0.00000	4720.98200
0.36910	0.00000	4720.98200
0.37295	0.00000	4720.98200
0.37679	0.00000	4720.98200
0.38063	0.00000	4720.98200
0.38445	0.00000	4704.14200
0.38828	0.00000	4704.14200
0.39211	0.00000	4704.14200
0.39596	0.00000	4704.14200
0.39978	0.00000	4704.14200
0.40362	0.00000	4704.14200
0.40746	0.00000	4715.23700
0.41128	0.00000	4715.23700
0.41511	0.00000	4715.23700
0.41895	0.00000	4715.23700
0.42278	0.00000	4715.23700
0.42661	0.00000	4715.23700
0.43044	0.00000	4704.14200
0.43427	0.00000	4704.14200
0.43810	0.00000	4704.14200
0.44194	0.00000	4704.14200
0.44578	0.00000	4704.14200
0.44961	0.00000	4720.98200
0.45346	0.00000	4720.98200
0.45729	0.00000	4720.98200
0.46112	0.00000	4720.98200
0.46494	0.00000	4720.98200
0.46877	0.00000	4720.98200
0.47259	0.00000	4701.36800
0.47644	0.00000	4701.36800
0.48027	0.00000	4701.36800
0.48410	0.00000	4701.36800
0.48793	0.00000	4701.36800
0.49176	0.00000	4701.36800
0.49560	0.00000	4701.36800
0.49943	0.00000	4701.36800
0.50326	0.00000	4701.36800
0.50709	0.00000	4701.36800
0.51092	0.00000	4701.36800
0.51475	0.00000	4701.36800
0.51858	0.00000	4732.14200
0.52242	0.00000	4732.14200
0.52627	0.00000	4732.14200
0.53011	0.00000	4732.14200
0.53394	0.00000	4732.14200
0.53779	0.00000	4712.61200
0.54163	0.00000	4712.61200
0.54547	0.00000	4712.61200
0.54931	0.00000	4712.61200
0.55312	0.00000	4712.61200
0.55696	0.00000	4712.61200
0.56079	0.00000	4709.68900
0.56462	0.00000	4709.68900
0.56846	0.00000	4709.68900
0.57230	0.00000	4709.68900
0.57614	0.00000	4709.68900
0.57997	0.00000	4709.68900
0.58380	0.00000	4737.72300
0.58763	0.00000	4737.72300
0.59146	0.00000	4737.72300
0.59530	0.00000	4737.72300
0.59913	0.00000	4737.72300
0.60296	0.00000	4737.72300
0.60679	0.00000	4712.46300
0.61062	0.00000	4712.46300
0.61446	0.00000	4712.46300
0.61829	0.00000	4712.46300
0.62211	0.00000	4712.46300
0.62596	0.00000	4704.24100
0.62980	0.00000	4704.24100
0.63364	0.00000	4704.24100
0.63746	0.00000	4704.24100
0.64129	0.00000	4704.24100
0.64512	0.00000	4704.24100
0.64896	0.00000	4698.59400
0.65279	0.00000	4698.59400
0.65662	0.00000	4698.59400
0.66044	0.00000	4698.59400
0.66428	0.00000	4698.59400
0.66811	0.00000	4698.59400
0.67194	0.00000	4709.68900
0.67578	0.00000	4709.68900
0.67961	0.00000	4709.68900
0.68345	0.00000	4709.68900
0.68729	0.00000	4709.68900
0.69112	0.00000	4709.68900
0.69494	0.00000	4695.82100
0.69878	0.00000	4695.82100
0.70261	0.00000	4695.82100
0.70644	0.00000	4695.82100
0.71027	0.00000	4695.82100
0.71413	0.00000	4709.82100
0.71797	0.00000	4709.82100
0.72181	0.00000	4709.82100
0.72565	0.00000	4709.82100
0.72948	0.00000	4709.82100
0.73332	0.00000	4709.82100
0.73712	0.00000	4695.82100
0.74095	0.00000	4695.82100
0.74478	0.00000	4695.82100
0.74864	0.00000	4695.82100
0.75247	0.00000	4695.82100
0.75630	0.00000	4695.82100
0.76012	0.00000	4706.91500
0.76395	0.00000	4706.91500
0.76779	0.00000	4706.91500
0.77162	0.00000	4706.91500
0.77547	0.00000	4706.91500
0.77931	0.00000	4706.91500
0.78313	0.00000	4726.56200
0.78696	0.00000	4726.56200
0.79080	0.00000	4726.56200
0.79463	0.00000	4726.56200
0.79845	0.00000	4726.56200
0.80228	0.00000	4698.66000
0.80610	0.00000	4698.66000
0.80993	0.00000	4698.66000
0.81376	0.00000	4698.66000
0.81759	0.00000	4698.66000
0.82142	0.00000	4698.66000
0.82526	0.00000	4706.91500
0.82908	0.00000	4706.91500
0.83292	0.00000	4706.91500
0.83676	0.00000	4706.91500
0.84059	0.00000	4706.91500
0.84442	0.00000	4706.91500
0.84827	0.00000	4706.91500
0.85210	0.00000	4706.91500
0.85593	0.00000	4706.91500
0.85976	0.00000	4706.91500
0.86360	0.00000	4706.91500
0.86743	0.00000	4706.91500
0.87125	0.00000	4684.72600
0.87508	0.00000	4684.72600
0.87891	0.00000	4684.72600
0.88274	0.00000	4684.72600
0.88657	0.00000	4684.72600
0.89039	0.00000	4709.82100
0.89422	0.00000	4709.82100
0.89805	0.00000	4709.82100
0.90188	0.00000	4709.82100
0.90571	0.00000	4709.82100
0.90955	0.00000	4709.82100
0.91338	0.00000	4709.68900
0.91721	0.00000	4709.68900
0.92104	0.00000	4709.68900
0.92486	0.00000	4709.68900
0.92869	0.00000	4709.68900
0.93252	0.00000	4709.68900
0.93635	0.00000	4704.14200
0.94018	0.00000	4704.14200
0.94401	0.00000	4704.14200
0.94783	0.00000	4704.14200
0.95167	0.00000	4704.14200
0.95550	0.00000	4704.14200
0.95932	0.00000	4695.82100
0.96315	0.00000	4695.82100
0.96698	0.00000	4695.82100
0.97081	0.00000	4695.82100
0.97464	0.00000	4695.82100
0.97847	0.00000	4698.66000
0.98234	0.00000	4698.66000
0.98617	0.00000	4698.66000
0.99002	0.00000	4698.66000
0.99386	0.00000	4698.66000
0.99769	0.00000	4698.66000
1.00151	0.00000	4706.91500
1.00534	0.00000	4706.91500
1.00918	0.00000	4706.91500
1.01301	0.00000	4706.91500
1.01684	0.00000	4706.91500
1.02067	0.00000	4706.91500
1.02450	0.00000	4706.91500
1.02834	0.00000	4706.91500
1.03217	0.00000	4706.91500
1.03601	0.00000	4706.91500
1.03985	0.00000	4706.91500
1.04368	0.00000	4718.19200
1.04751	0.00000	4718.19200
1.05135	0.00000	4718.19200
1.05517	0.00000	4718.19200
1.05899	0.00000	4718.19200
1.06282	0.00000	4718.19200
1.06666	0.00000	4704.24100
1.07049	0.00000	4704.24100
1.07432	0.00000	4704.24100
1.07815	0.00000	4704.24100
1.08198	0.00000	4704.24100
1.08582	0.00000	4704.24100
1.08965	0.00000	4715.23700
1.09348	0.00000	4715.23700
1.09731	0.00000	4715.23700
1.10112	0.00000	4715.23700
1.10494	0.00000	4715.23700
1.10878	0.00000	4715.23700
1.11260	0.00000	4706.91500
1.11644	0.00000	4706.91500
1.12028	0.00000	4706.91500
1.12411	0.00000	4706.91500
1.12794	0.00000	4706.91500
1.13177	0.00000	4712.61200
1.13559	0.00000	4712.61200
1.13942	0.00000	4712.61200
1.14325	0.00000	4712.61200
1.14708	0.00000	4712.61200
1.15091	0.00000	4712.61200
1.15474	0.00000	4701.45100
1.15857	0.00000	4701.45100
1.16240	0.00000	4701.45100
1.16623	0.00000	4701.45100
1.17006	0.00000	4701.45100
1.17389	0.00000	4701.45100
1.17771	0.00000	4706.91500
1.18154	0.00000	4706.91500
1.18537	0.00000	4706.91500
1.18921	0.00000	4706.91500
1.19304	0.00000	4706.91500
1.19688	0.00000	4706.91500
1.20071	0.00000	4712.46300
1.20454	0.00000	4712.46300
1.20837	0.00000	4712.46300
1.21220	0.00000	4712.46300
1.21603	0.00000	4712.46300
1.21987	0.00000	4718.37600
1.22371	0.00000	4718.37600
1.22753	0.00000	4718.37600
1.23136	0.00000	4718.37600
1.23520	0.00000	4718.37600
1.23902	0.00000	4718.37600
1.24284	0.00000	4707.03100
1.24667	0.00000	4707.03100
1.25050	0.00000	4707.03100
1.25434	0.00000	4707.03100
1.25816	0.00000	4707.03100
1.26200	0.00000	4707.03100
1.26583	0.00000	4701.36800
1.26966	0.00000	4701.36800
1.27350	0.00000	4701.36800
1.27733	0.00000	4701.36800
1.28112	0.00000	4701.36800
1.28495	0.00000	4701.36800
1.28879	0.00000	4715.23700
1.29263	0.00000	4715.23700
1.29646	0.00000	4715.23700
1.30029	0.00000	4715.23700
1.30413	0.00000	4715.23700
1.30796	0.00000	4698.66000
1.31181	0.00000	4698.66000
1.31564	0.00000	4698.66000
1.31948	0.00000	4698.66000
1.32331	0.00000	4698.66000
1.32713	0.00000	4698.66000
1.33096	0.00000	4715.40200
1.33479	0.00000	4715.40200
1.33862	0.00000	4715.40200
1.34245	0.00000	4715.40200
1.34628	0.00000	4715.40200
1.35011	0.00000	4715.40200
1.35394	0.00000	4701.36800
1.35778	0.00000	4701.36800
1.36161	0.00000	4701.36800
1.36544	0.00000	4701.36800
1.36926	0.00000	4701.36800
1.37309	0.00000	4701.36800
1.37692	0.00000	4701.36800
1.38075	0.00000	4701.36800
1.38458	0.00000	4701.36800
1.38841	0.00000	4701.36800
1.39224	0.00000	4701.36800
1.39608	0.00000	4735.21700
1.39991	0.00000	4735.21700
1.40374	0.00000	4735.21700
1.40758	0.00000	4735.21700
1.41141	0.00000	4735.21700
1.41524	0.00000	4735.21700
1.41907	0.00000	4709.68900
1.42290	0.00000	4709.68900
1.42672	0.00000	4709.68900
1.43056	0.00000	4709.68900
1.43439	0.00000	4709.68900
1.43822	0.00000	4709.68900
1.44205	0.00000	4704.14200
1.44588	0.00000	4704.14200
1.44971	0.00000	4704.14200
1.45354	0.00000	4704.14200
1.45737	0.00000	4704.14200
1.46120	0.00000	4704.14200
1.46503	0.00000	4698.59400
1.46885	0.00000	4698.59400
1.47268	0.00000	4698.59400
1.47650	0.00000	4698.59400
1.48034	0.00000	4698.59400
1.48416	0.00000	4732.41000
1.48798	0.00000	4732.41000
1.49182	0.00000	4732.41000
1.49565	0.00000	4732.41000
1.49949	0.00000	4732.41000
1.50332	0.00000	4732.41000
1.50715	0.00000	4718.19200
1.51098	0.00000	4718.19200
1.51481	0.00000	4718.19200
1.51864	0.00000	4718.19200
1.52248	0.00000	4718.19200
1.52634	0.00000	4718.19200
1.53019	0.00000	4709.68900
1.53402	0.00000	4709.68900
1.53785	0.00000	4709.68900
1.54168	0.00000	4709.68900
1.54553	0.00000	4709.68900
1.54936	0.00000	4709.68900
1.55320	0.00000	4709.82100
1.55704	0.00000	4709.82100
1.56090	0.00000	4709.82100
1.56474	0.00000	4709.82100
1.56857	0.00000	4709.82100
1.57240	0.00000	4693.08000
1.57622	0.00000	4693.08000
1.58005	0.00000	4693.08000
1.58388	0.00000	4693.08000
1.58772	0.00000	4693.08000
1.59154	0.00000	4693.08000
1.59536	0.00000	4698.59400
1.59919	0.00000	4698.59400
1.60302	0.00000	4698.59400
1.60685	0.00000	4698.59400
1.61068	0.00000	4698.59400
1.61451	0.00000	4698.59400
1.61837	0.00000	4693.04700
1.62221	0.00000	4693.04700
1.62605	0.00000	4693.04700
1.62988	0.00000	4693.04700
1.63374	0.00000	4693.04700
1.63756	0.00000	4693.04700
1.64139	0.00000	4707.03100
1.64522	0.00000	4707.03100
1.64905	0.00000	4707.03100
1.65289	0.00000	4707.03100
1.65671	0.00000	4707.03100
1.66054	0.00000	4695.87000
1.66436	0.00000	4695.87000
1.66819	0.00000	4695.87000
1.67202	0.00000	4695.87000
1.67585	0.00000	4695.87000
1.67968	0.00000	4695.87000
1.68351	0.00000	4693.04700
1.68733	0.00000	4693.04700
1.69117	0.00000	4693.04700
1.69500	0.00000	4693.04700
1.69882	0.00000	4693.04700
1.70266	0.00000	4693.04700
1.70649	0.00000	4695.82100
1.71032	0.00000	4695.82100
1.71414	0.00000	4695.82100
1.71798	0.00000	4695.82100
1.72180	0.00000	4695.82100
1.72562	0.00000	4695.82100
1.72944	0.00000	4707.03100
1.73328	0.00000	4707.03100
1.73711	0.00000	4707.03100
1.74095	0.00000	4707.03100
1.74477	0.00000	4707.03100
1.74860	0.00000	4707.03100
1.75244	0.00000	4707.03100
1.75626	0.00000	4707.03100
1.76009	0.00000	4707.03100
1.76392	0.00000	4707.03100
1.76776	0.00000	4707.03100
1.77159	0.00000	4709.68900
1.77541	0.00000	4709.68900
1.77924	0.00000	4709.68900
1.78307	0.00000	4709.68900
1.78690	0.00000	4709.68900
1.79073	0.00000	4709.68900
1.79455	0.00000	4695.82100
1.79839	0.00000	4695.82100
1.80223	0.00000	4695.82100
1.80605	0.00000	4695.82100
1.80988	0.00000	4695.82100
1.81371	0.00000	4693.08000
1.81754	0.00000	4693.08000
1.82137	0.00000	4693.08000
1.82520	0.00000	4693.08000
1.82903	0.00000	4693.08000
1.83287	0.00000	4693.08000
1.83671	0.00000	4698.66000
1.84053	0.00000	4698.66000
1.84435	0.00000	4698.66000
1.84819	0.00000	4698.66000
1.85202	0.00000	4698.66000
1.85585	0.00000	4698.66000
1.85968	0.00000	4693.04700
1.86351	0.00000	4693.04700
1.86734	0.00000	4693.04700
1.87117	0.00000	4693.04700
1.87500	0.00000	4693.04700
1.87883	0.00000	4693.04700
1.88266	0.00000	4693.04700
1.88648	0.00000	4693.04700
1.89032	0.00000	4693.04700
1.89415	0.00000	4693.04700
1.89798	0.00000	4693.04700
1.90181	0.00000	4695.87000
1.90565	0.00000	4695.87000
1.90949	0.00000	4695.87000
1.91332	0.00000	4695.87000
1.91712	0.00000	4695.87000
1.92095	0.00000	4695.87000
1.92478	0.00000	4712.61200
1.92861	0.00000	4712.61200
1.93244	0.00000	4712.61200
1.93628	0.00000	4712.61200
1.94010	0.00000	4712.61200
1.94393	0.00000	4712.61200
1.94777	0.00000	4698.59400
1.95160	0.00000	4698.59400
1.95543	0.00000	4698.59400
1.95926	0.00000	4698.59400
1.96310	0.00000	4698.59400
1.96692	0.00000	4698.59400
1.97075	0.00000	4695.82100
1.97458	0.00000	4695.82100
1.97840	0.00000	4695.82100
1.98223	0.00000	4695.82100
1.98606	0.00000	4695.82100
1.98989	0.00000	4695.87000
1.99374	0.00000	4695.87000
1.99757	0.00000	4695.87000
2.00141	0.00000	4695.87000
2.00527	0.00000	4695.87000
2.00909	0.00000	4695.87000
2.01294	0.00000	4709.82100
2.01676	0.00000	4709.82100
2.02058	0.00000	4709.82100
2.02441	0.00000	4709.82100
2.02824	0.00000	4709.82100
2.03207	0.00000	4709.82100
2.03589	0.00000	4687.50000
2.03972	0.00000	4687.50000
2.04355	0.00000	4687.50000
2.04737	0.00000	4687.50000
2.05120	0.00000	4687.50000
2.05503	0.00000	4687.50000
2.05886	0.00000	4693.04700
2.06269	0.00000	4693.04700
2.06653	0.00000	4693.04700
2.07037	0.00000	4693.04700
2.07421	0.00000	4693.04700
2.07804	0.00000	4698.66000
2.08187	0.00000	4698.66000
2.08570	0.00000	4698.66000
2.08954	0.00000	4698.66000
2.09337	0.00000	4698.66000
2.09719	0.00000	4698.66000
2.10102	0.00000	4698.59400
2.10485	0.00000	4698.59400
2.10868	0.00000	4698.59400
2.11251	0.00000	4698.59400
2.11634	0.00000	4698.59400
2.12018	0.00000	4698.59400
2.12400	0.00000	4693.04700
2.12782	0.00000	4693.04700
2.13165	0.00000	4693.04700
2.13548	0.00000	4693.04700
2.13932	0.00000	4693.04700
2.14315	0.00000	4693.04700
2.14698	0.00000	4701.36800
2.15081	0.00000	4701.36800
2.15464	0.00000	4701.36800
2.15848	0.00000	4701.36800
2.16231	0.00000	4701.36800
2.16615	0.00000	4709.82100
2.16999	0.00000	4709.82100
2.17381	0.00000	4709.82100
2.17764	0.00000	4709.82100
2.18147	0.00000	4709.82100
2.18530	0.00000	4709.82100
2.18912	0.00000	4701.36800
2.19294	0.00000	4701.36800
2.19677	0.00000	4701.36800
2.20059	0.00000	4701.36800
2.20441	0.00000	4701.36800
2.20824	0.00000	4701.36800
2.21206	0.00000	4693.04700
2.21589	0.00000	4693.04700
2.21972	0.00000	4693.04700
2.22355	0.00000	4693.04700
2.22738	0.00000	4693.04700
2.23121	0.00000	4693.04700
2.23504	0.00000	4695.82100
2.23886	0.00000	4695.82100
2.24269	0.00000	4695.82100
2.24651	0.00000	4695.82100
2.25033	0.00000	4695.82100
2.25416	0.00000	4695.87000
2.25802	0.00000	4695.87000
2.26185	0.00000	4695.87000
2.26569	0.00000	4695.87000
2.26951	0.00000	4695.87000
2.27334	0.00000	4695.87000
2.27718	0.00000	4709.68900
2.28101	0.00000	4709.68900
2.28484	0.00000	4709.68900
2.28866	0.00000	4709.68900
2.29248	0.00000	4709.68900
2.29631	0.00000	4709.68900
2.30014	0.00000	4704.14200
2.30396	0.00000	4704.14200
2.30779	0.00000	4704.14200
2.31162	0.00000	4704.14200
2.31545	0.00000	4704.14200
2.31928	0.00000	4704.14200
2.32310	0.00000	4709.82100
2.32693	0.00000	4709.82100
2.33076	0.00000	4709.82100
2.33460	0.00000	4709.82100
2.33843	0.00000	4709.82100
2.34228	0.00000	4718.19200
2.34611	0.00000	4718.19200
2.34993	0.00000	4718.19200
2.35376	0.00000	4718.19200
2.35759	0.00000	4718.19200
2.36142	0.00000	4718.19200
2.36526	0.00000	4698.59400
2.36908	0.00000	4698.59400
2.37292	0.00000	4698.59400
2.37675	0.00000	4698.59400
2.38058	0.00000	4698.59400
2.38441	0.00000	4698.59400
2.38823	0.00000	4701.36800
2.39207	0.00000	4701.36800
2.39590	0.00000	4701.36800
2.39973	0.00000	4701.36800
2.40356	0.00000	4701.36800
2.40738	0.00000	4701.36800
2.41120	0.00000	4712.61200
2.41503	0.00000	4712.61200
2.41886	0.00000	4712.61200
2.42269	0.00000	4712.61200
2.42653	0.00000	4712.61200
2.43037	0.00000	4701.45100
2.43422	0.00000	4701.45100
2.43806	0.00000	4701.45100
2.44188	0.00000	4701.45100
2.44572	0.00000	4701.45100
2.44955	0.00000	4701.45100
2.45337	0.00000	4704.14200
2.45720	0.00000	4704.14200
2.46103	0.00000	4704.14200
2.46488	0.00000	4704.14200
2.46871	0.00000	4704.14200
2.47254	0.00000	4704.14200
2.47637	0.00000	4723.55700
2.48020	0.00000	4723.55700
2.48402	0.00000	4723.55700
2.48786	0.00000	4723.55700
2.49169	0.00000	4723.55700
2.49552	0.00000	4723.55700
2.49935	0.00000	4693.04700
2.50318	0.00000	4693.04700
2.50701	0.00000	4693.04700
2.51086	0.00000	4693.04700
2.51469	0.00000	4693.04700
2.51853	0.00000	4690.27400
2.52237	0.00000	4690.27400
2.52623	0.00000	4690.27400
2.53006	0.00000	4690.27400
2.53390	0.00000	4690.27400
2.53772	0.00000	4690.27400
2.54155	0.00000	4715.23700
2.54538	0.00000	4715.23700
2.54921	0.00000	4715.23700
2.55306	0.00000	4715.23700
2.55689	0.00000	4715.23700
2.56072	0.00000	4715.23700
2.56454	0.00000	4690.25700
2.56838	0.00000	4690.25700
2.57222	0.00000	4690.25700
2.57604	0.00000	4690.25700
2.57989	0.00000	4690.25700
2.58373	0.00000	4690.25700
2.58757	0.00000	4732.14200
2.59141	0.00000	4732.14200
2.59525	0.00000	4732.14200
2.59909	0.00000	4732.14200
2.60293	0.00000	4732.14200
2.60676	0.00000	4712.61200
2.61061	0.00000	4712.61200
2.61443	0.00000	4712.61200
2.61827	0.00000	4712.61200
2.62209	0.00000	4712.61200
2.62593	0.00000	4712.61200
2.62976	0.00000	4704.14200
2.63359	0.00000	4704.14200
2.63742	0.00000	4704.14200
2.64125	0.00000	4704.14200
2.64508	0.00000	4704.14200
2.64892	0.00000	4704.14200
2.65275	0.00000	4706.91500
2.65658	0.00000	4706.91500
2.66042	0.00000	4706.91500
2.66425	0.00000	4706.91500
2.66808	0.00000	4706.91500
2.67191	0.00000	4704.24100
2.67574	0.00000	4704.24100
2.67956	0.00000	4704.24100
2.68340	0.00000	4704.24100
2.68722	0.00000	4704.24100
2.69105	0.00000	4704.24100
2.69489	0.00000	4723.77200
2.69872	0.00000	4723.77200
2.70257	0.00000	4723.77200
2.70639	0.00000	4723.77200
2.71022	0.00000	4723.77200
2.71405	0.00000	4723.77200
2.71789	0.00000	4718.01000
2.72172	0.00000	4718.01000
2.72557	0.00000	4718.01000
2.72940	0.00000	4718.01000
2.73322	0.00000	4718.01000
2.73706	0.00000	4718.01000
2.74089	0.00000	4726.33100
2.74472	0.00000	4726.33100
2.74855	0.00000	4726.33100
2.75237	0.00000	4726.33100
2.75621	0.00000	4726.33100
2.76005	0.00000	4704.24100
2.76387	0.00000	4704.24100
2.76771	0.00000	4704.24100
2.77155	0.00000	4704.24100
2.77539	0.00000	4704.24100
2.77921	0.00000	4704.24100
2.78305	0.00000	4706.91500
2.78687	0.00000	4706.91500
2.79071	0.00000	4706.91500
2.79454	0.00000	4706.91500
2.79838	0.00000	4706.91500
2.80220	0.00000	4706.91500
2.80604	0.00000	4712.46300
2.80987	0.00000	4712.46300
2.81370	0.00000	4712.46300
2.81754	0.00000	4712.46300
2.82137	0.00000	4712.46300
2.82520	0.00000	4712.46300
2.82903	0.00000	4709.68900
2.83286	0.00000	4709.68900
2.83669	0.00000	4709.68900
2.84053	0.00000	4709.68900
2.84436	0.00000	4709.68900
2.84820	0.00000	4707.03100
2.85202	0.00000	4707.03100
2.85585	0.00000	4707.03100
2.85968	0.00000	4707.03100
2.86351	0.00000	4707.03100
2.86735	0.00000	4707.03100
2.87118	0.00000	4693.04700
2.87501	0.00000	4693.04700
2.87884	0.00000	4693.04700
2.88267	0.00000	4693.04700
2.88649	0.00000	4693.04700
2.89032	0.00000	4693.04700
2.89416	0.00000	4704.14200
2.89799	0.00000	4704.14200
2.90183	0.00000	4704.14200
2.90566	0.00000	4704.14200
2.90950	0.00000	4704.14200
2.91333	0.00000	4704.14200
2.91712	0.00000	4712.46300
2.92095	0.00000	4712.46300
2.92478	0.00000	4712.46300
2.92860	0.00000	4712.46300
2.93243	0.00000	4712.46300
2.93626	0.00000	4735.21700
2.94009	0.00000	4735.21700
2.94391	0.00000	4735.21700
2.94774	0.00000	4735.21700
2.95157	0.00000	4735.21700
2.95540	0.00000	4735.21700
2.95921	0.00000	4712.61200
2.96304	0.00000	4712.61200
2.96687	0.00000	4712.61200
2.97071	0.00000	4712.61200
2.97454	0.00000	4712.61200
2.97836	0.00000	4712.61200
2.98219	0.00000	4701.36800
2.98601	0.00000	4701.36800
2.98984	0.00000	4701.36800
2.99368	0.00000	4701.36800
2.99751	0.00000	4701.36800
3.00134	0.00000	4701.36800
3.00517	0.00000	4712.46300
3.00900	0.00000	4712.46300
3.01282	0.00000	4712.46300
3.01665	0.00000	4712.46300
3.02048	0.00000	4712.46300
3.02433	0.00000	4707.03100
3.02815	0.00000	4707.03100
3.03199	0.00000	4707.03100
3.03583	0.00000	4707.03100
3.03966	0.00000	4707.03100
3.04348	0.00000	4707.03100
3.04732	0.00000	4732.14200
3.05114	0.00000	4732.14200
3.05498	0.00000	4732.14200
3.05881	0.00000	4732.14200
3.06264	0.00000	4732.14200
3.06646	0.00000	4732.14200
3.07030	0.00000	4706.91500
3.07413	0.00000	4706.91500
3.07796	0.00000	4706.91500
3.08180	0.00000	4706.91500
3.08565	0.00000	4706.91500
3.08947	0.00000	4706.91500
3.09331	0.00000	4701.28600
3.09712	0.00000	4701.28600
3.10095	0.00000	4701.28600
3.10478	0.00000	4701.28600
3.10861	0.00000	4701.28600
3.11244	0.00000	4707.03100
3.11626	0.00000	4707.03100
3.12009	0.00000	4707.03100
3.12393	0.00000	4707.03100
3.12775	0.00000	4707.03100
3.13159	0.00000	4707.03100
3.13542	0.00000	4720.98200
3.13926	0.00000	4720.98200
3.14309	0.00000	4720.98200
3.14692	0.00000	4720.98200
3.15075	0.00000	4720.98200
3.15458	0.00000	4720.98200
3.15842	0.00000	4720.78400
3.16224	0.00000	4720.78400
3.16607	0.00000	4720.78400
3.16989	0.00000	4720.78400
3.17373	0.00000	4720.78400
3.17757	0.00000	4720.78400
3.18141	0.00000	4715.23700
3.18523	0.00000	4715.23700
3.18906	0.00000	4715.23700
3.19289	0.00000	4715.23700
3.19673	0.00000	4715.23700
3.20056	0.00000	4712.61200
3.20438	0.00000	4712.61200
3.20821	0.00000	4712.61200
3.21203	0.00000	4712.61200
3.21586	0.00000	4712.61200
3.21969	0.00000	4712.61200
3.22352	0.00000	4732.14200
3.22735	0.00000	4732.14200
3.23119	0.00000	4732.14200
3.23502	0.00000	4732.14200
3.23886	0.00000	4732.14200
3.24268	0.00000	4732.14200
3.24651	0.00000	4729.10500
3.25035	0.00000	4729.10500
3.25417	0.00000	4729.10500
3.25801	0.00000	4729.10500
3.26183	0.00000	4729.10500
3.26567	0.00000	4729.10500
3.26951	0.00000	4690.25700
3.27334	0.00000	4690.25700
3.27717	0.00000	4690.25700
3.28100	0.00000	4690.25700
3.28482	0.00000	4690.25700
3.28865	0.00000	4734.93300
3.29247	0.00000	4734.93300
3.29632	0.00000	4734.93300
3.30015	0.00000	4734.93300
3.30399	0.00000	4734.93300
3.30783	0.00000	4734.93300
3.31166	0.00000	4706.91500
3.31548	0.00000	4706.91500
3.31930	0.00000	4706.91500
3.32312	0.00000	4706.91500
3.32694	0.00000	4706.91500
3.33076	0.00000	4706.91500
3.33457	0.00000	4706.91500
3.33840	0.00000	4706.91500
3.34222	0.00000	4706.91500
3.34604	0.00000	4706.91500
3.34985	0.00000	4706.91500
3.35367	0.00000	4706.91500
3.35749	0.00000	4693.01400
3.36131	0.00000	4693.01400
3.36511	0.00000	4693.01400
3.36893	0.00000	4693.01400
3.37274	0.00000	4693.01400
3.37657	0.00000	4693.01400
3.38038	0.00000	4720.78400
3.38421	0.00000	4720.78400
3.38802	0.00000	4720.78400
3.39184	0.00000	4720.78400
3.39566	0.00000	4720.78400
3.39949	0.00000	4718.19200
3.40331	0.00000	4718.19200
3.40714	0.00000	4718.19200
3.41098	0.00000	4718.19200
3.41482	0.00000	4718.19200
3.41865	0.00000	4718.19200
3.42248	0.00000	4734.65200
3.42632	0.00000	4734.65200
3.43016	0.00000	4734.65200
3.43400	0.00000	4734.65200
3.43782	0.00000	4734.65200
3.44165	0.00000	4734.65200
3.44548	0.00000	4723.55700
3.44932	0.00000	4723.55700
3.45312	0.00000	4723.55700
3.45695	0.00000	4723.55700
3.46077	0.00000	4723.55700
3.46460	0.00000	4723.55700
3.46844	0.00000	4706.91500
3.47227	0.00000	4706.91500
3.47610	0.00000	4706.91500
3.47994	0.00000	4706.91500
3.48377	0.00000	4706.91500
3.48759	0.00000	4684.72600
3.49143	0.00000	4684.72600
3.49525	0.00000	4684.72600
3.49909	0.00000	4684.72600
3.50292	0.00000	4684.72600
3.50675	0.00000	4684.72600
3.51058	0.00000	4712.46300
3.51440	0.00000	4712.46300
3.51823	0.00000	4712.46300
3.52206	0.00000	4712.46300
3.52589	0.00000	4712.46300
3.52974	0.00000	4712.46300
3.53358	0.00000	4704.14200
3.53742	0.00000	4704.14200
3.54124	0.00000	4704.14200
3.54508	0.00000	4704.14200
3.54892	0.00000	4704.14200
3.55275	0.00000	4704.14200
3.55659	0.00000	4684.74200
3.56042	0.00000	4684.74200
3.56425	0.00000	4684.74200
3.56809	0.00000	4684.74200
3.57193	0.00000	4684.74200
3.57576	0.00000	4720.98200
3.57960	0.00000	4720.98200
3.58343	0.00000	4720.98200
3.58726	0.00000	4720.98200
3.59109	0.00000	4720.98200
3.59492	0.00000	4720.98200
3.59875	0.00000	4690.25700
3.60259	0.00000	4690.25700
3.60642	0.00000	4690.25700
3.61024	0.00000	4690.25700
3.61407	0.00000	4690.25700
3.61790	0.00000	4690.25700
3.62173	0.00000	4706.91500
3.62556	0.00000	4706.91500
3.62939	0.00000	4706.91500
3.63322	0.00000	4706.91500
3.63705	0.00000	4706.91500
3.64088	0.00000	4706.91500
3.64471	0.00000	4701.36800
3.64854	0.00000	4701.36800
3.65237	0.00000	4701.36800
3.65620	0.00000	4701.36800
3.66002	0.00000	4701.36800
3.66385	0.00000	4698.66000
3.66770	0.00000	4698.66000
3.67154	0.00000	4698.66000
3.67537	0.00000	4698.66000
3.67921	0.00000	4698.66000
3.68304	0.00000	4698.66000
3.68686	0.00000	4729.35200
3.69070	0.00000	4729.35200
3.69454	0.00000	4729.35200
3.69837	0.00000	4729.35200
3.70221	0.00000	4729.35200
3.70604	0.00000	4729.35200
3.70987	0.00000	4715.23700
3.71370	0.00000	4715.23700
3.71753	0.00000	4715.23700
3.72136	0.00000	4715.23700
3.72519	0.00000	4715.23700
3.72902	0.00000	4715.23700
3.73286	0.00000	4718.01000
3.73668	0.00000	4718.01000
3.74051	0.00000	4718.01000
3.74434	0.00000	4718.01000
3.74817	0.00000	4718.01000
3.75201	0.00000	4715.40200
3.75584	0.00000	4715.40200
3.75967	0.00000	4715.40200
3.76350	0.00000	4715.40200
3.76733	0.00000	4715.40200
3.77117	0.00000	4715.40200
3.77500	0.00000	4712.46300
3.77883	0.00000	4712.46300
3.78266	0.00000	4712.46300
3.78649	0.00000	4712.46300
3.79033	0.00000	4712.46300
3.79416	0.00000	4712.46300
3.79799	0.00000	4698.59400
3.80182	0.00000	4698.59400
3.80565	0.00000	4698.59400
3.80948	0.00000	4698.59400
3.81332	0.00000	4698.59400
3.81712	0.00000	4698.59400
3.82095	0.00000	4723.77200
3.82477	0.00000	4723.77200
3.82860	0.00000	4723.77200
3.83243	0.00000	4723.77200
3.83626	0.00000	4723.77200
3.84011	0.00000	4726.79600
3.84394	0.00000	4726.79600
3.84777	0.00000	4726.79600
3.85160	0.00000	4726.79600
3.85543	0.00000	4726.79600
3.85925	0.00000	4726.79600
3.86308	0.00000	4706.91500
3.86690	0.00000	4706.91500
3.87073	0.00000	4706.91500
3.87455	0.00000	4706.91500
3.87840	0.00000	4706.91500
3.88223	0.00000	4706.91500
3.88606	0.00000	4709.68900
3.88989	0.00000	4709.68900
3.89371	0.00000	4709.68900
3.89756	0.00000	4709.68900
3.90139	0.00000	4709.68900
3.90523	0.00000	4709.68900
3.90906	0.00000	4704.14200
3.91288	0.00000	4704.14200
3.91671	0.00000	4704.14200
3.92053	0.00000	4704.14200
3.92436	0.00000	4704.14200
3.92819	0.00000	4729.60300
3.93203	0.00000	4729.60300
3.93587	0.00000	4729.60300
3.93970	0.00000	4729.60300
3.94352	0.00000	4729.60300
3.94735	0.00000	4729.60300
3.95118	0.00000	4706.91500
3.95502	0.00000	4706.91500
3.95886	0.00000	4706.91500
3.96270	0.00000	4706.91500
3.96652	0.00000	4706.91500
3.97036	0.00000	4706.91500
3.97419	0.00000	4718.01000
3.97803	0.00000	4718.01000
3.98186	0.00000	4718.01000
3.98569	0.00000	4718.01000
3.98952	0.00000	4718.01000
3.99335	0.00000	4718.01000
3.99719	0.00000	4723.77200
4.00104	0.00000	4723.77200
4.00488	0.00000	4723.77200
4.00872	0.00000	4723.77200
4.01256	0.00000	4723.77200
4.01640	0.00000	4707.03100
4.02022	0.00000	4707.03100
4.02405	0.00000	4707.03100
4.02789	0.00000	4707.03100
4.03171	0.00000	4707.03100
4.03554	0.00000	4707.03100
4.03936	0.00000	4704.14200
4.04320	0.00000	4704.14200
4.04703	0.00000	4704.14200
4.05086	0.00000	4704.14200
4.05469	0.00000	4704.14200
4.05853	0.00000	4704.14200
4.06236	0.00000	4704.14200
4.06619	0.00000	4704.14200
4.07002	0.00000	4704.14200
4.07385	0.00000	4704.14200
4.07769	0.00000	4704.14200
4.08151	0.00000	4704.14200
4.08535	0.00000	4704.24100
4.08918	0.00000	4704.24100
4.09301	0.00000	4704.24100
4.09683	0.00000	4704.24100
4.10066	0.00000	4704.24100
4.10450	0.00000	4690.29000
4.10835	0.00000	4690.29000
4.11218	0.00000	4690.29000
4.11601	0.00000	4690.29000
4.11984	0.00000	4690.29000
4.12368	0.00000	4690.29000
4.12750	0.00000	4704.14200
4.13135	0.00000	4704.14200
4.13519	0.00000	4704.14200
4.13903	0.00000	4704.14200
4.14286	0.00000	4704.14200
4.14670	0.00000	4704.14200
4.15053	0.00000	4698.59400
4.15435	0.00000	4698.59400
4.15817	0.00000	4698.59400
4.16201	0.00000	4698.59400
4.16584	0.00000	4698.59400
4.16967	0.00000	4701.45100
4.17350	0.00000	4701.45100
4.17732	0.00000	4701.45100
4.18112	0.00000	4701.45100
4.18495	0.00000	4701.45100
4.18878	0.00000	4701.45100
4.19261	0.00000	4704.24100
4.19644	0.00000	4704.24100
4.20027	0.00000	4704.24100
4.20410	0.00000	4704.24100
4.20793	0.00000	4704.24100
4.21177	0.00000	4704.24100
4.21560	0.00000	4709.68900
4.21943	0.00000	4709.68900
4.22326	0.00000	4709.68900
4.22711	0.00000	4709.68900
4.23093	0.00000	4709.68900
4.23478	0.00000	4709.68900
4.23861	0.00000	4706.91500
4.24244	0.00000	4706.91500
4.24627	0.00000	4706.91500
4.25009	0.00000	4706.91500
4.25393	0.00000	4706.91500
4.25777	0.00000	4701.45100
4.26159	0.00000	4701.45100
4.26542	0.00000	4701.45100
4.26925	0.00000	4701.45100
4.27309	0.00000	4701.45100
4.27692	0.00000	4701.45100
4.28076	0.00000	4726.56200
4.28458	0.00000	4726.56200
4.28841	0.00000	4726.56200
4.29225	0.00000	4726.56200
4.29608	0.00000	4726.56200
4.29992	0.00000	4726.56200
4.30375	0.00000	4709.68900
4.30758	0.00000	4709.68900
4.31140	0.00000	4709.68900
4.31523	0.00000	4709.68900
4.31907	0.00000	4709.68900
4.32290	0.00000	4709.68900
4.32673	0.00000	4715.40200
4.33055	0.00000	4715.40200
4.33438	0.00000	4715.40200
4.33822	0.00000	4715.40200
4.34204	0.00000	4715.40200
4.34587	0.00000	4723.98900
4.34970	0.00000	4723.98900
4.35353	0.00000	4723.98900
4.35736	0.00000	4723.98900
4.36118	0.00000	4723.98900
4.36502	0.00000	4723.98900
4.36884	0.00000	4720.98200
4.37267	0.00000	4720.98200
4.37651	0.00000	4720.98200
4.38034	0.00000	4720.98200
4.38417	0.00000	4720.98200
4.38801	0.00000	4720.98200
4.39185	0.00000	4709.68900
4.39569	0.00000	4709.68900
4.39952	0.00000	4709.68900
4.40335	0.00000	4709.68900
4.40717	0.00000	4709.68900
4.41101	0.00000	4709.68900
4.41485	0.00000	4701.36800
4.41868	0.00000	4701.36800
4.42251	0.00000	4701.36800
4.42633	0.00000	4701.36800
4.43016	0.00000	4701.36800
4.43398	0.00000	4695.87000
4.43782	0.00000	4695.87000
4.44166	0.00000	4695.87000
4.44549	0.00000	4695.87000
4.44932	0.00000	4695.87000
4.45312	0.00000	4695.87000
4.45695	0.00000	4709.68900
4.46079	0.00000	4709.68900
4.46462	0.00000	4709.68900
4.46846	0.00000	4709.68900
4.47229	0.00000	4709.68900
4.47612	0.00000	4709.68900
4.47997	0.00000	4712.46300
4.48380	0.00000	4712.46300
4.48762	0.00000	4712.46300
4.49145	0.00000	4712.46300
4.49529	0.00000	4712.46300
4.49911	0.00000	4712.46300
4.50295	0.00000	4712.46300
4.50678	0.00000	4712.46300
4.51061	0.00000	4712.46300
4.51445	0.00000	4712.46300
4.51829	0.00000	4712.46300
4.52211	0.00000	4709.82100
4.52597	0.00000	4709.82100
4.52982	0.00000	4709.82100
4.53367	0.00000	4709.82100
4.53751	0.00000	4709.82100
4.54135	0.00000	4709.82100
4.54518	0.00000	4720.78400
4.54901	0.00000	4720.78400
4.55283	0.00000	4720.78400
4.55667	0.00000	4720.78400
4.56050	0.00000	4720.78400
4.56435	0.00000	4720.78400
4.56818	0.00000	4709.68900
4.57202	0.00000	4709.68900
4.57585	0.00000	4709.68900
4.57969	0.00000	4709.68900
4.58352	0.00000	4709.68900
4.58735	0.00000	4709.68900
4.59119	0.00000	4723.55700
4.59501	0.00000	4723.55700
4.59884	0.00000	4723.55700
4.60268	0.00000	4723.55700
4.60652	0.00000	4723.55700
4.61035	0.00000	4712.61200
4.61421	0.00000	4712.61200
4.61805	0.00000	4712.61200
4.62188	0.00000	4712.61200
4.62573	0.00000	4712.61200
4.62957	0.00000	4712.61200
4.63341	0.00000	4715.23700
4.63724	0.00000	4715.23700
4.64108	0.00000	4715.23700
4.64491	0.00000	4715.23700
4.64874	0.00000	4715.23700
4.65257	0.00000	4715.23700
4.65641	0.00000	4709.68900
4.66024	0.00000	4709.68900
4.66407	0.00000	4709.68900
4.66790	0.00000	4709.68900
4.67173	0.00000	4709.68900
4.67556	0.00000	4709.68900
4.67939	0.00000	4693.04700
4.68322	0.00000	4693.04700
4.68705	0.00000	4693.04700
4.69089	0.00000	4693.04700
4.69473	0.00000	4693.04700
4.69859	0.00000	4704.24100
4.70245	0.00000	4704.24100
4.70628	0.00000	4704.24100
4.71013	0.00000	4704.24100
4.71396	0.00000	4704.24100
4.71780	0.00000	4704.24100
4.72163	0.00000	4709.68900
4.72547	0.00000	4709.68900
4.72930	0.00000	4709.68900
4.73312	0.00000	4709.68900
4.73695	0.00000	4709.68900
4.74078	0.00000	4709.68900
4.74462	0.00000	4712.46300
4.74845	0.00000	4712.46300
4.75228	0.00000	4712.46300
4.75612	0.00000	4712.46300
4.75994	0.00000	4712.46300
4.76379	0.00000	4712.46300
4.76762	0.00000	4720.78400
4.77146	0.00000	4720.78400
4.77529	0.00000	4720.78400
4.77914	0.00000	4720.78400
4.78297	0.00000	4720.78400
4.78681	0.00000	4707.03100
4.79065	0.00000	4707.03100
4.79448	0.00000	4707.03100
4.79831	0.00000	4707.03100
4.80214	0.00000	4707.03100
4.80597	0.00000	4707.03100
4.80981	0.00000	4718.01000
4.81364	0.00000	4718.01000
4.81748	0.00000	4718.01000
4.82130	0.00000	4718.01000
4.82512	0.00000	4718.01000
4.82894	0.00000	4718.01000
4.83277	0.00000	4715.23700
4.83660	0.00000	4715.23700
4.84044	0.00000	4715.23700
4.84427	0.00000	4715.23700
4.84811	0.00000	4715.23700
4.85194	0.00000	4715.23700
4.85576	0.00000	4723.55700
4.85959	0.00000	4723.55700
4.86342	0.00000	4723.55700
4.86727	0.00000	4723.55700
4.87110	0.00000	4723.55700
4.87493	0.00000	4709.82100
4.87877	0.00000	4709.82100
4.88261	0.00000	4709.82100
4.88644	0.00000	4709.82100
4.89028	0.00000	4709.82100
4.89410	0.00000	4709.82100
4.89793	0.00000	4704.14200
4.90176	0.00000	4704.14200
4.90559	0.00000	4704.14200
4.90943	0.00000	4704.14200
4.91327	0.00000	4704.14200
4.91710	0.00000	4704.14200
4.92094	0.00000	4704.04400
4.92476	0.00000	4704.04400
4.92860	0.00000	4704.04400
4.93242	0.00000	4704.04400
4.93627	0.00000	4704.04400
4.94009	0.00000	4704.04400
4.94392	0.00000	4712.46300
4.94775	0.00000	4712.46300
4.95158	0.00000	4712.46300
4.95541	0.00000	4712.46300
4.95924	0.00000	4712.46300
4.96306	0.00000	4707.03100
4.96689	0.00000	4707.03100
4.97072	0.00000	4707.03100
4.97455	0.00000	4707.03100
4.97838	0.00000	4707.03100
4.98220	0.00000	4707.03100
4.98604	0.00000	4715.23700
4.98987	0.00000	4715.23700
4.99370	0.00000	4715.23700
4.99754	0.00000	4715.23700
5.00194	0.00000	4715.23700
5.00581	0.00000	4715.23700
5.00966	0.00000	4712.46300
5.01350	0.00000	4712.46300
5.01734	0.00000	4712.46300
5.02117	0.00000	4712.46300
5.02501	0.00000	4712.46300
5.02886	0.00000	4709.82100
5.03283	0.00000	4709.82100
5.03672	0.00000	4709.82100
5.04058	0.00000	4709.82100
5.04443	0.00000	4709.82100
5.04827	0.00000	4709.82100
5.05213	0.00000	4726.10300
5.05599	0.00000	4726.10300
5.05983	0.00000	4726.10300
5.06366	0.00000	4726.10300
5.06750	0.00000	4726.10300
5.07134	0.00000	4726.10300
5.07518	0.00000	4739.58300
5.07902	0.00000	4739.58300
5.08287	0.00000	4739.58300
5.08670	0.00000	4739.58300
5.09055	0.00000	4739.58300
5.09439	0.00000	4739.58300
5.09823	0.00000	4764.25400
5.10206	0.00000	4764.25400
5.10590	0.00000	4764.25400
5.10973	0.00000	4764.25400
5.11356	0.00000	4764.25400
5.11739	0.00000	4764.25400
5.12122	0.00000	4769.73700
5.12508	0.00000	4769.73700
5.12894	0.00000	4769.73700
5.13279	0.00000	4769.73700
5.13663	0.00000	4769.73700
5.14047	0.00000	4783.44300
5.14432	0.00000	4783.44300
5.14816	0.00000	4783.44300
5.15200	0.00000	4783.44300
5.15583	0.00000	4783.44300
5.15967	0.00000	4783.44300
5.16351	0.00000	4807.41200
5.16735	0.00000	4807.41200
5.17119	0.00000	4807.41200
5.17504	0.00000	4807.41200
5.17888	0.00000	4807.41200
5.18272	0.00000	4807.41200
5.18656	0.00000	4821.03900
5.19040	0.00000	4821.03900
5.19424	0.00000	4821.03900
5.19807	0.00000	4821.03900
5.20191	0.00000	4821.03900
5.20575	0.00000	4821.03900
5.20959	0.00000	4809.42900
5.21342	0.00000	4809.42900
5.21727	0.00000	4809.42900
5.22112	0.00000	4809.42900
5.22497	0.00000	4809.42900
5.22880	0.00000	4809.42900
5.23265	0.00000	4828.39600
5.23650	0.00000	4828.39600
5.24034	0.00000	4828.39600
5.24418	0.00000	4828.39600
5.24802	0.00000	4828.39600
5.25185	0.00000	4828.39600
5.25569	0.00000	4820.26700
5.25952	0.00000	4820.26700
5.26335	0.00000	4820.26700
5.26719	0.00000	4820.26700
5.27103	0.00000	4820.26700
5.27487	0.00000	4820.26700
5.27870	0.00000	4822.97700
5.28254	0.00000	4822.97700
5.28640	0.00000	4822.97700
5.29023	0.00000	4822.97700
5.29407	0.00000	4822.97700
5.29790	0.00000	4840.11600
5.30173	0.00000	4840.11600
5.30556	0.00000	4840.11600
5.30940	0.00000	4840.11600
5.31324	0.00000	4840.11600
5.31707	0.00000	4840.11600
5.32091	0.00000	4845.56700
5.32476	0.00000	4845.56700
5.32860	0.00000	4845.56700
5.33243	0.00000	4845.56700
5.33628	0.00000	4845.56700
5.34011	0.00000	4845.56700
5.34394	0.00000	4844.65300
5.34778	0.00000	4844.65300
5.35161	0.00000	4844.65300
5.35545	0.00000	4844.65300
5.35928	0.00000	4844.65300
5.36312	0.00000	4844.65300
5.36695	0.00000	4839.23400
5.37078	0.00000	4839.23400
5.37462	0.00000	4839.23400
5.37846	0.00000	4839.23400
5.38229	0.00000	4839.23400
5.38613	0.00000	4839.23400
5.38996	0.00000	4847.36300
5.39382	0.00000	4847.36300
5.39765	0.00000	4847.36300
5.40148	0.00000	4847.36300
5.40531	0.00000	4847.36300
5.40912	0.00000	4847.36300
5.41296	0.00000	4841.94400
5.41679	0.00000	4841.94400
5.42063	0.00000	4841.94400
5.42447	0.00000	4841.94400
5.42831	0.00000	4841.94400
5.43215	0.00000	4841.94400
5.43599	0.00000	4814.11600
5.43983	0.00000	4814.11600
5.44367	0.00000	4814.11600
5.44751	0.00000	4814.11600
5.45137	0.00000	4814.11600
5.45522	0.00000	4814.11600
5.45906	0.00000	4816.07100
5.46290	0.00000	4816.07100
5.46673	0.00000	4816.07100
5.47056	0.00000	4816.07100
5.47439	0.00000	4816.07100
5.47823	0.00000	4816.07100
5.48205	0.00000	4835.66800
5.48589	0.00000	4835.66800
5.48971	0.00000	4835.66800
5.49354	0.00000	4835.66800
5.49736	0.00000	4835.66800
5.50119	0.00000	4835.66800
5.50502	0.00000	4819.50400
5.50885	0.00000	4819.50400
5.51269	0.00000	4819.50400
5.51654	0.00000	4819.50400
5.52037	0.00000	4819.50400
5.52420	0.00000	4825.68600
5.52802	0.00000	4825.68600
5.53189	0.00000	4825.68600
5.53574	0.00000	4825.68600
5.53958	0.00000	4825.68600
5.54342	0.00000	4825.68600
5.54725	0.00000	4851.01700
5.55108	0.00000	4851.01700
5.55492	0.00000	4851.01700
5.55880	0.00000	4851.01700
5.56264	0.00000	4851.01700
5.56648	0.00000	4851.01700
5.57032	0.00000	4835.66800
5.57416	0.00000	4835.66800
5.57801	0.00000	4835.66800
5.58185	0.00000	4835.66800
5.58570	0.00000	4835.66800
5.58953	0.00000	4835.66800
5.59337	0.00000	4830.28000
5.59722	0.00000	4830.28000
5.60107	0.00000	4830.28000
5.60492	0.00000	4830.28000
5.60876	0.00000	4830.28000
5.61261	0.00000	4830.28000
5.61646	0.00000	4841.05600
5.62033	0.00000	4841.05600
5.62418	0.00000	4841.05600
5.62804	0.00000	4841.05600
5.63189	0.00000	4841.05600
5.63573	0.00000	4841.05600
5.63957	0.00000	4855.49100
5.64342	0.00000	4855.49100
5.64726	0.00000	4855.49100
5.65110	0.00000	4855.49100
5.65494	0.00000	4855.49100
5.65878	0.00000	4855.49100
5.66262	0.00000	4822.19800
5.66646	0.00000	4822.19800
5.67029	0.00000	4822.19800
5.67412	0.00000	4822.19800
5.67795	0.00000	4822.19800
5.68178	0.00000	4822.19800
5.68561	0.00000	4822.19800
5.68945	0.00000	4822.19800
5.69329	0.00000	4822.19800
5.69712	0.00000	4822.19800
5.70095	0.00000	4822.19800
5.70479	0.00000	4822.19800
5.70864	0.00000	4841.05600
5.71248	0.00000	4841.05600
5.71632	0.00000	4841.05600
5.72016	0.00000	4841.05600
5.72400	0.00000	4841.05600
5.72784	0.00000	4841.05600
5.73169	0.00000	4830.28000
5.73553	0.00000	4830.28000
5.73937	0.00000	4830.28000
5.74322	0.00000	4830.28000
5.74706	0.00000	4830.28000
5.75090	0.00000	4853.74200
5.75473	0.00000	4853.74200
5.75856	0.00000	4853.74200
5.76239	0.00000	4853.74200
5.76621	0.00000	4853.74200
5.77005	0.00000	4853.74200
5.77389	0.00000	4831.10500
5.77772	0.00000	4831.10500
5.78156	0.00000	4831.10500
5.78539	0.00000	4831.10500
5.78923	0.00000	4831.10500
5.79307	0.00000	4831.10500
5.79691	0.00000	4827.58600
5.80075	0.00000	4827.58600
5.80459	0.00000	4827.58600
5.80843	0.00000	4827.58600
5.81227	0.00000	4827.58600
5.81611	0.00000	4827.58600
5.81996	0.00000	4835.66800
5.82378	0.00000	4835.66800
5.82762	0.00000	4835.66800
5.83145	0.00000	4835.66800
5.83530	0.00000	4835.66800
5.83914	0.00000	4835.66800
5.84298	0.00000	4824.89200
5.84681	0.00000	4824.89200
5.85066	0.00000	4824.89200
5.85449	0.00000	4824.89200
5.85832	0.00000	4824.89200
5.86215	0.00000	4824.89200
5.86598	0.00000	4832.97400
5.86981	0.00000	4832.97400
5.87365	0.00000	4832.97400
5.87748	0.00000	4832.97400
5.88132	0.00000	4832.97400
5.88512	0.00000	4832.97400
5.88896	0.00000	4827.58600
5.89280	0.00000	4827.58600
5.89664	0.00000	4827.58600
5.90048	0.00000	4827.58600
5.90432	0.00000	4827.58600
5.90815	0.00000	4827.58600
5.91198	0.00000	4824.89200
5.91581	0.00000	4824.89200
5.91964	0.00000	4824.89200
5.92348	0.00000	4824.89200
5.92732	0.00000	4824.89200
5.93116	0.00000	4824.89200
5.93499	0.00000	4822.19800
5.93884	0.00000	4822.19800
5.94268	0.00000	4822.19800
5.94652	0.00000	4822.19800
5.95036	0.00000	4822.19800
5.95420	0.00000	4822.19800
5.95804	0.00000	4824.10700
5.96188	0.00000	4824.10700
5.96572	0.00000	4824.10700
5.96957	0.00000	4824.10700
5.97340	0.00000	4824.10700
5.97725	0.00000	4824.10700
5.98107	0.00000	4827.58600
5.98492	0.00000	4827.58600
5.98876	0.00000	4827.58600
5.99260	0.00000	4827.58600
5.99644	0.00000	4827.58600
6.00028	0.00000	4825.68600
6.00411	0.00000	4825.68600
6.00794	0.00000	4825.68600
6.01178	0.00000	4825.68600
6.01562	0.00000	4825.68600
6.01945	0.00000	4825.68600
6.02328	0.00000	4839.23400
6.02713	0.00000	4839.23400
6.03096	0.00000	4839.23400
6.03480	0.00000	4839.23400
6.03864	0.00000	4839.23400
6.04247	0.00000	4839.23400
6.04630	0.00000	4827.58600
6.05015	0.00000	4827.58600
6.05400	0.00000	4827.58600
6.05784	0.00000	4827.58600
6.06168	0.00000	4827.58600
6.06552	0.00000	4827.58600
6.06936	0.00000	4835.66800
6.07320	0.00000	4835.66800
6.07704	0.00000	4835.66800
6.08089	0.00000	4835.66800
6.08473	0.00000	4835.66800
6.08857	0.00000	4835.66800
6.09240	0.00000	4838.36200
6.09623	0.00000	4838.36200
6.10006	0.00000	4838.36200
6.10389	0.00000	4838.36200
6.10773	0.00000	4838.36200
6.11157	0.00000	4838.36200
6.11540	0.00000	4832.97400
6.11923	0.00000	4832.97400
6.12307	0.00000	4832.97400
6.12691	0.00000	4832.97400
6.13075	0.00000	4832.97400
6.13459	0.00000	4832.97400
6.13843	0.00000	4830.28000
6.14228	0.00000	4830.28000
6.14612	0.00000	4830.28000
6.14996	0.00000	4830.28000
6.15380	0.00000	4830.28000
6.15763	0.00000	4830.28000
6.16147	0.00000	4821.42800
6.16531	0.00000	4821.42800
6.16912	0.00000	4821.42800
6.17295	0.00000	4821.42800
6.17678	0.00000	4821.42800
6.18061	0.00000	4821.42800
6.18445	0.00000	4830.28000
6.18828	0.00000	4830.28000
6.19211	0.00000	4830.28000
6.19594	0.00000	4830.28000
6.19977	0.00000	4830.28000
6.20361	0.00000	4830.28000
6.20745	0.00000	4827.58600
6.21129	0.00000	4827.58600
6.21513	0.00000	4827.58600
6.21897	0.00000	4827.58600
6.22281	0.00000	4827.58600
6.22665	0.00000	4827.58600
6.23049	0.00000	4838.36200
6.23433	0.00000	4838.36200
6.23817	0.00000	4838.36200
6.24201	0.00000	4838.36200
6.24585	0.00000	4838.36200
6.24969	0.00000	4831.10500
6.25352	0.00000	4831.10500
6.25735	0.00000	4831.10500
6.26119	0.00000	4831.10500
6.26501	0.00000	4831.10500
6.26884	0.00000	4831.10500
6.27268	0.00000	4831.10500
6.27655	0.00000	4831.10500
6.28039	0.00000	4831.10500
6.28422	0.00000	4831.10500
6.28806	0.00000	4831.10500
6.29190	0.00000	4831.10500
6.29574	0.00000	4860.91000
6.29959	0.00000	4860.91000
6.30342	0.00000	4860.91000
6.30726	0.00000	4860.91000
6.31109	0.00000	4860.91000
6.31493	0.00000	4860.91000
6.31877	0.00000	4841.05600
6.32261	0.00000	4841.05600
6.32645	0.00000	4841.05600
6.33029	0.00000	4841.05600
6.33412	0.00000	4841.05600
6.33796	0.00000	4841.05600
6.34181	0.00000	4832.97400
6.34565	0.00000	4832.97400
6.34949	0.00000	4832.97400
6.35332	0.00000	4832.97400
6.35712	0.00000	4832.97400
6.36095	0.00000	4832.97400
6.36477	0.00000	4832.97400
6.36861	0.00000	4832.97400
6.37245	0.00000	4832.97400
6.37629	0.00000	4832.97400
6.38013	0.00000	4832.97400
6.38396	0.00000	4832.97400
6.38780	0.00000	4841.05600
6.39164	0.00000	4841.05600
6.39547	0.00000	4841.05600
6.39931	0.00000	4841.05600
6.40315	0.00000	4841.05600
6.40698	0.00000	4841.05600
6.41082	0.00000	4846.44400
6.41466	0.00000	4846.44400
6.41850	0.00000	4846.44400
6.42233	0.00000	4846.44400
6.42617	0.00000	4846.44400
6.43000	0.00000	4846.44400
6.43385	0.00000	4835.66800
6.43770	0.00000	4835.66800
6.44154	0.00000	4835.66800
6.44537	0.00000	4835.66800
6.44921	0.00000	4835.66800
6.45304	0.00000	4835.66800
6.45687	0.00000	4835.66800
6.46071	0.00000	4835.66800
6.46454	0.00000	4835.66800
6.46837	0.00000	4835.66800
6.47221	0.00000	4835.66800
6.47605	0.00000	4835.66800
6.47988	0.00000	4835.66800
6.48373	0.00000	4835.66800
6.48757	0.00000	4835.66800
6.49141	0.00000	4835.66800
6.49525	0.00000	4835.66800
6.49909	0.00000	4841.94400
6.50292	0.00000	4841.94400
6.50675	0.00000	4841.94400
6.51058	0.00000	4841.94400
6.51442	0.00000	4841.94400
6.51825	0.00000	4841.94400
6.52210	0.00000	4824.89200
6.52596	0.00000	4824.89200
6.52981	0.00000	4824.89200
6.53366	0.00000	4824.89200
6.53751	0.00000	4824.89200
6.54135	0.00000	4824.89200
6.54519	0.00000	4827.58600
6.54903	0.00000	4827.58600
6.55287	0.00000	4827.58600
6.55671	0.00000	4827.58600
6.56055	0.00000	4827.58600
6.56438	0.00000	4827.58600
6.56823	0.00000	4849.13800
6.57206	0.00000	4849.13800
6.57590	0.00000	4849.13800
6.57973	0.00000	4849.13800
6.58357	0.00000	4849.13800
6.58740	0.00000	4849.13800
6.59123	0.00000	4865.30200
6.59507	0.00000	4865.30200
6.59890	0.00000	4865.30200
6.60274	0.00000	4865.30200
6.60658	0.00000	4865.30200
6.61041	0.00000	4865.30200
6.61425	0.00000	4841.05600
6.61809	0.00000	4841.05600
6.62193	0.00000	4841.05600
6.62577	0.00000	4841.05600
6.62960	0.00000	4841.05600
6.63344	0.00000	4841.05600
6.63727	0.00000	4843.75000
6.64110	0.00000	4843.75000
6.64496	0.00000	4843.75000
6.64881	0.00000	4843.75000
6.65264	0.00000	4843.75000
6.65647	0.00000	4843.75000
6.66030	0.00000	4818.75000
6.66414	0.00000	4818.75000
6.66797	0.00000	4818.75000
6.67180	0.00000	4818.75000
6.67564	0.00000	4818.75000
6.67947	0.00000	4818.75000
6.68330	0.00000	4854.52600
6.68714	0.00000	4854.52600
6.69097	0.00000	4854.52600
6.69480	0.00000	4854.52600
6.69863	0.00000	4854.52600
6.70247	0.00000	4854.52600
6.70631	0.00000	4862.60700
6.71014	0.00000	4862.60700
6.71398	0.00000	4862.60700
6.71782	0.00000	4862.60700
6.72165	0.00000	4862.60700
6.72549	0.00000	4862.60700
6.72931	0.00000	4824.10700
6.73312	0.00000	4824.10700
6.73696	0.00000	4824.10700
6.74079	0.00000	4824.10700
6.74462	0.00000	4824.10700
6.74847	0.00000	4824.10700
6.75230	0.00000	4849.13800
6.75613	0.00000	4849.13800
6.75997	0.00000	4849.13800
6.76380	0.00000	4849.13800
6.76763	0.00000	4849.13800
6.77145	0.00000	4849.13800
6.77529	0.00000	4851.83200
6.77912	0.00000	4851.83200
6.78296	0.00000	4851.83200
6.78679	0.00000	4851.83200
6.79062	0.00000	4851.83200
6.79446	0.00000	4850.07200
6.79829	0.00000	4850.07200
6.80213	0.00000	4850.07200
6.80596	0.00000	4850.07200
6.80979	0.00000	4850.07200
6.81362	0.00000	4850.07200
6.81747	0.00000	4827.58600
6.82133	0.00000	4827.58600
6.82518	0.00000	4827.58600
6.82902	0.00000	4827.58600
6.83285	0.00000	4827.58600
6.83669	0.00000	4827.58600
6.84053	0.00000	4851.83200
6.84439	0.00000	4851.83200
6.84822	0.00000	4851.83200
6.85205	0.00000	4851.83200
6.85590	0.00000	4851.83200
6.85973	0.00000	4851.83200
6.86358	0.00000	4816.07100
6.86742	0.00000	4816.07100
6.87125	0.00000	4816.07100
6.87509	0.00000	4816.07100
6.87893	0.00000	4816.07100
6.88276	0.00000	4816.07100
6.88660	0.00000	4843.75000
6.89043	0.00000	4843.75000
6.89426	0.00000	4843.75000
6.89810	0.00000	4843.75000
6.90193	0.00000	4843.75000
6.90576	0.00000	4843.75000
6.90960	0.00000	4824.10700
6.91344	0.00000	4824.10700
6.91728	0.00000	4824.10700
6.92112	0.00000	4824.10700
6.92496	0.00000	4824.10700
6.92879	0.00000	4824.10700
6.93262	0.00000	4849.13800
6.93646	0.00000	4849.13800
6.94029	0.00000	4849.13800
6.94412	0.00000	4849.13800
6.94796	0.00000	4849.13800
6.95180	0.00000	4849.13800
6.95565	0.00000	4846.44400
6.95948	0.00000	4846.44400
6.96331	0.00000	4846.44400
6.96714	0.00000	4846.44400
6.97099	0.00000	4846.44400
6.97482	0.00000	4846.44400
6.97865	0.00000	4846.44400
6.98249	0.00000	4846.44400
6.98632	0.00000	4846.44400
6.99015	0.00000	4846.44400
6.99398	0.00000	4846.44400
6.99782	0.00000	4846.44400
7.00165	0.00000	4849.13800
7.00548	0.00000	4849.13800
7.00932	0.00000	4849.13800
7.01312	0.00000	4849.13800
7.01697	0.00000	4849.13800
7.02080	0.00000	4849.13800
7.02464	0.00000	4826.78500
7.02848	0.00000	4826.78500
7.03232	0.00000	4826.78500
7.03615	0.00000	4826.78500
7.03998	0.00000	4826.78500
7.04381	0.00000	4826.78500
7.04765	0.00000	4846.44400
7.05148	0.00000	4846.44400
7.05532	0.00000	4846.44400
7.05917	0.00000	4846.44400
7.06300	0.00000	4846.44400
7.06683	0.00000	4846.44400
7.07066	0.00000	4838.36200
7.07451	0.00000	4838.36200
7.07834	0.00000	4838.36200
7.08218	0.00000	4838.36200
7.08601	0.00000	4838.36200
7.08984	0.00000	4852.78100
7.09367	0.00000	4852.78100
7.09751	0.00000	4852.78100
7.10134	0.00000	4852.78100
7.10517	0.00000	4852.78100
7.10900	0.00000	4852.78100
7.11283	0.00000	4869.03900
7.11667	0.00000	4869.03900
7.12050	0.00000	4869.03900
7.12433	0.00000	4869.03900
7.12818	0.00000	4869.03900
7.13202	0.00000	4869.03900
7.13586	0.00000	4854.52600
7.13972	0.00000	4854.52600
7.14355	0.00000	4854.52600
7.14738	0.00000	4854.52600
7.15123	0.00000	4854.52600
7.15506	0.00000	4854.52600
7.15889	0.00000	4821.42800
7.16273	0.00000	4821.42800
7.16658	0.00000	4821.42800
7.17041	0.00000	4821.42800
7.17425	0.00000	4821.42800
7.17810	0.00000	4821.42800
7.18194	0.00000	4846.44400
7.18577	0.00000	4846.44400
7.18960	0.00000	4846.44400
7.19344	0.00000	4846.44400
7.19727	0.00000	4846.44400
7.20110	0.00000	4846.44400
7.20495	0.00000	4826.78500
7.20878	0.00000	4826.78500
7.21261	0.00000	4826.78500
7.21645	0.00000	4826.78500
7.22028	0.00000	4826.78500
7.22411	0.00000	4826.78500
7.22795	0.00000	4849.13800
7.23178	0.00000	4849.13800
7.23561	0.00000	4849.13800
7.23945	0.00000	4849.13800
7.24330	0.00000	4849.13800
7.24713	0.00000	4849.13800
7.25097	0.00000	4851.83200
7.25480	0.00000	4851.83200
7.25865	0.00000	4851.83200
7.26249	0.00000	4851.83200
7.26632	0.00000	4851.83200
7.27015	0.00000	4851.83200
7.27399	0.00000	4849.13800
7.27783	0.00000	4849.13800
7.28166	0.00000	4849.13800
7.28550	0.00000	4849.13800
7.28933	0.00000	4849.13800
7.29318	0.00000	4849.13800
7.29701	0.00000	4851.83200
7.30085	0.00000	4851.83200
7.30468	0.00000	4851.83200
7.30851	0.00000	4851.83200
7.31234	0.00000	4851.83200
7.31618	0.00000	4851.83200
7.32001	0.00000	4832.14300
7.32383	0.00000	4832.14300
7.32767	0.00000	4832.14300
7.33150	0.00000	4832.14300
7.33534	0.00000	4832.14300
7.33917	0.00000	4832.14300
7.34301	0.00000	4846.44400
7.34684	0.00000	4846.44400
7.35067	0.00000	4846.44400
7.35451	0.00000	4846.44400
7.35834	0.00000	4846.44400
7.36219	0.00000	4846.44400
7.36602	0.00000	4866.32900
7.36985	0.00000	4866.32900
7.37368	0.00000	4866.32900
7.37752	0.00000	4866.32900
7.38135	0.00000	4866.32900
7.38519	0.00000	4850.07200
7.38903	0.00000	4850.07200
7.39286	0.00000	4850.07200
7.39670	0.00000	4850.07200
7.40054	0.00000	4850.07200
7.40437	0.00000	4850.07200
7.40820	0.00000	4838.36200
7.41207	0.00000	4838.36200
7.41590	0.00000	4838.36200
7.41973	0.00000	4838.36200
7.42357	0.00000	4838.36200
7.42740	0.00000	4838.36200
7.43123	0.00000	4842.85700
7.43509	0.00000	4842.85700
7.43892	0.00000	4842.85700
7.44276	0.00000	4842.85700
7.44659	0.00000	4842.85700
7.45043	0.00000	4842.85700
7.45427	0.00000	4854.52600
7.45811	0.00000	4854.52600
7.46194	0.00000	4854.52600
7.46578	0.00000	4854.52600
7.46961	0.00000	4854.52600
7.47345	0.00000	4854.52600
7.47729	0.00000	4851.83200
7.48112	0.00000	4851.83200
7.48495	0.00000	4851.83200
7.48879	0.00000	4851.83200
7.49262	0.00000	4851.83200
7.49645	0.00000	4851.83200
7.50030	0.00000	4843.75000
7.50413	0.00000	4843.75000
7.50796	0.00000	4843.75000
7.51181	0.00000	4843.75000
7.51564	0.00000	4843.75000
7.51947	0.00000	4843.75000
7.52330	0.00000	4849.13800
7.52715	0.00000	4849.13800
7.53101	0.00000	4849.13800
7.53485	0.00000	4849.13800
7.53869	0.00000	4849.13800
7.54253	0.00000	4849.13800
7.54636	0.00000	4829.46400
7.55020	0.00000	4829.46400
7.55403	0.00000	4829.46400
7.55787	0.00000	4829.46400
7.56171	0.00000	4829.46400
7.56554	0.00000	4829.46400
7.56938	0.00000	4842.85700
7.57321	0.00000	4842.85700
7.57705	0.00000	4842.85700
7.58088	0.00000	4842.85700
7.58471	0.00000	4842.85700
7.58854	0.00000	4842.85700
7.59238	0.00000	4851.83200
7.59621	0.00000	4851.83200
7.60004	0.00000	4851.83200
7.60388	0.00000	4851.83200
7.60771	0.00000	4851.83200
7.61155	0.00000	4851.83200
7.61539	0.00000	4843.75000
7.61923	0.00000	4843.75000
7.62306	0.00000	4843.75000
7.62690	0.00000	4843.75000
7.63073	0.00000	4843.75000
7.63456	0.00000	4843.75000
7.63839	0.00000	4846.44400
7.64223	0.00000	4846.44400
7.64606	0.00000	4846.44400
7.64989	0.00000	4846.44400
7.65373	0.00000	4846.44400
7.65756	0.00000	4846.44400
7.66139	0.00000	4829.46400
7.66522	0.00000	4829.46400
7.66905	0.00000	4829.46400
7.67291	0.00000	4829.46400
7.67676	0.00000	4829.46400
7.68059	0.00000	4850.07200
7.68441	0.00000	4850.07200
7.68824	0.00000	4850.07200
7.69207	0.00000	4850.07200
7.69591	0.00000	4850.07200
7.69974	0.00000	4850.07200
7.70357	0.00000	4827.58600
7.70742	0.00000	4827.58600
7.71126	0.00000	4827.58600
7.71510	0.00000	4827.58600
7.71893	0.00000	4827.58600
7.72276	0.00000	4827.58600
7.72660	0.00000	4843.75000
7.73046	0.00000	4843.75000
7.73429	0.00000	4843.75000
7.73812	0.00000	4843.75000
7.74196	0.00000	4843.75000
7.74579	0.00000	4843.75000
7.74963	0.00000	4824.10700
7.75348	0.00000	4824.10700
7.75732	0.00000	4824.10700
7.76112	0.00000	4824.10700
7.76495	0.00000	4824.10700
7.76878	0.00000	4824.10700
7.77262	0.00000	4859.91300
7.77645	0.00000	4859.91300
7.78029	0.00000	4859.91300
7.78412	0.00000	4859.91300
7.78796	0.00000	4859.91300
7.79179	0.00000	4859.91300
7.79562	0.00000	4843.75000
7.79946	0.00000	4843.75000
7.80329	0.00000	4843.75000
7.80714	0.00000	4843.75000
7.81097	0.00000	4843.75000
7.81482	0.00000	4843.75000
7.81865	0.00000	4841.05600
7.82249	0.00000	4841.05600
7.82633	0.00000	4841.05600
7.83016	0.00000	4841.05600
7.83400	0.00000	4841.05600
7.83782	0.00000	4841.05600
7.84166	0.00000	4846.44400
7.84549	0.00000	4846.44400
7.84934	0.00000	4846.44400
7.85318	0.00000	4846.44400
7.85701	0.00000	4846.44400
7.86085	0.00000	4846.44400
7.86469	0.00000	4832.14300
7.86852	0.00000	4832.14300
7.87237	0.00000	4832.14300
7.87621	0.00000	4832.14300
7.88005	0.00000	4832.14300
7.88388	0.00000	4832.14300
7.88772	0.00000	4851.83200
7.89155	0.00000	4851.83200
7.89539	0.00000	4851.83200
7.89923	0.00000	4851.83200
7.90307	0.00000	4851.83200
7.90691	0.00000	4851.83200
7.91075	0.00000	4830.28000
7.91459	0.00000	4830.28000
7.91842	0.00000	4830.28000
7.92226	0.00000	4830.28000
7.92609	0.00000	4830.28000
7.92992	0.00000	4830.28000
7.93375	0.00000	4835.66800
7.93758	0.00000	4835.66800
7.94142	0.00000	4835.66800
7.94526	0.00000	4835.66800
7.94909	0.00000	4835.66800
7.95293	0.00000	4835.66800
7.95676	0.00000	4852.78100
7.96060	0.00000	4852.78100
7.96445	0.00000	4852.78100
7.96829	0.00000	4852.78100
7.97213	0.00000	4852.78100
7.97597	0.00000	4852.78100
7.97981	0.00000	4852.78100
7.98365	0.00000	4852.78100
7.98748	0.00000	4852.78100
7.99131	0.00000	4852.78100
7.99516	0.00000	4852.78100
7.99901	0.00000	4858.20000
8.00287	0.00000	4858.20000
8.00670	0.00000	4858.20000
8.01053	0.00000	4858.20000
8.01437	0.00000	4858.20000
8.01822	0.00000	4858.20000
8.02204	0.00000	4832.97400
8.02590	0.00000	4832.97400
8.02973	0.00000	4832.97400
8.03356	0.00000	4832.97400
8.03740	0.00000	4832.97400
8.04125	0.00000	4832.97400
8.04509	0.00000	4843.75000
8.04894	0.00000	4843.75000
8.05278	0.00000	4843.75000
8.05662	0.00000	4843.75000
8.06046	0.00000	4843.75000
8.06430	0.00000	4843.75000
8.06814	0.00000	4854.52600
8.07199	0.00000	4854.52600
8.07583	0.00000	4854.52600
8.07967	0.00000	4854.52600
8.08351	0.00000	4854.52600
8.08734	0.00000	4854.52600
8.09118	0.00000	4824.89200
8.09502	0.00000	4824.89200
8.09886	0.00000	4824.89200
8.10270	0.00000	4824.89200
8.10653	0.00000	4824.89200
8.11036	0.00000	4824.89200
8.11419	0.00000	4822.19800
8.11803	0.00000	4822.19800
8.12186	0.00000	4822.19800
8.12570	0.00000	4822.19800
8.12953	0.00000	4822.19800
8.13336	0.00000	4822.19800
8.13720	0.00000	4830.28000
8.14104	0.00000	4830.28000
8.14488	0.00000	4830.28000
8.14872	0.00000	4830.28000
8.15257	0.00000	4830.28000
8.15641	0.00000	4830.28000
8.16025	0.00000	4838.36200
8.16409	0.00000	4838.36200
8.16793	0.00000	4838.36200
8.17177	0.00000	4838.36200
8.17561	0.00000	4838.36200
8.17945	0.00000	4838.36200
8.18329	0.00000	4832.97400
8.18712	0.00000	4832.97400
8.19096	0.00000	4832.97400
8.19478	0.00000	4832.97400
8.19861	0.00000	4832.97400
8.20245	0.00000	4831.10500
8.20627	0.00000	4831.10500
8.21012	0.00000	4831.10500
8.21395	0.00000	4831.10500
8.21779	0.00000	4831.10500
8.22163	0.00000	4831.10500
8.22547	0.00000	4841.94400
8.22930	0.00000	4841.94400
8.23312	0.00000	4841.94400
8.23695	0.00000	4841.94400
8.24079	0.00000	4841.94400
8.24463	0.00000	4841.94400
8.24847	0.00000	4832.97400
8.25232	0.00000	4832.97400
8.25616	0.00000	4832.97400
8.26000	0.00000	4832.97400
8.26383	0.00000	4832.97400
8.26767	0.00000	4832.97400
8.27151	0.00000	4810.71400
8.27536	0.00000	4810.71400
8.27920	0.00000	4810.71400
8.28304	0.00000	4810.71400
8.28687	0.00000	4810.71400
8.29072	0.00000	4810.71400
8.29455	0.00000	4830.28000
8.29838	0.00000	4830.28000
8.30221	0.00000	4830.28000
8.30604	0.00000	4830.28000
8.30987	0.00000	4830.28000
8.31371	0.00000	4830.28000
8.31754	0.00000	4838.36200
8.32137	0.00000	4838.36200
8.32520	0.00000	4838.36200
8.32904	0.00000	4838.36200
8.33288	0.00000	4838.36200
8.33672	0.00000	4838.36200
8.34056	0.00000	4824.10700
8.34440	0.00000	4824.10700
8.34823	0.00000	4824.10700
8.35207	0.00000	4824.10700
8.35591	0.00000	4824.10700
8.35975	0.00000	4824.10700
8.36359	0.00000	4830.28000
8.36743	0.00000	4830.28000
8.37126	0.00000	4830.28000
8.37510	0.00000	4830.28000
8.37892	0.00000	4830.28000
8.38276	0.00000	4830.28000
8.38659	0.00000	4830.28000
8.39044	0.00000	4830.28000
8.39428	0.00000	4830.28000
8.39812	0.00000	4830.28000
8.40196	0.00000	4830.28000
8.40580	0.00000	4830.28000
8.40964	0.00000	4813.39300
8.41348	0.00000	4813.39300
8.41732	0.00000	4813.39300
8.42112	0.00000	4813.39300
8.42497	0.00000	4813.39300
8.42881	0.00000	4813.39300
8.43264	0.00000	4838.36200
8.43648	0.00000	4838.36200
8.44034	0.00000	4838.36200
8.44420	0.00000	4838.36200
8.44811	0.00000	4838.36200
8.45196	0.00000	4833.81500
8.45579	0.00000	4833.81500
8.45963	0.00000	4833.81500
8.46347	0.00000	4833.81500
8.46731	0.00000	4833.81500
8.47115	0.00000	4833.81500
8.47499	0.00000	4836.52400
8.47884	0.00000	4836.52400
8.48267	0.00000	4836.52400
8.48651	0.00000	4836.52400
8.49034	0.00000	4836.52400
8.49417	0.00000	4836.52400
8.49802	0.00000	4822.19800
8.50185	0.00000	4822.19800
8.50568	0.00000	4822.19800
8.50951	0.00000	4822.19800
8.51335	0.00000	4822.19800
8.51719	0.00000	4822.19800
8.52103	0.00000	4827.58600
8.52487	0.00000	4827.58600
8.52871	0.00000	4827.58600
8.53256	0.00000	4827.58600
8.53639	0.00000	4827.58600
8.54023	0.00000	4827.58600
8.54407	0.00000	4835.66800
8.54791	0.00000	4835.66800
8.55176	0.00000	4835.66800
8.55563	0.00000	4835.66800
8.55948	0.00000	4835.66800
8.56332	0.00000	4835.66800
8.56715	0.00000	4824.89200
8.57099	0.00000	4824.89200
8.57483	0.00000	4824.89200
8.57867	0.00000	4824.89200
8.58250	0.00000	4824.89200
8.58634	0.00000	4824.89200
8.59017	0.00000	4838.36200
8.59400	0.00000	4838.36200
8.59784	0.00000	4838.36200
8.60169	0.00000	4838.36200
8.60552	0.00000	4838.36200
8.60936	0.00000	4838.36200
8.61320	0.00000	4832.97400
8.61704	0.00000	4832.97400
8.62088	0.00000	4832.97400
8.62471	0.00000	4832.97400
8.62856	0.00000	4832.97400
8.63240	0.00000	4832.97400
8.63623	0.00000	4841.05600
8.64006	0.00000	4841.05600
8.64389	0.00000	4841.05600
8.64773	0.00000	4841.05600
8.65156	0.00000	4841.05600
8.65539	0.00000	4841.05600
8.65923	0.00000	4824.89200
8.66306	0.00000	4824.89200
8.66690	0.00000	4824.89200
8.67074	0.00000	4824.89200
8.67458	0.00000	4824.89200
8.67841	0.00000	4824.89200
8.68224	0.00000	4844.65300
8.68607	0.00000	4844.65300
8.68991	0.00000	4844.65300
8.69375	0.00000	4844.65300
8.69759	0.00000	4844.65300
8.70144	0.00000	4836.52400
8.70527	0.00000	4836.52400
8.70911	0.00000	4836.52400
8.71296	0.00000	4836.52400
8.71680	0.00000	4836.52400
8.72064	0.00000	4836.52400
8.72449	0.00000	4847.36300
8.72835	0.00000	4847.36300
8.73219	0.00000	4847.36300
8.73603	0.00000	4847.36300
8.73987	0.00000	4847.36300
8.74370	0.00000	4847.36300
8.74755	0.00000	4824.89200
8.75138	0.00000	4824.89200
8.75521	0.00000	4824.89200
8.75905	0.00000	4824.89200
8.76289	0.00000	4824.89200
8.76673	0.00000	4824.89200
8.77056	0.00000	4838.36200
8.77441	0.00000	4838.36200
8.77825	0.00000	4838.36200
8.78209	0.00000	4838.36200
8.78593	0.00000	4838.36200
8.78977	0.00000	4838.36200
8.79361	0.00000	4832.97400
8.79745	0.00000	4832.97400
8.80130	0.00000	4832.97400
8.80512	0.00000	4832.97400
8.80895	0.00000	4832.97400
8.81279	0.00000	4832.97400
8.81663	0.00000	4832.97400
8.82047	0.00000	4832.97400
8.82430	0.00000	4832.97400
8.82813	0.00000	4832.97400
8.83196	0.00000	4832.97400
8.83579	0.00000	4832.97400
8.83962	0.00000	4830.28000
8.84345	0.00000	4830.28000
8.84729	0.00000	4830.28000
8.85113	0.00000	4830.28000
8.85498	0.00000	4830.28000
8.85882	0.00000	4830.28000
8.86266	0.00000	4838.36200
8.86650	0.00000	4838.36200
8.87034	0.00000	4838.36200
8.87418	0.00000	4838.36200
8.87802	0.00000	4838.36200
8.88186	0.00000	4838.36200
8.88571	0.00000	4835.66800
8.88955	0.00000	4835.66800
8.89339	0.00000	4835.66800
8.89723	0.00000	4835.66800
8.90107	0.00000	4835.66800
8.90491	0.00000	4835.66800
8.90875	0.00000	4838.36200
8.91259	0.00000	4838.36200
8.91642	0.00000	4838.36200
8.92026	0.00000	4838.36200
8.92409	0.00000	4838.36200
8.92792	0.00000	4838.36200
8.93175	0.00000	4836.52400
8.93558	0.00000	4836.52400
8.93942	0.00000	4836.52400
8.94326	0.00000	4836.52400
8.94710	0.00000	4836.52400
8.95094	0.00000	4836.52400
8.95478	0.00000	4836.52400
8.95862	0.00000	4836.52400
8.96247	0.00000	4836.52400
8.96631	0.00000	4836.52400
8.97015	0.00000	4836.52400
8.97399	0.00000	4852.78100
8.97784	0.00000	4852.78100
8.98168	0.00000	4852.78100
8.98552	0.00000	4852.78100
8.98935	0.00000	4852.78100
8.99319	0.00000	4852.78100
8.99703	0.00000	4824.89200
9.00086	0.00000	4824.89200
9.00469	0.00000	4824.89200
9.00851	0.00000	4824.89200
9.01234	0.00000	4824.89200
9.01618	0.00000	4824.89200
9.02001	0.00000	4855.49100
9.02386	0.00000	4855.49100
9.02769	0.00000	4855.49100
9.03152	0.00000	4855.49100
9.03537	0.00000	4855.49100
9.03921	0.00000	4855.49100
9.04305	0.00000	4830.28000
9.04689	0.00000	4830.28000
9.05074	0.00000	4830.28000
9.05458	0.00000	4830.28000
9.05842	0.00000	4830.28000
9.06226	0.00000	4830.28000
9.06610	0.00000	4843.75000
9.06994	0.00000	4843.75000
9.07378	0.00000	4843.75000
9.07761	0.00000	4843.75000
9.08145	0.00000	4843.75000
9.08529	0.00000	4843.75000
9.08912	0.00000	4822.19800
9.09297	0.00000	4822.19800
9.09680	0.00000	4822.19800
9.10063	0.00000	4822.19800
9.10446	0.00000	4822.19800
9.10829	0.00000	4822.19800
9.11212	0.00000	4850.07200
9.11595	0.00000	4850.07200
9.11979	0.00000	4850.07200
9.12363	0.00000	4850.07200
9.12748	0.00000	4850.07200
9.13132	0.00000	4850.07200
9.13516	0.00000	4841.05600
9.13899	0.00000	4841.05600
9.14285	0.00000	4841.05600
9.14669	0.00000	4841.05600
9.15052	0.00000	4841.05600
9.15436	0.00000	4841.05600
9.15820	0.00000	4830.28000
9.16203	0.00000	4830.28000
9.16586	0.00000	4830.28000
9.16970	0.00000	4830.28000
9.17353	0.00000	4830.28000
9.17736	0.00000	4825.68600
9.18118	0.00000	4825.68600
9.18503	0.00000	4825.68600
9.18886	0.00000	4825.68600
9.19270	0.00000	4825.68600
9.19654	0.00000	4825.68600
9.20037	0.00000	4831.10500
9.20422	0.00000	4831.10500
9.20806	0.00000	4831.10500
9.21190	0.00000	4831.10500
9.21575	0.00000	4831.10500
9.21960	0.00000	4831.10500
9.22344	0.00000	4851.83200
9.22729	0.00000	4851.83200
9.23113	0.00000	4851.83200
9.23497	0.00000	4851.83200
9.23880	0.00000	4851.83200
9.24264	0.00000	4851.83200
9.24648	0.00000	4830.28000
9.25031	0.00000	4830.28000
9.25415	0.00000	4830.28000
9.25799	0.00000	4830.28000
9.26183	0.00000	4830.28000
9.26567	0.00000	4830.28000
9.26951	0.00000	4832.97400
9.27335	0.00000	4832.97400
9.27718	0.00000	4832.97400
9.28102	0.00000	4832.97400
9.28485	0.00000	4832.97400
9.28868	0.00000	4832.97400
9.29252	0.00000	4827.58600
9.29636	0.00000	4827.58600
9.30021	0.00000	4827.58600
9.30405	0.00000	4827.58600
9.30789	0.00000	4827.58600
9.31173	0.00000	4827.58600
9.31557	0.00000	4841.05600
9.31941	0.00000	4841.05600
9.32325	0.00000	4841.05600
9.32709	0.00000	4841.05600
9.33093	0.00000	4841.05600
9.33477	0.00000	4841.05600
9.33861	0.00000	4852.78100
9.34245	0.00000	4852.78100
9.34629	0.00000	4852.78100
9.35012	0.00000	4852.78100
9.35395	0.00000	4852.78100
9.35778	0.00000	4852.78100
9.36162	0.00000	4832.97400
9.36545	0.00000	4832.97400
9.36930	0.00000	4832.97400
9.37312	0.00000	4832.97400
9.37696	0.00000	4832.97400
9.38080	0.00000	4832.97400
9.38463	0.00000	4832.97400
9.38847	0.00000	4832.97400
9.39231	0.00000	4832.97400
9.39616	0.00000	4832.97400
9.40000	0.00000	4832.97400
9.40384	0.00000	4832.97400
9.40767	0.00000	4832.97400
9.41151	0.00000	4832.97400
9.41535	0.00000	4832.97400
9.41919	0.00000	4832.97400
9.42302	0.00000	4832.97400
9.42686	0.00000	4833.81500
9.43069	0.00000	4833.81500
9.43452	0.00000	4833.81500
9.43836	0.00000	4833.81500
9.44220	0.00000	4833.81500
9.44603	0.00000	4833.81500
9.44986	0.00000	4825.68600
9.45371	0.00000	4825.68600
9.45754	0.00000	4825.68600
9.46137	0.00000	4825.68600
9.46521	0.00000	4825.68600
9.46904	0.00000	4825.68600
9.47288	0.00000	4819.50400
9.47672	0.00000	4819.50400
9.48056	0.00000	4819.50400
9.48440	0.00000	4819.50400
9.48824	0.00000	4819.50400
9.49208	0.00000	4819.50400
9.49593	0.00000	4835.66800
9.49977	0.00000	4835.66800
9.50362	0.00000	4835.66800
9.50746	0.00000	4835.66800
9.51129	0.00000	4835.66800
9.51513	0.00000	4835.66800
9.51898	0.00000	4860.91000
9.52281	0.00000	4860.91000
9.52665	0.00000	4860.91000
9.53049	0.00000	4860.91000
9.53434	0.00000	4860.91000
9.53818	0.00000	4860.91000
9.54200	0.00000	4835.66800
9.54584	0.00000	4835.66800
9.54968	0.00000	4835.66800
9.55352	0.00000	4835.66800
9.55740	0.00000	4835.66800
9.56125	0.00000	4835.66800
9.56509	0.00000	4835.66800
9.56893	0.00000	4835.66800
9.57278	0.00000	4835.66800
9.57661	0.00000	4835.66800
9.58045	0.00000	4835.66800
9.58430	0.00000	4835.66800
9.58814	0.00000	4827.58600
9.59198	0.00000	4827.58600
9.59582	0.00000	4827.58600
9.59968	0.00000	4827.58600
9.60352	0.00000	4827.58600
9.60736	0.00000	4827.58600
9.61119	0.00000	4850.07200
9.61504	0.00000	4850.07200
9.61891	0.00000	4850.07200
9.62275	0.00000	4850.07200
9.62660	0.00000	4850.07200
9.63044	0.00000	4850.07200
9.63428	0.00000	4860.91000
9.63812	0.00000	4860.91000
9.64196	0.00000	4860.91000
9.64580	0.00000	4860.91000
9.64964	0.00000	4860.91000
9.65348	0.00000	4833.81500
9.65731	0.00000	4833.81500
9.66112	0.00000	4833.81500
9.66495	0.00000	4833.81500
9.66879	0.00000	4833.81500
9.67263	0.00000	4833.81500
9.67648	0.00000	4816.81000
9.68033	0.00000	4816.81000
9.68418	0.00000	4816.81000
9.68801	0.00000	4816.81000
9.69185	0.00000	4816.81000
9.69569	0.00000	4816.81000
9.69953	0.00000	4827.58600
9.70337	0.00000	4827.58600
9.70721	0.00000	4827.58600
9.71105	0.00000	4827.58600
9.71488	0.00000	4827.58600
9.71872	0.00000	4827.58600
9.72258	0.00000	4830.28000
9.72641	0.00000	4830.28000
9.73025	0.00000	4830.28000
9.73408	0.00000	4830.28000
9.73793	0.00000	4830.28000
9.74176	0.00000	4830.28000
9.74560	0.00000	4832.97400
9.74943	0.00000	4832.97400
9.75327	0.00000	4832.97400
9.75712	0.00000	4832.97400
9.76096	0.00000	4832.97400
9.76480	0.00000	4832.97400
9.76865	0.00000	4859.91300
9.77249	0.00000	4859.91300
9.77632	0.00000	4859.91300
9.78017	0.00000	4859.91300
9.78401	0.00000	4859.91300
9.78785	0.00000	4859.91300
9.79169	0.00000	4838.36200
9.79552	0.00000	4838.36200
9.79937	0.00000	4838.36200
9.80322	0.00000	4838.36200
9.80706	0.00000	4838.36200
9.81089	0.00000	4838.36200
9.81473	0.00000	4843.75000
9.81857	0.00000	4843.75000
9.82240	0.00000	4843.75000
9.82625	0.00000	4843.75000
9.83009	0.00000	4843.75000
9.83393	0.00000	4843.75000
9.83776	0.00000	4846.44400
9.84160	0.00000	4846.44400
9.84544	0.00000	4846.44400
9.84927	0.00000	4846.44400
9.85311	0.00000	4846.44400
9.85695	0.00000	4846.44400
9.86078	0.00000	4846.44400
9.86462	0.00000	4846.44400
9.86846	0.00000	4846.44400
9.87229	0.00000	4846.44400
9.87613	0.00000	4846.44400
9.87998	0.00000	4846.44400
9.88381	0.00000	4843.75000
9.88765	0.00000	4843.75000
9.89149	0.00000	4843.75000
9.89534	0.00000	4843.75000
9.89918	0.00000	4843.75000
9.90301	0.00000	4850.07200
9.90684	0.00000	4850.07200
9.91067	0.00000	4850.07200
9.91451	0.00000	4850.07200
9.91836	0.00000	4850.07200
9.92220	0.00000	4850.07200
9.92603	0.00000	4836.52400
9.92987	0.00000	4836.52400
9.93372	0.00000	4836.52400
9.93756	0.00000	4836.52400
9.94139	0.00000	4836.52400
9.94523	0.00000	4836.52400
9.94908	0.00000	4824.89200
9.95292	0.00000	4824.89200
9.95677	0.00000	4824.89200
9.96060	0.00000	4824.89200
9.96444	0.00000	4824.89200
9.96827	0.00000	4824.89200
9.97211	0.00000	4843.75000
9.97594	0.00000	4843.75000
9.97979	0.00000	4843.75000
9.98363	0.00000	4843.75000
9.98747	0.00000	4843.75000
9.99130	0.00000	4843.75000
9.99514	0.00000	4843.75000
9.99897	0.00000	4843.75000
