Time (s)   Thrust (N)   RPM
0.00029	0.00000	5303.64000
0.00420	0.00000	5303.64000
0.00807	0.00000	5293.68400
0.01195	0.00000	5293.68400
0.01581	0.00000	5293.68400
0.01965	0.00000	5293.68400
0.02349	0.00000	5293.68400
0.02746	0.00000	5293.68400
0.03132	0.00000	5293.68400
0.03516	0.00000	5252.89900
0.03899	0.00000	5252.89900
0.04286	0.00000	5252.89900
0.04670	0.00000	5252.89900
0.05053	0.00000	5252.89900
0.05437	0.00000	5252.89900
0.05821	0.00000	5148.80900
0.06204	0.00000	5148.80900
0.06588	0.00000	5148.80900
0.06972	0.00000	5148.80900
0.07354	0.00000	5148.80900
0.07737	0.00000	5148.80900
0.08121	0.00000	5148.80900
0.08504	0.00000	5070.56400
0.08887	0.00000	5070.56400
0.09271	0.00000	5070.56400
0.09655	0.00000	5070.56400
0.10038	0.00000	5070.56400
0.10421	0.00000	5070.56400
0.10805	0.00000	5009.44400
0.11190	0.00000	5009.44400
0.11574	0.00000	5009.44400
0.11957	0.00000	5009.44400
0.12341	0.00000	5009.44400
0.12725	0.00000	5009.44400
0.13107	0.00000	4986.03300
0.13491	0.00000	4986.03300
0.13874	0.00000	4986.03300
0.14257	0.00000	4986.03300
0.14640	0.00000	4986.03300
0.15024	0.00000	4986.03300
0.15405	0.00000	4947.03400
0.15790	0.00000	4947.03400
0.16174	0.00000	4947.03400
0.16558	0.00000	4947.03400
0.16942	0.00000	4947.03400
0.17326	0.00000	4947.03400
0.17710	0.00000	4903.23100
0.18093	0.00000	4903.23100
0.18477	0.00000	4903.23100
0.18860	0.00000	4903.23100
0.19243	0.00000	4903.23100
0.19626	0.00000	4903.23100
0.20010	0.00000	4864.28500
0.20394	0.00000	4864.28500
0.20778	0.00000	4864.28500
0.21161	0.00000	4864.28500
0.21545	0.00000	4864.28500
0.21928	0.00000	4864.28500
0.22311	0.00000	4841.05600
0.22694	0.00000	4841.05600
0.23078	0.00000	4841.05600
0.23461	0.00000	4841.05600
0.23845	0.00000	4841.05600
0.24229	0.00000	4841.05600
0.24612	0.00000	4816.81000
0.24997	0.00000	4816.81000
0.25380	0.00000	4816.81000
0.25764	0.00000	4816.81000
0.26148	0.00000	4816.81000
0.26533	0.00000	4816.81000
0.26916	0.00000	4790.46200
0.27299	0.00000	4790.46200
0.27683	0.00000	4790.46200
0.28066	0.00000	4790.46200
0.28449	0.00000	4790.46200
0.28832	0.00000	4797.14900
0.29217	0.00000	4797.14900
0.29602	0.00000	4797.14900
0.29985	0.00000	4797.14900
0.30369	0.00000	4797.14900
0.30753	0.00000	4797.14900
0.31136	0.00000	4805.37300
0.31520	0.00000	4805.37300
0.31903	0.00000	4805.37300
0.32287	0.00000	4805.37300
0.32670	0.00000	4805.37300
0.33054	0.00000	4805.37300
0.33437	0.00000	4777.96000
0.33822	0.00000	4777.96000
0.34204	0.00000	4777.96000
0.34588	0.00000	4777.96000
0.34971	0.00000	4777.96000
0.35355	0.00000	4777.96000
0.35738	0.00000	4752.90700
0.36121	0.00000	4752.90700
0.36504	0.00000	4752.90700
0.36887	0.00000	4752.90700
0.37271	0.00000	4752.90700
0.37654	0.00000	4752.90700
0.38037	0.00000	4758.77200
0.38420	0.00000	4758.77200
0.38803	0.00000	4758.77200
0.39186	0.00000	4758.77200
0.39570	0.00000	4758.77200
0.39954	0.00000	4758.77200
0.40337	0.00000	4734.10000
0.40721	0.00000	4734.10000
0.41105	0.00000	4734.10000
0.41489	0.00000	4734.10000
0.41872	0.00000	4734.10000
0.42255	0.00000	4742.64700
0.42640	0.00000	4742.64700
0.43025	0.00000	4742.64700
0.43404	0.00000	4742.64700
0.43788	0.00000	4742.64700
0.44172	0.00000	4742.64700
0.44557	0.00000	4739.58300
0.44941	0.00000	4739.58300
0.45325	0.00000	4739.58300
0.45710	0.00000	4739.58300
0.46093	0.00000	4739.58300
0.46476	0.00000	4739.58300
0.46859	0.00000	4736.84200
0.47242	0.00000	4736.84200
0.47625	0.00000	4736.84200
0.48008	0.00000	4736.84200
0.48391	0.00000	4736.84200
0.48776	0.00000	4736.84200
0.49159	0.00000	4737.13200
0.49542	0.00000	4737.13200
0.49925	0.00000	4737.13200
0.50310	0.00000	4737.13200
0.50695	0.00000	4737.13200
0.51081	0.00000	4737.42600
0.51466	0.00000	4737.42600
0.51851	0.00000	4737.42600
0.52235	0.00000	4737.42600
0.52619	0.00000	4737.42600
0.53003	0.00000	4737.42600
0.53388	0.00000	4751.29400
0.53773	0.00000	4751.29400
0.54157	0.00000	4751.29400
0.54541	0.00000	4751.29400
0.54924	0.00000	4751.29400
0.55310	0.00000	4751.29400
0.55693	0.00000	4734.37500
0.56076	0.00000	4734.37500
0.56460	0.00000	4734.37500
0.56846	0.00000	4734.37500
0.57231	0.00000	4734.37500
0.57626	0.00000	4734.37500
0.58014	0.00000	4731.61700
0.58398	0.00000	4731.61700
0.58782	0.00000	4731.61700
0.59166	0.00000	4731.61700
0.59549	0.00000	4731.61700
0.59932	0.00000	4726.33100
0.60315	0.00000	4726.33100
0.60699	0.00000	4726.33100
0.61084	0.00000	4726.33100
0.61468	0.00000	4726.33100
0.61854	0.00000	4726.33100
0.62237	0.00000	4729.10500
0.62622	0.00000	4729.10500
0.63004	0.00000	4729.10500
0.63387	0.00000	4729.10500
0.63770	0.00000	4729.10500
0.64153	0.00000	4729.10500
0.64538	0.00000	4726.10300
0.64921	0.00000	4726.10300
0.65303	0.00000	4726.10300
0.65687	0.00000	4726.10300
0.66070	0.00000	4726.10300
0.66454	0.00000	4726.10300
0.66838	0.00000	4720.58800
0.67222	0.00000	4720.58800
0.67605	0.00000	4720.58800
0.67989	0.00000	4720.58800
0.68373	0.00000	4720.58800
0.68756	0.00000	4720.58800
0.69139	0.00000	4706.80200
0.69521	0.00000	4706.80200
0.69904	0.00000	4706.80200
0.70287	0.00000	4706.80200
0.70670	0.00000	4706.80200
0.71053	0.00000	4718.01000
0.71438	0.00000	4718.01000
0.71821	0.00000	4718.01000
0.72204	0.00000	4718.01000
0.72588	0.00000	4718.01000
0.72973	0.00000	4718.01000
0.73357	0.00000	4723.34500
0.73740	0.00000	4723.34500
0.74123	0.00000	4723.34500
0.74507	0.00000	4723.34500
0.74890	0.00000	4723.34500
0.75272	0.00000	4723.34500
0.75656	0.00000	4717.83100
0.76039	0.00000	4717.83100
0.76423	0.00000	4717.83100
0.76805	0.00000	4717.83100
0.77189	0.00000	4717.83100
0.77572	0.00000	4717.83100
0.77955	0.00000	4715.07300
0.78339	0.00000	4715.07300
0.78721	0.00000	4715.07300
0.79105	0.00000	4715.07300
0.79489	0.00000	4715.07300
0.79873	0.00000	4720.78400
0.80257	0.00000	4720.78400
0.80640	0.00000	4720.78400
0.81023	0.00000	4720.78400
0.81404	0.00000	4720.78400
0.81789	0.00000	4720.78400
0.82171	0.00000	4706.80200
0.82555	0.00000	4706.80200
0.82938	0.00000	4706.80200
0.83323	0.00000	4706.80200
0.83705	0.00000	4706.80200
0.84089	0.00000	4706.80200
0.84472	0.00000	4720.58800
0.84856	0.00000	4720.58800
0.85239	0.00000	4720.58800
0.85622	0.00000	4720.58800
0.86007	0.00000	4720.58800
0.86389	0.00000	4720.58800
0.86773	0.00000	4712.31600
0.87156	0.00000	4712.31600
0.87539	0.00000	4712.31600
0.87921	0.00000	4712.31600
0.88304	0.00000	4712.31600
0.88688	0.00000	4740.51300
0.89071	0.00000	4740.51300
0.89455	0.00000	4740.51300
0.89839	0.00000	4740.51300
0.90223	0.00000	4740.51300
0.90604	0.00000	4740.51300
0.90988	0.00000	4723.55700
0.91372	0.00000	4723.55700
0.91755	0.00000	4723.55700
0.92138	0.00000	4723.55700
0.92522	0.00000	4723.55700
0.92906	0.00000	4723.55700
0.93289	0.00000	4712.31600
0.93672	0.00000	4712.31600
0.94056	0.00000	4712.31600
0.94439	0.00000	4712.31600
0.94823	0.00000	4712.31600
0.95207	0.00000	4712.31600
0.95590	0.00000	4717.83100
0.95973	0.00000	4717.83100
0.96356	0.00000	4717.83100
0.96739	0.00000	4717.83100
0.97123	0.00000	4717.83100
0.97507	0.00000	4718.01000
0.97889	0.00000	4718.01000
0.98272	0.00000	4718.01000
0.98656	0.00000	4718.01000
0.99039	0.00000	4718.01000
0.99422	0.00000	4718.01000
0.99804	0.00000	4743.30300
1.00187	0.00000	4743.30300
1.00570	0.00000	4743.30300
1.00954	0.00000	4743.30300
1.01338	0.00000	4743.30300
1.01722	0.00000	4743.30300
1.02104	0.00000	4745.74700
1.02488	0.00000	4745.74700
1.02871	0.00000	4745.74700
1.03254	0.00000	4745.74700
1.03638	0.00000	4745.74700
1.04022	0.00000	4745.74700
1.04405	0.00000	4728.86000
1.04787	0.00000	4728.86000
1.05170	0.00000	4728.86000
1.05553	0.00000	4728.86000
1.05938	0.00000	4728.86000
1.06322	0.00000	4728.86000
1.06705	0.00000	4726.10300
1.07090	0.00000	4726.10300
1.07474	0.00000	4726.10300
1.07857	0.00000	4726.10300
1.08241	0.00000	4726.10300
1.08624	0.00000	4718.01000
1.09004	0.00000	4718.01000
1.09388	0.00000	4718.01000
1.09770	0.00000	4718.01000
1.10154	0.00000	4718.01000
1.10536	0.00000	4718.01000
1.10920	0.00000	4717.83100
1.11304	0.00000	4717.83100
1.11688	0.00000	4717.83100
1.12070	0.00000	4717.83100
1.12455	0.00000	4717.83100
1.12839	0.00000	4717.83100
1.13222	0.00000	4728.86000
1.13604	0.00000	4728.86000
1.13989	0.00000	4728.86000
1.14372	0.00000	4728.86000
1.14755	0.00000	4728.86000
1.15138	0.00000	4728.86000
1.15521	0.00000	4723.34500
1.15904	0.00000	4723.34500
1.16288	0.00000	4723.34500
1.16672	0.00000	4723.34500
1.17055	0.00000	4723.34500
1.17439	0.00000	4726.33100
1.17822	0.00000	4726.33100
1.18204	0.00000	4726.33100
1.18588	0.00000	4726.33100
1.18970	0.00000	4726.33100
1.19354	0.00000	4726.33100
1.19737	0.00000	4734.65200
1.20121	0.00000	4734.65200
1.20504	0.00000	4734.65200
1.20887	0.00000	4734.65200
1.21270	0.00000	4734.65200
1.21654	0.00000	4734.65200
1.22037	0.00000	4715.07300
1.22421	0.00000	4715.07300
1.22805	0.00000	4715.07300
1.23188	0.00000	4715.07300
1.23570	0.00000	4715.07300
1.23953	0.00000	4715.07300
1.24336	0.00000	4712.31600
1.24718	0.00000	4712.31600
1.25102	0.00000	4712.31600
1.25486	0.00000	4712.31600
1.25868	0.00000	4712.31600
1.26252	0.00000	4712.31600
1.26634	0.00000	4726.33100
1.27017	0.00000	4726.33100
1.27400	0.00000	4726.33100
1.27784	0.00000	4726.33100
1.28167	0.00000	4726.33100
1.28550	0.00000	4734.93300
1.28933	0.00000	4734.93300
1.29316	0.00000	4734.93300
1.29700	0.00000	4734.93300
1.30083	0.00000	4734.93300
1.30466	0.00000	4734.93300
1.30849	0.00000	4740.19900
1.31233	0.00000	4740.19900
1.31616	0.00000	4740.19900
1.31998	0.00000	4740.19900
1.32381	0.00000	4740.19900
1.32765	0.00000	4740.19900
1.33149	0.00000	4729.10500
1.33532	0.00000	4729.10500
1.33914	0.00000	4729.10500
1.34297	0.00000	4729.10500
1.34680	0.00000	4729.10500
1.35063	0.00000	4729.10500
1.35446	0.00000	4729.10500
1.35830	0.00000	4729.10500
1.36213	0.00000	4729.10500
1.36596	0.00000	4729.10500
1.36979	0.00000	4729.10500
1.37362	0.00000	4734.93300
1.37747	0.00000	4734.93300
1.38130	0.00000	4734.93300
1.38513	0.00000	4734.93300
1.38896	0.00000	4734.93300
1.39280	0.00000	4734.93300
1.39663	0.00000	4745.74700
1.40046	0.00000	4745.74700
1.40430	0.00000	4745.74700
1.40814	0.00000	4745.74700
1.41197	0.00000	4745.74700
1.41581	0.00000	4745.74700
1.41964	0.00000	4726.10300
1.42347	0.00000	4726.10300
1.42731	0.00000	4726.10300
1.43115	0.00000	4726.10300
1.43498	0.00000	4726.10300
1.43881	0.00000	4726.10300
1.44265	0.00000	4737.42600
1.44649	0.00000	4737.42600
1.45032	0.00000	4737.42600
1.45415	0.00000	4737.42600
1.45798	0.00000	4737.42600
1.46181	0.00000	4740.51300
1.46566	0.00000	4740.51300
1.46950	0.00000	4740.51300
1.47333	0.00000	4740.51300
1.47716	0.00000	4740.51300
1.48100	0.00000	4740.51300
1.48484	0.00000	4731.87800
1.48866	0.00000	4731.87800
1.49249	0.00000	4731.87800
1.49632	0.00000	4731.87800
1.50016	0.00000	4731.87800
1.50399	0.00000	4731.87800
1.50786	0.00000	4706.80200
1.51170	0.00000	4706.80200
1.51553	0.00000	4706.80200
1.51937	0.00000	4706.80200
1.52320	0.00000	4706.80200
1.52704	0.00000	4706.80200
1.53087	0.00000	4717.83100
1.53471	0.00000	4717.83100
1.53855	0.00000	4717.83100
1.54239	0.00000	4717.83100
1.54622	0.00000	4717.83100
1.55004	0.00000	4715.23700
1.55388	0.00000	4715.23700
1.55771	0.00000	4715.23700
1.56154	0.00000	4715.23700
1.56537	0.00000	4715.23700
1.56921	0.00000	4715.23700
1.57307	0.00000	4734.65200
1.57692	0.00000	4734.65200
1.58075	0.00000	4734.65200
1.58459	0.00000	4734.65200
1.58843	0.00000	4734.65200
1.59226	0.00000	4734.65200
1.59610	0.00000	4737.42600
1.59994	0.00000	4737.42600
1.60377	0.00000	4737.42600
1.60761	0.00000	4737.42600
1.61144	0.00000	4737.42600
1.61527	0.00000	4737.42600
1.61910	0.00000	4729.10500
1.62293	0.00000	4729.10500
1.62676	0.00000	4729.10500
1.63060	0.00000	4729.10500
1.63443	0.00000	4729.10500
1.63822	0.00000	4704.14200
1.64204	0.00000	4704.14200
1.64587	0.00000	4704.14200
1.64970	0.00000	4704.14200
1.65354	0.00000	4704.14200
1.65737	0.00000	4704.14200
1.66120	0.00000	4737.72300
1.66503	0.00000	4737.72300
1.66887	0.00000	4737.72300
1.67270	0.00000	4737.72300
1.67653	0.00000	4737.72300
1.68036	0.00000	4737.72300
1.68419	0.00000	4731.87800
1.68803	0.00000	4731.87800
1.69186	0.00000	4731.87800
1.69569	0.00000	4731.87800
1.69952	0.00000	4731.87800
1.70336	0.00000	4731.87800
1.70719	0.00000	4698.52900
1.71102	0.00000	4698.52900
1.71485	0.00000	4698.52900
1.71868	0.00000	4698.52900
1.72251	0.00000	4698.52900
1.72633	0.00000	4698.52900
1.73016	0.00000	4706.91500
1.73400	0.00000	4706.91500
1.73785	0.00000	4706.91500
1.74169	0.00000	4706.91500
1.74552	0.00000	4706.91500
1.74935	0.00000	4701.36800
1.75320	0.00000	4701.36800
1.75704	0.00000	4701.36800
1.76088	0.00000	4701.36800
1.76471	0.00000	4701.36800
1.76855	0.00000	4701.36800
1.77239	0.00000	4723.55700
1.77623	0.00000	4723.55700
1.78006	0.00000	4723.55700
1.78389	0.00000	4723.55700
1.78773	0.00000	4723.55700
1.79156	0.00000	4723.55700
1.79539	0.00000	4723.55700
1.79922	0.00000	4723.55700
1.80305	0.00000	4723.55700
1.80689	0.00000	4723.55700
1.81073	0.00000	4723.55700
1.81455	0.00000	4723.55700
1.81837	0.00000	4709.68900
1.82222	0.00000	4709.68900
1.82604	0.00000	4709.68900
1.82988	0.00000	4709.68900
1.83373	0.00000	4709.68900
1.83756	0.00000	4734.93300
1.84139	0.00000	4734.93300
1.84522	0.00000	4734.93300
1.84906	0.00000	4734.93300
1.85290	0.00000	4734.93300
1.85673	0.00000	4734.93300
1.86057	0.00000	4712.46300
1.86440	0.00000	4712.46300
1.86825	0.00000	4712.46300
1.87207	0.00000	4712.46300
1.87590	0.00000	4712.46300
1.87973	0.00000	4712.46300
1.88356	0.00000	4726.33100
1.88740	0.00000	4726.33100
1.89122	0.00000	4726.33100
1.89506	0.00000	4726.33100
1.89889	0.00000	4726.33100
1.90272	0.00000	4726.33100
1.90654	0.00000	4704.14200
1.91038	0.00000	4704.14200
1.91421	0.00000	4704.14200
1.91804	0.00000	4704.14200
1.92187	0.00000	4704.14200
1.92571	0.00000	4729.35200
1.92956	0.00000	4729.35200
1.93339	0.00000	4729.35200
1.93722	0.00000	4729.35200
1.94105	0.00000	4729.35200
1.94489	0.00000	4729.35200
1.94872	0.00000	4701.28600
1.95256	0.00000	4701.28600
1.95639	0.00000	4701.28600
1.96022	0.00000	4701.28600
1.96406	0.00000	4701.28600
1.96789	0.00000	4701.28600
1.97173	0.00000	4723.55700
1.97557	0.00000	4723.55700
1.97940	0.00000	4723.55700
1.98323	0.00000	4723.55700
1.98707	0.00000	4723.55700
1.99090	0.00000	4723.55700
1.99473	0.00000	4720.78400
1.99855	0.00000	4720.78400
2.00239	0.00000	4720.78400
2.00622	0.00000	4720.78400
2.01004	0.00000	4720.78400
2.01387	0.00000	4732.14200
2.01770	0.00000	4732.14200
2.02153	0.00000	4732.14200
2.02538	0.00000	4732.14200
2.02922	0.00000	4732.14200
2.03305	0.00000	4732.14200
2.03689	0.00000	4729.10500
2.04073	0.00000	4729.10500
2.04456	0.00000	4729.10500
2.04839	0.00000	4729.10500
2.05222	0.00000	4729.10500
2.05605	0.00000	4729.10500
2.05989	0.00000	4729.10500
2.06372	0.00000	4729.10500
2.06756	0.00000	4729.10500
2.07138	0.00000	4729.10500
2.07521	0.00000	4729.10500
2.07906	0.00000	4729.10500
2.08290	0.00000	4718.01000
2.08673	0.00000	4718.01000
2.09056	0.00000	4718.01000
2.09439	0.00000	4718.01000
2.09822	0.00000	4718.01000
2.10204	0.00000	4726.56200
2.10588	0.00000	4726.56200
2.10972	0.00000	4726.56200
2.11355	0.00000	4726.56200
2.11739	0.00000	4726.56200
2.12122	0.00000	4726.56200
2.12506	0.00000	4695.77200
2.12890	0.00000	4695.77200
2.13274	0.00000	4695.77200
2.13657	0.00000	4695.77200
2.14041	0.00000	4695.77200
2.14424	0.00000	4695.77200
2.14807	0.00000	4731.87800
2.15191	0.00000	4731.87800
2.15574	0.00000	4731.87800
2.15958	0.00000	4731.87800
2.16342	0.00000	4731.87800
2.16726	0.00000	4731.87800
2.17110	0.00000	4726.33100
2.17492	0.00000	4726.33100
2.17876	0.00000	4726.33100
2.18260	0.00000	4726.33100
2.18642	0.00000	4726.33100
2.19025	0.00000	4715.40200
2.19410	0.00000	4715.40200
2.19792	0.00000	4715.40200
2.20176	0.00000	4715.40200
2.20558	0.00000	4715.40200
2.20942	0.00000	4715.40200
2.21325	0.00000	4720.78400
2.21710	0.00000	4720.78400
2.22093	0.00000	4720.78400
2.22477	0.00000	4720.78400
2.22860	0.00000	4720.78400
2.23243	0.00000	4720.78400
2.23626	0.00000	4718.01000
2.24010	0.00000	4718.01000
2.24393	0.00000	4718.01000
2.24777	0.00000	4718.01000
2.25160	0.00000	4718.01000
2.25544	0.00000	4718.01000
2.25926	0.00000	4734.65200
2.26310	0.00000	4734.65200
2.26694	0.00000	4734.65200
2.27077	0.00000	4734.65200
2.27460	0.00000	4734.65200
2.27844	0.00000	4723.77200
2.28229	0.00000	4723.77200
2.28613	0.00000	4723.77200
2.28996	0.00000	4723.77200
2.29378	0.00000	4723.77200
2.29761	0.00000	4723.77200
2.30144	0.00000	4706.91500
2.30527	0.00000	4706.91500
2.30911	0.00000	4706.91500
2.31294	0.00000	4706.91500
2.31677	0.00000	4706.91500
2.32060	0.00000	4706.91500
2.32443	0.00000	4704.04400
2.32826	0.00000	4704.04400
2.33210	0.00000	4704.04400
2.33593	0.00000	4704.04400
2.33977	0.00000	4704.04400
2.34361	0.00000	4704.04400
2.34744	0.00000	4712.46300
2.35127	0.00000	4712.46300
2.35510	0.00000	4712.46300
2.35894	0.00000	4712.46300
2.36278	0.00000	4712.46300
2.36662	0.00000	4723.77200
2.37047	0.00000	4723.77200
2.37434	0.00000	4723.77200
2.37818	0.00000	4723.77200
2.38202	0.00000	4723.77200
2.38587	0.00000	4723.77200
2.38970	0.00000	4718.01000
2.39354	0.00000	4718.01000
2.39737	0.00000	4718.01000
2.40120	0.00000	4718.01000
2.40504	0.00000	4718.01000
2.40887	0.00000	4718.01000
2.41270	0.00000	4715.23700
2.41654	0.00000	4715.23700
2.42037	0.00000	4715.23700
2.42420	0.00000	4715.23700
2.42803	0.00000	4715.23700
2.43187	0.00000	4715.23700
2.43569	0.00000	4731.87800
2.43952	0.00000	4731.87800
2.44336	0.00000	4731.87800
2.44721	0.00000	4731.87800
2.45105	0.00000	4731.87800
2.45490	0.00000	4720.98200
2.45875	0.00000	4720.98200
2.46259	0.00000	4720.98200
2.46642	0.00000	4720.98200
2.47025	0.00000	4720.98200
2.47410	0.00000	4720.98200
2.47794	0.00000	4698.52900
2.48178	0.00000	4698.52900
2.48562	0.00000	4698.52900
2.48945	0.00000	4698.52900
2.49328	0.00000	4698.52900
2.49711	0.00000	4698.52900
2.50094	0.00000	4723.55700
2.50478	0.00000	4723.55700
2.50865	0.00000	4723.55700
2.51250	0.00000	4723.55700
2.51634	0.00000	4723.55700
2.52018	0.00000	4723.55700
2.52400	0.00000	4712.46300
2.52783	0.00000	4712.46300
2.53166	0.00000	4712.46300
2.53550	0.00000	4712.46300
2.53933	0.00000	4712.46300
2.54316	0.00000	4726.56200
2.54700	0.00000	4726.56200
2.55083	0.00000	4726.56200
2.55466	0.00000	4726.56200
2.55850	0.00000	4726.56200
2.56232	0.00000	4726.56200
2.56617	0.00000	4715.23700
2.57000	0.00000	4715.23700
2.57383	0.00000	4715.23700
2.57766	0.00000	4715.23700
2.58150	0.00000	4715.23700
2.58534	0.00000	4715.23700
2.58917	0.00000	4718.01000
2.59301	0.00000	4718.01000
2.59685	0.00000	4718.01000
2.60068	0.00000	4718.01000
2.60451	0.00000	4718.01000
2.60834	0.00000	4718.01000
2.61216	0.00000	4709.68900
2.61599	0.00000	4709.68900
2.61982	0.00000	4709.68900
2.62366	0.00000	4709.68900
2.62750	0.00000	4709.68900
2.63134	0.00000	4726.56200
2.63518	0.00000	4726.56200
2.63902	0.00000	4726.56200
2.64286	0.00000	4726.56200
2.64670	0.00000	4726.56200
2.65054	0.00000	4726.56200
2.65437	0.00000	4695.77200
2.65820	0.00000	4695.77200
2.66204	0.00000	4695.77200
2.66589	0.00000	4695.77200
2.66972	0.00000	4695.77200
2.67355	0.00000	4695.77200
2.67740	0.00000	4720.78400
2.68122	0.00000	4720.78400
2.68505	0.00000	4720.78400
2.68888	0.00000	4720.78400
2.69271	0.00000	4720.78400
2.69653	0.00000	4720.78400
2.70036	0.00000	4709.68900
2.70420	0.00000	4709.68900
2.70803	0.00000	4709.68900
2.71185	0.00000	4709.68900
2.71568	0.00000	4709.68900
2.71952	0.00000	4715.40200
2.72337	0.00000	4715.40200
2.72720	0.00000	4715.40200
2.73104	0.00000	4715.40200
2.73487	0.00000	4715.40200
2.73870	0.00000	4715.40200
2.74256	0.00000	4695.77200
2.74639	0.00000	4695.77200
2.75023	0.00000	4695.77200
2.75404	0.00000	4695.77200
2.75786	0.00000	4695.77200
2.76169	0.00000	4695.77200
2.76553	0.00000	4718.01000
2.76937	0.00000	4718.01000
2.77321	0.00000	4718.01000
2.77704	0.00000	4718.01000
2.78087	0.00000	4718.01000
2.78471	0.00000	4718.01000
2.78854	0.00000	4698.52900
2.79237	0.00000	4698.52900
2.79622	0.00000	4698.52900
2.80005	0.00000	4698.52900
2.80388	0.00000	4698.52900
2.80772	0.00000	4709.68900
2.81158	0.00000	4709.68900
2.81541	0.00000	4709.68900
2.81924	0.00000	4709.68900
2.82308	0.00000	4709.68900
2.82693	0.00000	4709.68900
2.83076	0.00000	4734.65200
2.83459	0.00000	4734.65200
2.83843	0.00000	4734.65200
2.84226	0.00000	4734.65200
2.84609	0.00000	4734.65200
2.84993	0.00000	4734.65200
2.85375	0.00000	4723.55700
2.85758	0.00000	4723.55700
2.86141	0.00000	4723.55700
2.86523	0.00000	4723.55700
2.86907	0.00000	4723.55700
2.87291	0.00000	4723.55700
2.87674	0.00000	4695.77200
2.88057	0.00000	4695.77200
2.88441	0.00000	4695.77200
2.88824	0.00000	4695.77200
2.89207	0.00000	4695.77200
2.89590	0.00000	4726.56200
2.89977	0.00000	4726.56200
2.90361	0.00000	4726.56200
2.90744	0.00000	4726.56200
2.91128	0.00000	4726.56200
2.91512	0.00000	4726.56200
2.91895	0.00000	4709.68900
2.92279	0.00000	4709.68900
2.92662	0.00000	4709.68900
2.93046	0.00000	4709.68900
2.93429	0.00000	4709.68900
2.93812	0.00000	4709.68900
2.94195	0.00000	4715.23700
2.94578	0.00000	4715.23700
2.94962	0.00000	4715.23700
2.95345	0.00000	4715.23700
2.95729	0.00000	4715.23700
2.96112	0.00000	4715.23700
2.96494	0.00000	4715.23700
2.96878	0.00000	4715.23700
2.97261	0.00000	4715.23700
2.97645	0.00000	4715.23700
2.98028	0.00000	4715.23700
2.98411	0.00000	4712.61200
2.98796	0.00000	4712.61200
2.99181	0.00000	4712.61200
2.99564	0.00000	4712.61200
2.99947	0.00000	4712.61200
3.00331	0.00000	4712.61200
3.00714	0.00000	4706.80200
3.01097	0.00000	4706.80200
3.01480	0.00000	4706.80200
3.01864	0.00000	4706.80200
3.02246	0.00000	4706.80200
3.02630	0.00000	4706.80200
3.03014	0.00000	4731.87800
3.03396	0.00000	4731.87800
3.03780	0.00000	4731.87800
3.04163	0.00000	4731.87800
3.04545	0.00000	4731.87800
3.04929	0.00000	4731.87800
3.05312	0.00000	4715.23700
3.05695	0.00000	4715.23700
3.06078	0.00000	4715.23700
3.06461	0.00000	4715.23700
3.06844	0.00000	4715.23700
3.07227	0.00000	4720.98200
3.07611	0.00000	4720.98200
3.07995	0.00000	4720.98200
3.08378	0.00000	4720.98200
3.08762	0.00000	4720.98200
3.09146	0.00000	4720.98200
3.09529	0.00000	4712.46300
3.09912	0.00000	4712.46300
3.10295	0.00000	4712.46300
3.10678	0.00000	4712.46300
3.11062	0.00000	4712.46300
3.11445	0.00000	4712.46300
3.11829	0.00000	4712.46300
3.12212	0.00000	4712.46300
3.12597	0.00000	4712.46300
3.12981	0.00000	4712.46300
3.13365	0.00000	4712.46300
3.13748	0.00000	4712.46300
3.14131	0.00000	4706.91500
3.14514	0.00000	4706.91500
3.14896	0.00000	4706.91500
3.15281	0.00000	4706.91500
3.15664	0.00000	4706.91500
3.16047	0.00000	4729.35200
3.16431	0.00000	4729.35200
3.16814	0.00000	4729.35200
3.17197	0.00000	4729.35200
3.17580	0.00000	4729.35200
3.17963	0.00000	4729.35200
3.18346	0.00000	4723.55700
3.18730	0.00000	4723.55700
3.19112	0.00000	4723.55700
3.19496	0.00000	4723.55700
3.19879	0.00000	4723.55700
3.20262	0.00000	4723.55700
3.20647	0.00000	4723.55700
3.21030	0.00000	4723.55700
3.21415	0.00000	4723.55700
3.21798	0.00000	4723.55700
3.22181	0.00000	4723.55700
3.22563	0.00000	4723.55700
3.22947	0.00000	4734.65200
3.23329	0.00000	4734.65200
3.23713	0.00000	4734.65200
3.24095	0.00000	4734.65200
3.24479	0.00000	4734.65200
3.24862	0.00000	4723.77200
3.25246	0.00000	4723.77200
3.25630	0.00000	4723.77200
3.26014	0.00000	4723.77200
3.26396	0.00000	4723.77200
3.26779	0.00000	4723.77200
3.27163	0.00000	4718.01000
3.27547	0.00000	4718.01000
3.27929	0.00000	4718.01000
3.28313	0.00000	4718.01000
3.28697	0.00000	4718.01000
3.29080	0.00000	4718.01000
3.29463	0.00000	4715.23700
3.29847	0.00000	4715.23700
3.30230	0.00000	4715.23700
3.30614	0.00000	4715.23700
3.30998	0.00000	4715.23700
3.31380	0.00000	4715.23700
3.31763	0.00000	4718.01000
3.32146	0.00000	4718.01000
3.32529	0.00000	4718.01000
3.32913	0.00000	4718.01000
3.33296	0.00000	4718.01000
3.33679	0.00000	4726.56200
3.34062	0.00000	4726.56200
3.34446	0.00000	4726.56200
3.34830	0.00000	4726.56200
3.35214	0.00000	4726.56200
3.35597	0.00000	4726.56200
3.35982	0.00000	4712.46300
3.36365	0.00000	4712.46300
3.36748	0.00000	4712.46300
3.37131	0.00000	4712.46300
3.37514	0.00000	4712.46300
3.37897	0.00000	4712.46300
3.38280	0.00000	4712.46300
3.38663	0.00000	4712.46300
3.39045	0.00000	4712.46300
3.39428	0.00000	4712.46300
3.39811	0.00000	4712.46300
3.40194	0.00000	4712.46300
3.40577	0.00000	4709.68900
3.40962	0.00000	4709.68900
3.41346	0.00000	4709.68900
3.41730	0.00000	4709.68900
3.42113	0.00000	4709.68900
3.42497	0.00000	4720.98200
3.42882	0.00000	4720.98200
3.43265	0.00000	4720.98200
3.43648	0.00000	4720.98200
3.44032	0.00000	4720.98200
3.44415	0.00000	4720.98200
3.44797	0.00000	4698.59400
3.45180	0.00000	4698.59400
3.45564	0.00000	4698.59400
3.45947	0.00000	4698.59400
3.46331	0.00000	4698.59400
3.46714	0.00000	4698.59400
3.47097	0.00000	4709.68900
3.47479	0.00000	4709.68900
3.47863	0.00000	4709.68900
3.48245	0.00000	4709.68900
3.48628	0.00000	4709.68900
3.49011	0.00000	4709.68900
3.49394	0.00000	4709.68900
3.49777	0.00000	4709.68900
3.50160	0.00000	4709.68900
3.50545	0.00000	4709.68900
3.50932	0.00000	4709.68900
3.51316	0.00000	4720.98200
3.51702	0.00000	4720.98200
3.52085	0.00000	4720.98200
3.52468	0.00000	4720.98200
3.52852	0.00000	4720.98200
3.53235	0.00000	4720.98200
3.53618	0.00000	4712.46300
3.54002	0.00000	4712.46300
3.54384	0.00000	4712.46300
3.54768	0.00000	4712.46300
3.55151	0.00000	4712.46300
3.55534	0.00000	4712.46300
3.55917	0.00000	4709.68900
3.56301	0.00000	4709.68900
3.56685	0.00000	4709.68900
3.57069	0.00000	4709.68900
3.57452	0.00000	4709.68900
3.57834	0.00000	4709.68900
3.58218	0.00000	4718.01000
3.58601	0.00000	4718.01000
3.58985	0.00000	4718.01000
3.59369	0.00000	4718.01000
3.59752	0.00000	4718.01000
3.60134	0.00000	4709.82100
3.60518	0.00000	4709.82100
3.60903	0.00000	4709.82100
3.61286	0.00000	4709.82100
3.61669	0.00000	4709.82100
3.62053	0.00000	4709.82100
3.62438	0.00000	4709.68900
3.62822	0.00000	4709.68900
3.63205	0.00000	4709.68900
3.63588	0.00000	4709.68900
3.63972	0.00000	4709.68900
3.64355	0.00000	4709.68900
3.64738	0.00000	4718.01000
3.65122	0.00000	4718.01000
3.65506	0.00000	4718.01000
3.65890	0.00000	4718.01000
3.66274	0.00000	4718.01000
3.66656	0.00000	4718.01000
3.67040	0.00000	4693.01400
3.67424	0.00000	4693.01400
3.67804	0.00000	4693.01400
3.68188	0.00000	4693.01400
3.68571	0.00000	4693.01400
3.68955	0.00000	4723.77200
3.69341	0.00000	4723.77200
3.69724	0.00000	4723.77200
3.70107	0.00000	4723.77200
3.70491	0.00000	4723.77200
3.70875	0.00000	4723.77200
3.71258	0.00000	4709.68900
3.71642	0.00000	4709.68900
3.72025	0.00000	4709.68900
3.72409	0.00000	4709.68900
3.72792	0.00000	4709.68900
3.73176	0.00000	4709.68900
3.73560	0.00000	4718.01000
3.73944	0.00000	4718.01000
3.74328	0.00000	4718.01000
3.74711	0.00000	4718.01000
3.75094	0.00000	4718.01000
3.75478	0.00000	4718.01000
3.75860	0.00000	4687.50000
3.76243	0.00000	4687.50000
3.76626	0.00000	4687.50000
3.77011	0.00000	4687.50000
3.77394	0.00000	4687.50000
3.77777	0.00000	4709.82100
3.78162	0.00000	4709.82100
3.78546	0.00000	4709.82100
3.78929	0.00000	4709.82100
3.79312	0.00000	4709.82100
3.79695	0.00000	4709.82100
3.80079	0.00000	4726.33100
3.80463	0.00000	4726.33100
3.80846	0.00000	4726.33100
3.81229	0.00000	4726.33100
3.81614	0.00000	4726.33100
3.81998	0.00000	4726.33100
3.82381	0.00000	4718.01000
3.82763	0.00000	4718.01000
3.83147	0.00000	4718.01000
3.83531	0.00000	4718.01000
3.83914	0.00000	4718.01000
3.84297	0.00000	4718.01000
3.84680	0.00000	4715.23700
3.85062	0.00000	4715.23700
3.85445	0.00000	4715.23700
3.85829	0.00000	4715.23700
3.86212	0.00000	4715.23700
3.86596	0.00000	4707.03100
3.86981	0.00000	4707.03100
3.87364	0.00000	4707.03100
3.87747	0.00000	4707.03100
3.88129	0.00000	4707.03100
3.88513	0.00000	4707.03100
3.88896	0.00000	4712.46300
3.89280	0.00000	4712.46300
3.89663	0.00000	4712.46300
3.90046	0.00000	4712.46300
3.90429	0.00000	4712.46300
3.90812	0.00000	4712.46300
3.91195	0.00000	4690.25700
3.91578	0.00000	4690.25700
3.91962	0.00000	4690.25700
3.92344	0.00000	4690.25700
3.92726	0.00000	4690.25700
3.93109	0.00000	4690.25700
3.93493	0.00000	4706.91500
3.93877	0.00000	4706.91500
3.94260	0.00000	4706.91500
3.94644	0.00000	4706.91500
3.95027	0.00000	4706.91500
3.95410	0.00000	4704.24100
3.95795	0.00000	4704.24100
3.96179	0.00000	4704.24100
3.96562	0.00000	4704.24100
3.96946	0.00000	4704.24100
3.97329	0.00000	4704.24100
3.97712	0.00000	4706.80200
3.98096	0.00000	4706.80200
3.98478	0.00000	4706.80200
3.98861	0.00000	4706.80200
3.99244	0.00000	4706.80200
3.99627	0.00000	4706.80200
4.00010	0.00000	4701.28600
4.00393	0.00000	4701.28600
4.00776	0.00000	4701.28600
4.01160	0.00000	4701.28600
4.01543	0.00000	4701.28600
4.01927	0.00000	4701.28600
4.02311	0.00000	4715.23700
4.02695	0.00000	4715.23700
4.03078	0.00000	4715.23700
4.03462	0.00000	4715.23700
4.03845	0.00000	4715.23700
4.04228	0.00000	4718.19200
4.04612	0.00000	4718.19200
4.04996	0.00000	4718.19200
4.05379	0.00000	4718.19200
4.05762	0.00000	4718.19200
4.06146	0.00000	4718.19200
4.06529	0.00000	4712.46300
4.06914	0.00000	4712.46300
4.07298	0.00000	4712.46300
4.07682	0.00000	4712.46300
4.08065	0.00000	4712.46300
4.08448	0.00000	4712.46300
4.08831	0.00000	4712.46300
4.09214	0.00000	4712.46300
4.09598	0.00000	4712.46300
4.09981	0.00000	4712.46300
4.10364	0.00000	4712.46300
4.10747	0.00000	4712.46300
4.11130	0.00000	4706.91500
4.11512	0.00000	4706.91500
4.11896	0.00000	4706.91500
4.12280	0.00000	4706.91500
4.12662	0.00000	4706.91500
4.13046	0.00000	4726.56200
4.13429	0.00000	4726.56200
4.13812	0.00000	4726.56200
4.14195	0.00000	4726.56200
4.14578	0.00000	4726.56200
4.14960	0.00000	4726.56200
4.15343	0.00000	4718.01000
4.15725	0.00000	4718.01000
4.16110	0.00000	4718.01000
4.16494	0.00000	4718.01000
4.16877	0.00000	4718.01000
4.17259	0.00000	4718.01000
4.17643	0.00000	4712.46300
4.18026	0.00000	4712.46300
4.18410	0.00000	4712.46300
4.18792	0.00000	4712.46300
4.19176	0.00000	4712.46300
4.19559	0.00000	4712.46300
4.19944	0.00000	4709.68900
4.20328	0.00000	4709.68900
4.20711	0.00000	4709.68900
4.21095	0.00000	4709.68900
4.21478	0.00000	4709.68900
4.21863	0.00000	4720.98200
4.22247	0.00000	4720.98200
4.22630	0.00000	4720.98200
4.23014	0.00000	4720.98200
4.23396	0.00000	4720.98200
4.23779	0.00000	4720.98200
4.24163	0.00000	4715.23700
4.24546	0.00000	4715.23700
4.24929	0.00000	4715.23700
4.25312	0.00000	4715.23700
4.25696	0.00000	4715.23700
4.26079	0.00000	4715.23700
4.26463	0.00000	4729.10500
4.26846	0.00000	4729.10500
4.27229	0.00000	4729.10500
4.27613	0.00000	4729.10500
4.27996	0.00000	4729.10500
4.28380	0.00000	4729.10500
4.28763	0.00000	4695.77200
4.29146	0.00000	4695.77200
4.29529	0.00000	4695.77200
4.29914	0.00000	4695.77200
4.30297	0.00000	4695.77200
4.30681	0.00000	4718.19200
4.31063	0.00000	4718.19200
4.31446	0.00000	4718.19200
4.31828	0.00000	4718.19200
4.32211	0.00000	4718.19200
4.32595	0.00000	4718.19200
4.32978	0.00000	4712.46300
4.33362	0.00000	4712.46300
4.33745	0.00000	4712.46300
4.34128	0.00000	4712.46300
4.34511	0.00000	4712.46300
4.34894	0.00000	4712.46300
4.35279	0.00000	4723.55700
4.35663	0.00000	4723.55700
4.36045	0.00000	4723.55700
4.36429	0.00000	4723.55700
4.36813	0.00000	4723.55700
4.37196	0.00000	4723.55700
4.37578	0.00000	4712.46300
4.37961	0.00000	4712.46300
4.38343	0.00000	4712.46300
4.38725	0.00000	4712.46300
4.39108	0.00000	4712.46300
4.39492	0.00000	4720.98200
4.39876	0.00000	4720.98200
4.40259	0.00000	4720.98200
4.40642	0.00000	4720.98200
4.41025	0.00000	4720.98200
4.41404	0.00000	4720.98200
4.41787	0.00000	4712.46300
4.42170	0.00000	4712.46300
4.42553	0.00000	4712.46300
4.42936	0.00000	4712.46300
4.43320	0.00000	4712.46300
4.43703	0.00000	4712.46300
4.44088	0.00000	4718.01000
4.44472	0.00000	4718.01000
4.44856	0.00000	4718.01000
4.45239	0.00000	4718.01000
4.45623	0.00000	4718.01000
4.46006	0.00000	4718.01000
4.46390	0.00000	4695.77200
4.46773	0.00000	4695.77200
4.47157	0.00000	4695.77200
4.47540	0.00000	4695.77200
4.47923	0.00000	4695.77200
4.48305	0.00000	4712.61200
4.48689	0.00000	4712.61200
4.49072	0.00000	4712.61200
4.49455	0.00000	4712.61200
4.49838	0.00000	4712.61200
4.50222	0.00000	4712.61200
4.50605	0.00000	4701.36800
4.50991	0.00000	4701.36800
4.51376	0.00000	4701.36800
4.51759	0.00000	4701.36800
4.52142	0.00000	4701.36800
4.52526	0.00000	4701.36800
4.52910	0.00000	4693.01400
4.53293	0.00000	4693.01400
4.53676	0.00000	4693.01400
4.54060	0.00000	4693.01400
4.54443	0.00000	4693.01400
4.54827	0.00000	4693.01400
4.55210	0.00000	4731.87800
4.55593	0.00000	4731.87800
4.55976	0.00000	4731.87800
4.56360	0.00000	4731.87800
4.56745	0.00000	4731.87800
4.57129	0.00000	4707.03100
4.57514	0.00000	4707.03100
4.57898	0.00000	4707.03100
4.58282	0.00000	4707.03100
4.58665	0.00000	4707.03100
4.59049	0.00000	4707.03100
4.59431	0.00000	4715.23700
4.59814	0.00000	4715.23700
4.60197	0.00000	4715.23700
4.60580	0.00000	4715.23700
4.60964	0.00000	4715.23700
4.61347	0.00000	4715.23700
4.61730	0.00000	4709.68900
4.62113	0.00000	4709.68900
4.62497	0.00000	4709.68900
4.62880	0.00000	4709.68900
4.63262	0.00000	4709.68900
4.63647	0.00000	4709.68900
4.64030	0.00000	4709.68900
4.64412	0.00000	4709.68900
4.64795	0.00000	4709.68900
4.65178	0.00000	4709.68900
4.65563	0.00000	4709.68900
4.65946	0.00000	4715.40200
4.66330	0.00000	4715.40200
4.66713	0.00000	4715.40200
4.67096	0.00000	4715.40200
4.67480	0.00000	4715.40200
4.67863	0.00000	4715.40200
4.68245	0.00000	4715.23700
4.68628	0.00000	4715.23700
4.69012	0.00000	4715.23700
4.69396	0.00000	4715.23700
4.69779	0.00000	4715.23700
4.70162	0.00000	4715.23700
4.70545	0.00000	4712.46300
4.70930	0.00000	4712.46300
4.71312	0.00000	4712.46300
4.71696	0.00000	4712.46300
4.72080	0.00000	4712.46300
4.72463	0.00000	4712.46300
4.72846	0.00000	4693.01400
4.73229	0.00000	4693.01400
4.73611	0.00000	4693.01400
4.73995	0.00000	4693.01400
4.74378	0.00000	4693.01400
4.74761	0.00000	4712.61200
4.75146	0.00000	4712.61200
4.75528	0.00000	4712.61200
4.75912	0.00000	4712.61200
4.76295	0.00000	4712.61200
4.76679	0.00000	4712.61200
4.77063	0.00000	4706.91500
4.77447	0.00000	4706.91500
4.77831	0.00000	4706.91500
4.78214	0.00000	4706.91500
4.78598	0.00000	4706.91500
4.78981	0.00000	4706.91500
4.79364	0.00000	4693.01400
4.79747	0.00000	4693.01400
4.80130	0.00000	4693.01400
4.80514	0.00000	4693.01400
4.80898	0.00000	4693.01400
4.81281	0.00000	4693.01400
4.81664	0.00000	4715.23700
4.82047	0.00000	4715.23700
4.82431	0.00000	4715.23700
4.82814	0.00000	4715.23700
4.83198	0.00000	4715.23700
4.83580	0.00000	4729.35200
4.83966	0.00000	4729.35200
4.84349	0.00000	4729.35200
4.84732	0.00000	4729.35200
4.85116	0.00000	4729.35200
4.85500	0.00000	4729.35200
4.85883	0.00000	4715.07300
4.86266	0.00000	4715.07300
4.86650	0.00000	4715.07300
4.87035	0.00000	4715.07300
4.87418	0.00000	4715.07300
4.87801	0.00000	4715.07300
4.88184	0.00000	4704.04400
4.88567	0.00000	4704.04400
4.88951	0.00000	4704.04400
4.89334	0.00000	4704.04400
4.89717	0.00000	4704.04400
4.90101	0.00000	4704.04400
4.90484	0.00000	4723.55700
4.90867	0.00000	4723.55700
4.91250	0.00000	4723.55700
4.91634	0.00000	4723.55700
4.92018	0.00000	4723.55700
4.92400	0.00000	4709.68900
4.92783	0.00000	4709.68900
4.93166	0.00000	4709.68900
4.93550	0.00000	4709.68900
4.93933	0.00000	4709.68900
4.94317	0.00000	4709.68900
4.94700	0.00000	4723.55700
4.95082	0.00000	4723.55700
4.95465	0.00000	4723.55700
4.95848	0.00000	4723.55700
4.96231	0.00000	4723.55700
4.96615	0.00000	4723.55700
4.96998	0.00000	4715.23700
4.97381	0.00000	4715.23700
4.97765	0.00000	4715.23700
4.98149	0.00000	4715.23700
4.98532	0.00000	4715.23700
4.98916	0.00000	4715.23700
4.99299	0.00000	4695.77200
4.99681	0.00000	4695.77200
5.00113	0.00000	4695.77200
5.00500	0.00000	4695.77200
5.00885	0.00000	4695.77200
5.01269	0.00000	4718.19200
5.01656	0.00000	4718.19200
5.02040	0.00000	4718.19200
5.02425	0.00000	4718.19200
5.02810	0.00000	4718.19200
5.03202	0.00000	4718.19200
5.03588	0.00000	4774.70900
5.03971	0.00000	4774.70900
5.04355	0.00000	4774.70900
5.04738	0.00000	4774.70900
5.05122	0.00000	4774.70900
5.05505	0.00000	4774.70900
5.05889	0.00000	4969.27700
5.06273	0.00000	4969.27700
5.06657	0.00000	4969.27700
5.07041	0.00000	4969.27700
5.07425	0.00000	4969.27700
5.07804	0.00000	4969.27700
5.08188	0.00000	5079.82300
5.08572	0.00000	5079.82300
5.08956	0.00000	5079.82300
5.09341	0.00000	5079.82300
5.09723	0.00000	5079.82300
5.10107	0.00000	5079.82300
5.10491	0.00000	5079.82300
5.10874	0.00000	5161.21000
5.11259	0.00000	5161.21000
5.11642	0.00000	5161.21000
5.12026	0.00000	5161.21000
5.12412	0.00000	5161.21000
5.12796	0.00000	5161.21000
5.13179	0.00000	5217.28500
5.13565	0.00000	5217.28500
5.13949	0.00000	5217.28500
5.14334	0.00000	5217.28500
5.14718	0.00000	5217.28500
5.15102	0.00000	5217.28500
5.15487	0.00000	5217.28500
5.15870	0.00000	5276.44200
5.16255	0.00000	5276.44200
5.16641	0.00000	5276.44200
5.17025	0.00000	5276.44200
5.17410	0.00000	5276.44200
5.17794	0.00000	5276.44200
5.18178	0.00000	5276.44200
5.18562	0.00000	5294.25800
5.18947	0.00000	5294.25800
5.19332	0.00000	5294.25800
5.19716	0.00000	5294.25800
5.20100	0.00000	5294.25800
5.20484	0.00000	5294.25800
5.20868	0.00000	5339.46700
5.21253	0.00000	5339.46700
5.21638	0.00000	5339.46700
5.22021	0.00000	5339.46700
5.22405	0.00000	5339.46700
5.22790	0.00000	5339.46700
5.23174	0.00000	5339.46700
5.23558	0.00000	5361.18100
5.23942	0.00000	5361.18100
5.24326	0.00000	5361.18100
5.24710	0.00000	5361.18100
5.25094	0.00000	5361.18100
5.25478	0.00000	5361.18100
5.25862	0.00000	5361.18100
5.26246	0.00000	5371.87500
5.26630	0.00000	5371.87500
5.27014	0.00000	5371.87500
5.27398	0.00000	5371.87500
5.27783	0.00000	5371.87500
5.28167	0.00000	5371.87500
5.28550	0.00000	5371.87500
5.28933	0.00000	5388.28100
5.29317	0.00000	5388.28100
5.29701	0.00000	5388.28100
5.30086	0.00000	5388.28100
5.30470	0.00000	5388.28100
5.30854	0.00000	5388.28100
5.31238	0.00000	5410.64700
5.31625	0.00000	5410.64700
5.32009	0.00000	5410.64700
5.32393	0.00000	5410.64700
5.32777	0.00000	5410.64700
5.33161	0.00000	5410.64700
5.33544	0.00000	5410.64700
5.33928	0.00000	5401.11900
5.34312	0.00000	5401.11900
5.34697	0.00000	5401.11900
5.35081	0.00000	5401.11900
5.35464	0.00000	5401.11900
5.35849	0.00000	5401.11900
5.36233	0.00000	5401.11900
5.36617	0.00000	5388.30400
5.37001	0.00000	5388.30400
5.37386	0.00000	5388.30400
5.37769	0.00000	5388.30400
5.38153	0.00000	5388.30400
5.38536	0.00000	5388.30400
5.38920	0.00000	5388.30400
5.39306	0.00000	5415.11200
5.39689	0.00000	5415.11200
5.40072	0.00000	5415.11200
5.40457	0.00000	5415.11200
5.40841	0.00000	5415.11200
5.41225	0.00000	5415.11200
5.41609	0.00000	5415.11200
5.41991	0.00000	5415.11200
5.42376	0.00000	5415.11200
5.42760	0.00000	5415.11200
5.43143	0.00000	5415.11200
5.43527	0.00000	5415.11200
5.43910	0.00000	5415.11200
5.44294	0.00000	5428.12500
5.44679	0.00000	5428.12500
5.45063	0.00000	5428.12500
5.45447	0.00000	5428.12500
5.45831	0.00000	5428.12500
5.46214	0.00000	5428.12500
5.46598	0.00000	5428.12500
5.46982	0.00000	5412.78000
5.47366	0.00000	5412.78000
5.47750	0.00000	5412.78000
5.48134	0.00000	5412.78000
5.48518	0.00000	5412.78000
5.48902	0.00000	5412.78000
5.49287	0.00000	5412.78000
5.49671	0.00000	5404.54800
5.50055	0.00000	5404.54800
5.50439	0.00000	5404.54800
5.50827	0.00000	5404.54800
5.51211	0.00000	5404.54800
5.51595	0.00000	5404.54800
5.51979	0.00000	5404.54800
5.52363	0.00000	5404.54800
5.52747	0.00000	5404.54800
5.53131	0.00000	5404.54800
5.53515	0.00000	5404.54800
5.53898	0.00000	5404.54800
5.54283	0.00000	5404.54800
5.54666	0.00000	5404.54800
5.55050	0.00000	5433.76800
5.55434	0.00000	5433.76800
5.55818	0.00000	5433.76800
5.56203	0.00000	5433.76800
5.56588	0.00000	5433.76800
5.56973	0.00000	5433.76800
5.57361	0.00000	5433.76800
5.57745	0.00000	5426.77200
5.58129	0.00000	5426.77200
5.58513	0.00000	5426.77200
5.58897	0.00000	5426.77200
5.59280	0.00000	5426.77200
5.59665	0.00000	5426.77200
5.60048	0.00000	5430.46900
5.60433	0.00000	5430.46900
5.60817	0.00000	5430.46900
5.61201	0.00000	5430.46900
5.61585	0.00000	5430.46900
5.61969	0.00000	5430.46900
5.62352	0.00000	5430.46900
5.62737	0.00000	5431.43600
5.63120	0.00000	5431.43600
5.63504	0.00000	5431.43600
5.63888	0.00000	5431.43600
5.64273	0.00000	5431.43600
5.64656	0.00000	5431.43600
5.65040	0.00000	5431.43600
5.65424	0.00000	5409.18900
5.65809	0.00000	5409.18900
5.66193	0.00000	5409.18900
5.66577	0.00000	5409.18900
5.66960	0.00000	5409.18900
5.67345	0.00000	5409.18900
5.67729	0.00000	5409.18900
5.68113	0.00000	5413.83000
5.68497	0.00000	5413.83000
5.68881	0.00000	5413.83000
5.69265	0.00000	5413.83000
5.69649	0.00000	5413.83000
5.70032	0.00000	5413.83000
5.70417	0.00000	5413.83000
5.70801	0.00000	5411.51000
5.71184	0.00000	5411.51000
5.71568	0.00000	5411.51000
5.71953	0.00000	5411.51000
5.72336	0.00000	5411.51000
5.72720	0.00000	5411.51000
5.73104	0.00000	5411.51000
5.73487	0.00000	5436.10100
5.73871	0.00000	5436.10100
5.74256	0.00000	5436.10100
5.74639	0.00000	5436.10100
5.75023	0.00000	5436.10100
5.75404	0.00000	5436.10100
5.75788	0.00000	5412.78000
5.76174	0.00000	5412.78000
5.76557	0.00000	5412.78000
5.76941	0.00000	5412.78000
5.77325	0.00000	5412.78000
5.77708	0.00000	5412.78000
5.78092	0.00000	5412.78000
5.78475	0.00000	5409.18900
5.78859	0.00000	5409.18900
5.79242	0.00000	5409.18900
5.79626	0.00000	5409.18900
5.80009	0.00000	5409.18900
5.80393	0.00000	5409.18900
5.80777	0.00000	5409.18900
5.81160	0.00000	5413.83000
5.81544	0.00000	5413.83000
5.81928	0.00000	5413.83000
5.82311	0.00000	5413.83000
5.82696	0.00000	5413.83000
5.83080	0.00000	5413.83000
5.83463	0.00000	5413.83000
5.83847	0.00000	5416.15100
5.84232	0.00000	5416.15100
5.84616	0.00000	5416.15100
5.84999	0.00000	5416.15100
5.85383	0.00000	5416.15100
5.85767	0.00000	5416.15100
5.86150	0.00000	5416.15100
5.86535	0.00000	5418.47100
5.86919	0.00000	5418.47100
5.87303	0.00000	5418.47100
5.87686	0.00000	5418.47100
5.88071	0.00000	5418.47100
5.88455	0.00000	5418.47100
5.88838	0.00000	5418.47100
5.89222	0.00000	5411.51000
5.89607	0.00000	5411.51000
5.89990	0.00000	5411.51000
5.90374	0.00000	5411.51000
5.90758	0.00000	5411.51000
5.91142	0.00000	5411.51000
5.91526	0.00000	5408.11500
5.91910	0.00000	5408.11500
5.92295	0.00000	5408.11500
5.92681	0.00000	5408.11500
5.93064	0.00000	5408.11500
5.93449	0.00000	5408.11500
5.93833	0.00000	5408.11500
5.94217	0.00000	5422.10800
5.94602	0.00000	5422.10800
5.94986	0.00000	5422.10800
5.95370	0.00000	5422.10800
5.95753	0.00000	5422.10800
5.96137	0.00000	5422.10800
5.96521	0.00000	5422.10800
5.96905	0.00000	5413.83000
5.97288	0.00000	5413.83000
5.97672	0.00000	5413.83000
5.98056	0.00000	5413.83000
5.98440	0.00000	5413.83000
5.98825	0.00000	5413.83000
5.99209	0.00000	5413.83000
5.99593	0.00000	5413.83000
5.99976	0.00000	5413.83000
6.00362	0.00000	5413.83000
6.00745	0.00000	5413.83000
6.01129	0.00000	5413.83000
6.01513	0.00000	5413.83000
6.01897	0.00000	5413.83000
6.02280	0.00000	5411.51000
6.02664	0.00000	5411.51000
6.03048	0.00000	5411.51000
6.03433	0.00000	5411.51000
6.03817	0.00000	5411.51000
6.04202	0.00000	5411.51000
6.04586	0.00000	5411.51000
6.04970	0.00000	5411.51000
6.05354	0.00000	5411.51000
6.05738	0.00000	5411.51000
6.06122	0.00000	5411.51000
6.06506	0.00000	5411.51000
6.06889	0.00000	5411.51000
6.07274	0.00000	5408.11500
6.07657	0.00000	5408.11500
6.08042	0.00000	5408.11500
6.08426	0.00000	5408.11500
6.08810	0.00000	5408.11500
6.09194	0.00000	5408.11500
6.09578	0.00000	5408.11500
6.09961	0.00000	5417.44400
6.10346	0.00000	5417.44400
6.10730	0.00000	5417.44400
6.11114	0.00000	5417.44400
6.11498	0.00000	5417.44400
6.11882	0.00000	5417.44400
6.12266	0.00000	5417.44400
6.12651	0.00000	5409.18900
6.13034	0.00000	5409.18900
6.13418	0.00000	5409.18900
6.13802	0.00000	5409.18900
6.14186	0.00000	5409.18900
6.14569	0.00000	5409.18900
6.14954	0.00000	5409.18900
6.15337	0.00000	5411.51000
6.15723	0.00000	5411.51000
6.16106	0.00000	5411.51000
6.16490	0.00000	5411.51000
6.16875	0.00000	5411.51000
6.17259	0.00000	5411.51000
6.17643	0.00000	5411.51000
6.18027	0.00000	5406.86900
6.18411	0.00000	5406.86900
6.18794	0.00000	5406.86900
6.19179	0.00000	5406.86900
6.19563	0.00000	5406.86900
6.19946	0.00000	5406.86900
6.20331	0.00000	5406.86900
6.20715	0.00000	5433.76800
6.21099	0.00000	5433.76800
6.21483	0.00000	5433.76800
6.21867	0.00000	5433.76800
6.22251	0.00000	5433.76800
6.22635	0.00000	5433.76800
6.23019	0.00000	5428.12500
6.23402	0.00000	5428.12500
6.23786	0.00000	5428.12500
6.24169	0.00000	5428.12500
6.24553	0.00000	5428.12500
6.24938	0.00000	5428.12500
6.25322	0.00000	5428.12500
6.25706	0.00000	5417.44400
6.26091	0.00000	5417.44400
6.26475	0.00000	5417.44400
6.26859	0.00000	5417.44400
6.27243	0.00000	5417.44400
6.27626	0.00000	5417.44400
6.28012	0.00000	5417.44400
6.28396	0.00000	5413.83000
6.28779	0.00000	5413.83000
6.29163	0.00000	5413.83000
6.29547	0.00000	5413.83000
6.29931	0.00000	5413.83000
6.30316	0.00000	5413.83000
6.30700	0.00000	5413.83000
6.31084	0.00000	5404.54800
6.31468	0.00000	5404.54800
6.31852	0.00000	5404.54800
6.32236	0.00000	5404.54800
6.32620	0.00000	5404.54800
6.33004	0.00000	5404.54800
6.33388	0.00000	5404.54800
6.33772	0.00000	5399.90700
6.34155	0.00000	5399.90700
6.34540	0.00000	5399.90700
6.34924	0.00000	5399.90700
6.35307	0.00000	5399.90700
6.35692	0.00000	5399.90700
6.36076	0.00000	5399.90700
6.36459	0.00000	5399.90700
6.36843	0.00000	5399.90700
6.37228	0.00000	5399.90700
6.37612	0.00000	5399.90700
6.37996	0.00000	5399.90700
6.38380	0.00000	5399.90700
6.38764	0.00000	5398.78700
6.39149	0.00000	5398.78700
6.39533	0.00000	5398.78700
6.39917	0.00000	5398.78700
6.40301	0.00000	5398.78700
6.40685	0.00000	5398.78700
6.41069	0.00000	5398.78700
6.41453	0.00000	5415.11200
6.41837	0.00000	5415.11200
6.42221	0.00000	5415.11200
6.42604	0.00000	5415.11200
6.42988	0.00000	5415.11200
6.43372	0.00000	5415.11200
6.43756	0.00000	5415.11200
6.44140	0.00000	5429.10400
6.44524	0.00000	5429.10400
6.44908	0.00000	5429.10400
6.45292	0.00000	5429.10400
6.45677	0.00000	5429.10400
6.46060	0.00000	5429.10400
6.46444	0.00000	5429.10400
6.46828	0.00000	5404.54800
6.47212	0.00000	5404.54800
6.47596	0.00000	5404.54800
6.47980	0.00000	5404.54800
6.48363	0.00000	5404.54800
6.48747	0.00000	5404.54800
6.49131	0.00000	5404.54800
6.49517	0.00000	5404.54800
6.49900	0.00000	5404.54800
6.50285	0.00000	5404.54800
6.50669	0.00000	5404.54800
6.51057	0.00000	5404.54800
6.51441	0.00000	5404.54800
6.51822	0.00000	5404.54800
6.52204	0.00000	5419.77600
6.52589	0.00000	5419.77600
6.52973	0.00000	5419.77600
6.53357	0.00000	5419.77600
6.53742	0.00000	5419.77600
6.54125	0.00000	5419.77600
6.54509	0.00000	5401.11900
6.54895	0.00000	5401.11900
6.55279	0.00000	5401.11900
6.55663	0.00000	5401.11900
6.56046	0.00000	5401.11900
6.56430	0.00000	5401.11900
6.56815	0.00000	5401.11900
6.57200	0.00000	5399.90700
6.57588	0.00000	5399.90700
6.57976	0.00000	5399.90700
6.58361	0.00000	5399.90700
6.58745	0.00000	5399.90700
6.59132	0.00000	5399.90700
6.59515	0.00000	5399.90700
6.59900	0.00000	5399.90700
6.60284	0.00000	5399.90700
6.60669	0.00000	5399.90700
6.61053	0.00000	5399.90700
6.61437	0.00000	5399.90700
6.61821	0.00000	5399.90700
6.62204	0.00000	5399.90700
6.62588	0.00000	5399.90700
6.62972	0.00000	5399.90700
6.63356	0.00000	5399.90700
6.63741	0.00000	5399.90700
6.64125	0.00000	5399.90700
6.64509	0.00000	5399.90700
6.64892	0.00000	5399.90700
6.65276	0.00000	5399.90700
6.65660	0.00000	5399.90700
6.66044	0.00000	5399.90700
6.66428	0.00000	5399.90700
6.66814	0.00000	5399.90700
6.67198	0.00000	5399.90700
6.67582	0.00000	5398.78700
6.67965	0.00000	5398.78700
6.68349	0.00000	5398.78700
6.68733	0.00000	5398.78700
6.69118	0.00000	5398.78700
6.69502	0.00000	5398.78700
6.69886	0.00000	5398.78700
6.70270	0.00000	5398.78700
6.70654	0.00000	5398.78700
6.71039	0.00000	5398.78700
6.71422	0.00000	5398.78700
6.71804	0.00000	5398.78700
6.72187	0.00000	5398.78700
6.72571	0.00000	5398.78700
6.72955	0.00000	5399.90700
6.73339	0.00000	5399.90700
6.73722	0.00000	5399.90700
6.74106	0.00000	5399.90700
6.74491	0.00000	5399.90700
6.74874	0.00000	5399.90700
6.75258	0.00000	5399.90700
6.75642	0.00000	5397.58700
6.76025	0.00000	5397.58700
6.76409	0.00000	5397.58700
6.76793	0.00000	5397.58700
6.77177	0.00000	5397.58700
6.77561	0.00000	5397.58700
6.77945	0.00000	5397.58700
6.78329	0.00000	5399.90700
6.78714	0.00000	5399.90700
6.79098	0.00000	5399.90700
6.79482	0.00000	5399.90700
6.79866	0.00000	5399.90700
6.80250	0.00000	5399.90700
6.80633	0.00000	5399.90700
6.81017	0.00000	5395.26600
6.81400	0.00000	5395.26600
6.81784	0.00000	5395.26600
6.82168	0.00000	5395.26600
6.82553	0.00000	5395.26600
6.82937	0.00000	5395.26600
6.83320	0.00000	5389.45900
6.83704	0.00000	5389.45900
6.84089	0.00000	5389.45900
6.84474	0.00000	5389.45900
6.84857	0.00000	5389.45900
6.85241	0.00000	5389.45900
6.85625	0.00000	5389.45900
6.86008	0.00000	5410.44800
6.86395	0.00000	5410.44800
6.86779	0.00000	5410.44800
6.87162	0.00000	5410.44800
6.87546	0.00000	5410.44800
6.87930	0.00000	5410.44800
6.88314	0.00000	5410.44800
6.88698	0.00000	5419.77600
6.89081	0.00000	5419.77600
6.89465	0.00000	5419.77600
6.89849	0.00000	5419.77600
6.90234	0.00000	5419.77600
6.90618	0.00000	5419.77600
6.91001	0.00000	5419.77600
6.91385	0.00000	5424.44000
6.91770	0.00000	5424.44000
6.92154	0.00000	5424.44000
6.92537	0.00000	5424.44000
6.92921	0.00000	5424.44000
6.93306	0.00000	5424.44000
6.93689	0.00000	5424.44000
6.94073	0.00000	5431.43600
6.94458	0.00000	5431.43600
6.94842	0.00000	5431.43600
6.95226	0.00000	5431.43600
6.95609	0.00000	5431.43600
6.95993	0.00000	5431.43600
6.96378	0.00000	5431.43600
6.96761	0.00000	5415.11200
6.97145	0.00000	5415.11200
6.97529	0.00000	5415.11200
6.97913	0.00000	5415.11200
6.98296	0.00000	5415.11200
6.98680	0.00000	5415.11200
6.99064	0.00000	5394.12300
6.99448	0.00000	5394.12300
6.99832	0.00000	5394.12300
7.00217	0.00000	5394.12300
7.00601	0.00000	5394.12300
7.00985	0.00000	5394.12300
7.01368	0.00000	5394.12300
7.01752	0.00000	5392.94600
7.02135	0.00000	5392.94600
7.02519	0.00000	5392.94600
7.02903	0.00000	5392.94600
7.03286	0.00000	5392.94600
7.03669	0.00000	5392.94600
7.04053	0.00000	5392.94600
7.04436	0.00000	5390.62500
7.04819	0.00000	5390.62500
7.05205	0.00000	5390.62500
7.05589	0.00000	5390.62500
7.05973	0.00000	5390.62500
7.06357	0.00000	5390.62500
7.06742	0.00000	5390.62500
7.07126	0.00000	5422.10800
7.07510	0.00000	5422.10800
7.07893	0.00000	5422.10800
7.08277	0.00000	5422.10800
7.08661	0.00000	5422.10800
7.09045	0.00000	5422.10800
7.09429	0.00000	5422.10800
7.09813	0.00000	5424.44000
7.10197	0.00000	5424.44000
7.10581	0.00000	5424.44000
7.10966	0.00000	5424.44000
7.11350	0.00000	5424.44000
7.11734	0.00000	5424.44000
7.12118	0.00000	5423.43700
7.12501	0.00000	5423.43700
7.12883	0.00000	5423.43700
7.13267	0.00000	5423.43700
7.13651	0.00000	5423.43700
7.14035	0.00000	5423.43700
7.14419	0.00000	5423.43700
7.14803	0.00000	5396.45500
7.15187	0.00000	5396.45500
7.15571	0.00000	5396.45500
7.15954	0.00000	5396.45500
7.16338	0.00000	5396.45500
7.16722	0.00000	5396.45500
7.17106	0.00000	5396.45500
7.17490	0.00000	5395.26600
7.17874	0.00000	5395.26600
7.18258	0.00000	5395.26600
7.18643	0.00000	5395.26600
7.19026	0.00000	5395.26600
7.19410	0.00000	5395.26600
7.19794	0.00000	5395.26600
7.20177	0.00000	5419.77600
7.20561	0.00000	5419.77600
7.20946	0.00000	5419.77600
7.21330	0.00000	5419.77600
7.21714	0.00000	5419.77600
7.22098	0.00000	5419.77600
7.22482	0.00000	5419.77600
7.22865	0.00000	5422.10800
7.23250	0.00000	5422.10800
7.23633	0.00000	5422.10800
7.24018	0.00000	5422.10800
7.24402	0.00000	5422.10800
7.24786	0.00000	5422.10800
7.25170	0.00000	5422.10800
7.25554	0.00000	5424.44000
7.25938	0.00000	5424.44000
7.26322	0.00000	5424.44000
7.26707	0.00000	5424.44000
7.27091	0.00000	5424.44000
7.27475	0.00000	5424.44000
7.27858	0.00000	5423.43700
7.28243	0.00000	5423.43700
7.28627	0.00000	5423.43700
7.29010	0.00000	5423.43700
7.29394	0.00000	5423.43700
7.29777	0.00000	5423.43700
7.30163	0.00000	5423.43700
7.30547	0.00000	5412.78000
7.30931	0.00000	5412.78000
7.31314	0.00000	5412.78000
7.31698	0.00000	5412.78000
7.32082	0.00000	5412.78000
7.32466	0.00000	5412.78000
7.32850	0.00000	5412.78000
7.33235	0.00000	5397.58700
7.33619	0.00000	5397.58700
7.34003	0.00000	5397.58700
7.34388	0.00000	5397.58700
7.34772	0.00000	5397.58700
7.35156	0.00000	5397.58700
7.35539	0.00000	5397.58700
7.35923	0.00000	5399.90700
7.36308	0.00000	5399.90700
7.36691	0.00000	5399.90700
7.37075	0.00000	5399.90700
7.37459	0.00000	5399.90700
7.37843	0.00000	5399.90700
7.38227	0.00000	5399.90700
7.38611	0.00000	5395.26600
7.38995	0.00000	5395.26600
7.39380	0.00000	5395.26600
7.39764	0.00000	5395.26600
7.40148	0.00000	5395.26600
7.40532	0.00000	5395.26600
7.40917	0.00000	5395.26600
7.41300	0.00000	5412.78000
7.41684	0.00000	5412.78000
7.42068	0.00000	5412.78000
7.42453	0.00000	5412.78000
7.42836	0.00000	5412.78000
7.43220	0.00000	5412.78000
7.43604	0.00000	5423.43700
7.43988	0.00000	5423.43700
7.44372	0.00000	5423.43700
7.44757	0.00000	5423.43700
7.45141	0.00000	5423.43700
7.45524	0.00000	5423.43700
7.45908	0.00000	5423.43700
7.46292	0.00000	5422.10800
7.46677	0.00000	5422.10800
7.47061	0.00000	5422.10800
7.47445	0.00000	5422.10800
7.47828	0.00000	5422.10800
7.48212	0.00000	5422.10800
7.48596	0.00000	5422.10800
7.48980	0.00000	5424.44000
7.49363	0.00000	5424.44000
7.49747	0.00000	5424.44000
7.50130	0.00000	5424.44000
7.50514	0.00000	5424.44000
7.50902	0.00000	5424.44000
7.51286	0.00000	5424.44000
7.51670	0.00000	5429.10400
7.52054	0.00000	5429.10400
7.52438	0.00000	5429.10400
7.52822	0.00000	5429.10400
7.53207	0.00000	5429.10400
7.53591	0.00000	5429.10400
7.53975	0.00000	5429.10400
7.54360	0.00000	5424.44000
7.54744	0.00000	5424.44000
7.55129	0.00000	5424.44000
7.55513	0.00000	5424.44000
7.55897	0.00000	5424.44000
7.56281	0.00000	5424.44000
7.56665	0.00000	5432.81200
7.57048	0.00000	5432.81200
7.57432	0.00000	5432.81200
7.57817	0.00000	5432.81200
7.58200	0.00000	5432.81200
7.58585	0.00000	5432.81200
7.58969	0.00000	5432.81200
7.59353	0.00000	5396.45500
7.59736	0.00000	5396.45500
7.60120	0.00000	5396.45500
7.60505	0.00000	5396.45500
7.60890	0.00000	5396.45500
7.61274	0.00000	5396.45500
7.61657	0.00000	5396.45500
7.62042	0.00000	5402.22800
7.62426	0.00000	5402.22800
7.62810	0.00000	5402.22800
7.63194	0.00000	5402.22800
7.63578	0.00000	5402.22800
7.63962	0.00000	5402.22800
7.64346	0.00000	5402.22800
7.64730	0.00000	5399.90700
7.65114	0.00000	5399.90700
7.65499	0.00000	5399.90700
7.65882	0.00000	5399.90700
7.66267	0.00000	5399.90700
7.66651	0.00000	5399.90700
7.67035	0.00000	5399.90700
7.67419	0.00000	5402.22800
7.67803	0.00000	5402.22800
7.68188	0.00000	5402.22800
7.68572	0.00000	5402.22800
7.68956	0.00000	5402.22800
7.69340	0.00000	5402.22800
7.69724	0.00000	5402.22800
7.70108	0.00000	5402.22800
7.70492	0.00000	5402.22800
7.70876	0.00000	5402.22800
7.71260	0.00000	5402.22800
7.71644	0.00000	5402.22800
7.72028	0.00000	5402.22800
7.72412	0.00000	5398.78700
7.72795	0.00000	5398.78700
7.73179	0.00000	5398.78700
7.73563	0.00000	5398.78700
7.73947	0.00000	5398.78700
7.74332	0.00000	5398.78700
7.74715	0.00000	5398.78700
7.75099	0.00000	5412.78000
7.75484	0.00000	5412.78000
7.75868	0.00000	5412.78000
7.76252	0.00000	5412.78000
7.76636	0.00000	5412.78000
7.77020	0.00000	5412.78000
7.77404	0.00000	5412.78000
7.77788	0.00000	5404.54800
7.78172	0.00000	5404.54800
7.78556	0.00000	5404.54800
7.78939	0.00000	5404.54800
7.79323	0.00000	5404.54800
7.79707	0.00000	5404.54800
7.80091	0.00000	5404.54800
7.80475	0.00000	5404.54800
7.80860	0.00000	5404.54800
7.81243	0.00000	5404.54800
7.81627	0.00000	5404.54800
7.82011	0.00000	5404.54800
7.82395	0.00000	5404.54800
7.82779	0.00000	5404.54800
7.83163	0.00000	5409.18900
7.83547	0.00000	5409.18900
7.83931	0.00000	5409.18900
7.84315	0.00000	5409.18900
7.84699	0.00000	5409.18900
7.85083	0.00000	5409.18900
7.85467	0.00000	5409.18900
7.85851	0.00000	5399.90700
7.86235	0.00000	5399.90700
7.86619	0.00000	5399.90700
7.87003	0.00000	5399.90700
7.87387	0.00000	5399.90700
7.87771	0.00000	5399.90700
7.88155	0.00000	5398.78700
7.88538	0.00000	5398.78700
7.88922	0.00000	5398.78700
7.89306	0.00000	5398.78700
7.89691	0.00000	5398.78700
7.90075	0.00000	5398.78700
7.90459	0.00000	5398.78700
7.90843	0.00000	5412.78000
7.91227	0.00000	5412.78000
7.91610	0.00000	5412.78000
7.91995	0.00000	5412.78000
7.92378	0.00000	5412.78000
7.92764	0.00000	5412.78000
7.93147	0.00000	5412.78000
7.93531	0.00000	5409.18900
7.93915	0.00000	5409.18900
7.94299	0.00000	5409.18900
7.94683	0.00000	5409.18900
7.95067	0.00000	5409.18900
7.95451	0.00000	5409.18900
7.95835	0.00000	5409.18900
7.96219	0.00000	5406.86900
7.96603	0.00000	5406.86900
7.96987	0.00000	5406.86900
7.97372	0.00000	5406.86900
7.97756	0.00000	5406.86900
7.98139	0.00000	5406.86900
7.98523	0.00000	5406.86900
7.98907	0.00000	5404.54800
7.99291	0.00000	5404.54800
7.99675	0.00000	5404.54800
8.00059	0.00000	5404.54800
8.00444	0.00000	5404.54800
8.00828	0.00000	5404.54800
8.01212	0.00000	5404.54800
8.01595	0.00000	5429.10400
8.01979	0.00000	5429.10400
8.02363	0.00000	5429.10400
8.02747	0.00000	5429.10400
8.03131	0.00000	5429.10400
8.03515	0.00000	5429.10400
8.03899	0.00000	5435.15600
8.04285	0.00000	5435.15600
8.04668	0.00000	5435.15600
8.05052	0.00000	5435.15600
8.05436	0.00000	5435.15600
8.05819	0.00000	5435.15600
8.06203	0.00000	5435.15600
8.06588	0.00000	5429.10400
8.06971	0.00000	5429.10400
8.07355	0.00000	5429.10400
8.07739	0.00000	5429.10400
8.08124	0.00000	5429.10400
8.08508	0.00000	5429.10400
8.08891	0.00000	5429.10400
8.09275	0.00000	5416.15100
8.09660	0.00000	5416.15100
8.10044	0.00000	5416.15100
8.10427	0.00000	5416.15100
8.10811	0.00000	5416.15100
8.11194	0.00000	5416.15100
8.11578	0.00000	5416.15100
8.11962	0.00000	5416.15100
8.12346	0.00000	5416.15100
8.12729	0.00000	5416.15100
8.13113	0.00000	5416.15100
8.13497	0.00000	5416.15100
8.13880	0.00000	5416.15100
8.14264	0.00000	5416.15100
8.14648	0.00000	5418.47100
8.15032	0.00000	5418.47100
8.15416	0.00000	5418.47100
8.15800	0.00000	5418.47100
8.16184	0.00000	5418.47100
8.16567	0.00000	5418.47100
8.16952	0.00000	5418.47100
8.17336	0.00000	5418.47100
8.17721	0.00000	5418.47100
8.18105	0.00000	5418.47100
8.18488	0.00000	5418.47100
8.18872	0.00000	5418.47100
8.19255	0.00000	5418.47100
8.19639	0.00000	5410.44800
8.20022	0.00000	5410.44800
8.20405	0.00000	5410.44800
8.20789	0.00000	5410.44800
8.21173	0.00000	5410.44800
8.21556	0.00000	5410.44800
8.21940	0.00000	5410.44800
8.22324	0.00000	5426.77200
8.22707	0.00000	5426.77200
8.23091	0.00000	5426.77200
8.23475	0.00000	5426.77200
8.23859	0.00000	5426.77200
8.24242	0.00000	5426.77200
8.24626	0.00000	5426.77200
8.25009	0.00000	5420.79200
8.25393	0.00000	5420.79200
8.25777	0.00000	5420.79200
8.26161	0.00000	5420.79200
8.26544	0.00000	5420.79200
8.26928	0.00000	5420.79200
8.27312	0.00000	5420.79200
8.27695	0.00000	5416.15100
8.28079	0.00000	5416.15100
8.28462	0.00000	5416.15100
8.28846	0.00000	5416.15100
8.29230	0.00000	5416.15100
8.29614	0.00000	5416.15100
8.29998	0.00000	5416.15100
8.30381	0.00000	5418.47100
8.30766	0.00000	5418.47100
8.31150	0.00000	5418.47100
8.31534	0.00000	5418.47100
8.31917	0.00000	5418.47100
8.32301	0.00000	5418.47100
8.32684	0.00000	5418.47100
8.33068	0.00000	5416.15100
8.33451	0.00000	5416.15100
8.33835	0.00000	5416.15100
8.34219	0.00000	5416.15100
8.34602	0.00000	5416.15100
8.34987	0.00000	5416.15100
8.35371	0.00000	5416.15100
8.35753	0.00000	5397.58700
8.36137	0.00000	5397.58700
8.36521	0.00000	5397.58700
8.36905	0.00000	5397.58700
8.37290	0.00000	5397.58700
8.37674	0.00000	5397.58700
8.38057	0.00000	5412.78000
8.38442	0.00000	5412.78000
8.38827	0.00000	5412.78000
8.39210	0.00000	5412.78000
8.39594	0.00000	5412.78000
8.39978	0.00000	5412.78000
8.40363	0.00000	5412.78000
8.40746	0.00000	5418.47100
8.41130	0.00000	5418.47100
8.41513	0.00000	5418.47100
8.41899	0.00000	5418.47100
8.42282	0.00000	5418.47100
8.42666	0.00000	5418.47100
8.43049	0.00000	5418.47100
8.43433	0.00000	5418.47100
8.43817	0.00000	5418.47100
8.44201	0.00000	5418.47100
8.44586	0.00000	5418.47100
8.44971	0.00000	5418.47100
8.45355	0.00000	5418.47100
8.45738	0.00000	5418.47100
8.46122	0.00000	5413.83000
8.46505	0.00000	5413.83000
8.46889	0.00000	5413.83000
8.47274	0.00000	5413.83000
8.47657	0.00000	5413.83000
8.48041	0.00000	5413.83000
8.48425	0.00000	5413.83000
8.48810	0.00000	5413.83000
8.49193	0.00000	5413.83000
8.49577	0.00000	5413.83000
8.49960	0.00000	5413.83000
8.50344	0.00000	5413.83000
8.50729	0.00000	5413.83000
8.51116	0.00000	5413.83000
8.51501	0.00000	5404.54800
8.51886	0.00000	5404.54800
8.52272	0.00000	5404.54800
8.52657	0.00000	5404.54800
8.53041	0.00000	5404.54800
8.53425	0.00000	5404.54800
8.53804	0.00000	5410.44800
8.54190	0.00000	5410.44800
8.54574	0.00000	5410.44800
8.54958	0.00000	5410.44800
8.55341	0.00000	5410.44800
8.55725	0.00000	5410.44800
8.56109	0.00000	5410.44800
8.56492	0.00000	5416.15100
8.56876	0.00000	5416.15100
8.57260	0.00000	5416.15100
8.57643	0.00000	5416.15100
8.58026	0.00000	5416.15100
8.58411	0.00000	5416.15100
8.58794	0.00000	5416.15100
8.59178	0.00000	5413.83000
8.59563	0.00000	5413.83000
8.59946	0.00000	5413.83000
8.60330	0.00000	5413.83000
8.60714	0.00000	5413.83000
8.61099	0.00000	5413.83000
8.61483	0.00000	5413.83000
8.61867	0.00000	5413.83000
8.62250	0.00000	5413.83000
8.62635	0.00000	5413.83000
8.63019	0.00000	5413.83000
8.63403	0.00000	5413.83000
8.63788	0.00000	5413.83000
8.64171	0.00000	5413.83000
8.64555	0.00000	5411.51000
8.64940	0.00000	5411.51000
8.65324	0.00000	5411.51000
8.65707	0.00000	5411.51000
8.66090	0.00000	5411.51000
8.66474	0.00000	5411.51000
8.66858	0.00000	5411.51000
8.67242	0.00000	5424.44000
8.67626	0.00000	5424.44000
8.68010	0.00000	5424.44000
8.68394	0.00000	5424.44000
8.68779	0.00000	5424.44000
8.69163	0.00000	5424.44000
8.69549	0.00000	5432.81200
8.69934	0.00000	5432.81200
8.70318	0.00000	5432.81200
8.70702	0.00000	5432.81200
8.71086	0.00000	5432.81200
8.71470	0.00000	5432.81200
8.71854	0.00000	5432.81200
8.72238	0.00000	5431.43600
8.72622	0.00000	5431.43600
8.73004	0.00000	5431.43600
8.73388	0.00000	5431.43600
8.73772	0.00000	5431.43600
8.74157	0.00000	5431.43600
8.74540	0.00000	5431.43600
8.74924	0.00000	5413.83000
8.75308	0.00000	5413.83000
8.75693	0.00000	5413.83000
8.76077	0.00000	5413.83000
8.76461	0.00000	5413.83000
8.76844	0.00000	5413.83000
8.77230	0.00000	5413.83000
8.77613	0.00000	5409.18900
8.77997	0.00000	5409.18900
8.78381	0.00000	5409.18900
8.78765	0.00000	5409.18900
8.79149	0.00000	5409.18900
8.79533	0.00000	5409.18900
8.79917	0.00000	5409.18900
8.80301	0.00000	5409.18900
8.80686	0.00000	5409.18900
8.81069	0.00000	5409.18900
8.81453	0.00000	5409.18900
8.81837	0.00000	5409.18900
8.82221	0.00000	5409.18900
8.82604	0.00000	5409.18900
8.82987	0.00000	5433.76800
8.83371	0.00000	5433.76800
8.83755	0.00000	5433.76800
8.84140	0.00000	5433.76800
8.84524	0.00000	5433.76800
8.84908	0.00000	5433.76800
8.85292	0.00000	5430.46900
8.85678	0.00000	5430.46900
8.86062	0.00000	5430.46900
8.86448	0.00000	5430.46900
8.86832	0.00000	5430.46900
8.87216	0.00000	5430.46900
8.87600	0.00000	5430.46900
8.87983	0.00000	5429.10400
8.88367	0.00000	5429.10400
8.88751	0.00000	5429.10400
8.89135	0.00000	5429.10400
8.89518	0.00000	5429.10400
8.89901	0.00000	5429.10400
8.90286	0.00000	5429.10400
8.90670	0.00000	5406.86900
8.91055	0.00000	5406.86900
8.91438	0.00000	5406.86900
8.91822	0.00000	5406.86900
8.92204	0.00000	5406.86900
8.92588	0.00000	5406.86900
8.92972	0.00000	5406.86900
8.93355	0.00000	5409.18900
8.93740	0.00000	5409.18900
8.94123	0.00000	5409.18900
8.94507	0.00000	5409.18900
8.94891	0.00000	5409.18900
8.95275	0.00000	5409.18900
8.95659	0.00000	5409.18900
8.96043	0.00000	5406.86900
8.96427	0.00000	5406.86900
8.96811	0.00000	5406.86900
8.97194	0.00000	5406.86900
8.97577	0.00000	5406.86900
8.97961	0.00000	5406.86900
8.98345	0.00000	5406.86900
8.98728	0.00000	5395.26600
8.99113	0.00000	5395.26600
8.99497	0.00000	5395.26600
8.99881	0.00000	5395.26600
9.00265	0.00000	5395.26600
9.00649	0.00000	5395.26600
9.01033	0.00000	5403.45100
9.01418	0.00000	5403.45100
9.01802	0.00000	5403.45100
9.02187	0.00000	5403.45100
9.02571	0.00000	5403.45100
9.02955	0.00000	5403.45100
9.03339	0.00000	5403.45100
9.03723	0.00000	5404.54800
9.04106	0.00000	5404.54800
9.04490	0.00000	5404.54800
9.04873	0.00000	5404.54800
9.05257	0.00000	5404.54800
9.05641	0.00000	5404.54800
9.06025	0.00000	5404.54800
9.06409	0.00000	5404.54800
9.06793	0.00000	5404.54800
9.07177	0.00000	5404.54800
9.07562	0.00000	5404.54800
9.07946	0.00000	5404.54800
9.08330	0.00000	5404.54800
9.08714	0.00000	5404.54800
9.09098	0.00000	5433.76800
9.09482	0.00000	5433.76800
9.09866	0.00000	5433.76800
9.10250	0.00000	5433.76800
9.10634	0.00000	5433.76800
9.11018	0.00000	5433.76800
9.11402	0.00000	5433.76800
9.11786	0.00000	5406.86900
9.12170	0.00000	5406.86900
9.12554	0.00000	5406.86900
9.12938	0.00000	5406.86900
9.13322	0.00000	5406.86900
9.13706	0.00000	5406.86900
9.14089	0.00000	5406.86900
9.14473	0.00000	5422.10800
9.14857	0.00000	5422.10800
9.15240	0.00000	5422.10800
9.15624	0.00000	5422.10800
9.16007	0.00000	5422.10800
9.16391	0.00000	5422.10800
9.16775	0.00000	5428.12500
9.17160	0.00000	5428.12500
9.17544	0.00000	5428.12500
9.17928	0.00000	5428.12500
9.18312	0.00000	5428.12500
9.18696	0.00000	5428.12500
9.19080	0.00000	5428.12500
9.19464	0.00000	5404.54800
9.19848	0.00000	5404.54800
9.20232	0.00000	5404.54800
9.20616	0.00000	5404.54800
9.21000	0.00000	5404.54800
9.21384	0.00000	5404.54800
9.21768	0.00000	5404.54800
9.22152	0.00000	5404.54800
9.22536	0.00000	5404.54800
9.22920	0.00000	5404.54800
9.23304	0.00000	5404.54800
9.23687	0.00000	5404.54800
9.24071	0.00000	5404.54800
9.24455	0.00000	5404.54800
9.24839	0.00000	5402.22800
9.25223	0.00000	5402.22800
9.25607	0.00000	5402.22800
9.25990	0.00000	5402.22800
9.26375	0.00000	5402.22800
9.26759	0.00000	5402.22800
9.27142	0.00000	5402.22800
9.27526	0.00000	5404.54800
9.27911	0.00000	5404.54800
9.28294	0.00000	5404.54800
9.28679	0.00000	5404.54800
9.29063	0.00000	5404.54800
9.29447	0.00000	5404.54800
9.29831	0.00000	5404.54800
9.30214	0.00000	5415.11200
9.30598	0.00000	5415.11200
9.30983	0.00000	5415.11200
9.31367	0.00000	5415.11200
9.31751	0.00000	5415.11200
9.32135	0.00000	5415.11200
9.32519	0.00000	5398.78700
9.32904	0.00000	5398.78700
9.33288	0.00000	5398.78700
9.33672	0.00000	5398.78700
9.34056	0.00000	5398.78700
9.34440	0.00000	5398.78700
9.34825	0.00000	5398.78700
9.35208	0.00000	5404.54800
9.35593	0.00000	5404.54800
9.35977	0.00000	5404.54800
9.36360	0.00000	5404.54800
9.36745	0.00000	5404.54800
9.37129	0.00000	5404.54800
9.37513	0.00000	5404.54800
9.37895	0.00000	5399.90700
9.38280	0.00000	5399.90700
9.38664	0.00000	5399.90700
9.39048	0.00000	5399.90700
9.39432	0.00000	5399.90700
9.39816	0.00000	5399.90700
9.40201	0.00000	5399.90700
9.40586	0.00000	5404.54800
9.40970	0.00000	5404.54800
9.41354	0.00000	5404.54800
9.41738	0.00000	5404.54800
9.42122	0.00000	5404.54800
9.42505	0.00000	5404.54800
9.42889	0.00000	5404.54800
9.43273	0.00000	5404.54800
9.43657	0.00000	5404.54800
9.44041	0.00000	5404.54800
9.44425	0.00000	5404.54800
9.44809	0.00000	5404.54800
9.45193	0.00000	5404.54800
9.45577	0.00000	5401.11900
9.45959	0.00000	5401.11900
9.46342	0.00000	5401.11900
9.46727	0.00000	5401.11900
9.47113	0.00000	5401.11900
9.47497	0.00000	5401.11900
9.47881	0.00000	5401.11900
9.48265	0.00000	5430.46900
9.48648	0.00000	5430.46900
9.49032	0.00000	5430.46900
9.49417	0.00000	5430.46900
9.49800	0.00000	5430.46900
9.50185	0.00000	5430.46900
9.50569	0.00000	5430.46900
9.50956	0.00000	5406.86900
9.51341	0.00000	5406.86900
9.51726	0.00000	5406.86900
9.52110	0.00000	5406.86900
9.52494	0.00000	5406.86900
9.52878	0.00000	5406.86900
9.53261	0.00000	5406.86900
9.53646	0.00000	5406.86900
9.54029	0.00000	5406.86900
9.54413	0.00000	5406.86900
9.54797	0.00000	5406.86900
9.55181	0.00000	5406.86900
9.55565	0.00000	5406.86900
9.55949	0.00000	5406.86900
9.56333	0.00000	5406.86900
9.56717	0.00000	5406.86900
9.57104	0.00000	5406.86900
9.57488	0.00000	5406.86900
9.57873	0.00000	5406.86900
9.58258	0.00000	5406.86900
9.58643	0.00000	5406.86900
9.59027	0.00000	5402.22800
9.59411	0.00000	5402.22800
9.59795	0.00000	5402.22800
9.60180	0.00000	5402.22800
9.60564	0.00000	5402.22800
9.60948	0.00000	5402.22800
9.61332	0.00000	5403.45100
9.61718	0.00000	5403.45100
9.62102	0.00000	5403.45100
9.62486	0.00000	5403.45100
9.62872	0.00000	5403.45100
9.63257	0.00000	5403.45100
9.63640	0.00000	5403.45100
9.64024	0.00000	5419.77600
9.64408	0.00000	5419.77600
9.64792	0.00000	5419.77600
9.65176	0.00000	5419.77600
9.65560	0.00000	5419.77600
9.65944	0.00000	5419.77600
9.66328	0.00000	5419.77600
9.66712	0.00000	5406.86900
9.67096	0.00000	5406.86900
9.67480	0.00000	5406.86900
9.67864	0.00000	5406.86900
9.68248	0.00000	5406.86900
9.68632	0.00000	5406.86900
9.69016	0.00000	5406.86900
9.69399	0.00000	5406.86900
9.69783	0.00000	5406.86900
9.70167	0.00000	5406.86900
9.70552	0.00000	5406.86900
9.70936	0.00000	5406.86900
9.71320	0.00000	5406.86900
9.71704	0.00000	5406.86900
9.72088	0.00000	5429.10400
9.72472	0.00000	5429.10400
9.72856	0.00000	5429.10400
9.73240	0.00000	5429.10400
9.73624	0.00000	5429.10400
9.74008	0.00000	5429.10400
9.74392	0.00000	5429.10400
9.74775	0.00000	5426.77200
9.75160	0.00000	5426.77200
9.75544	0.00000	5426.77200
9.75928	0.00000	5426.77200
9.76312	0.00000	5426.77200
9.76697	0.00000	5426.77200
9.77081	0.00000	5432.81200
9.77466	0.00000	5432.81200
9.77850	0.00000	5432.81200
9.78234	0.00000	5432.81200
9.78617	0.00000	5432.81200
9.79002	0.00000	5432.81200
9.79385	0.00000	5432.81200
9.79770	0.00000	5424.44000
9.80153	0.00000	5424.44000
9.80537	0.00000	5424.44000
9.80921	0.00000	5424.44000
9.81305	0.00000	5424.44000
9.81689	0.00000	5424.44000
9.82073	0.00000	5424.44000
9.82457	0.00000	5406.86900
9.82842	0.00000	5406.86900
9.83227	0.00000	5406.86900
9.83611	0.00000	5406.86900
9.83995	0.00000	5406.86900
9.84379	0.00000	5406.86900
9.84763	0.00000	5406.86900
9.85147	0.00000	5404.54800
9.85531	0.00000	5404.54800
9.85915	0.00000	5404.54800
9.86299	0.00000	5404.54800
9.86683	0.00000	5404.54800
9.87067	0.00000	5404.54800
9.87453	0.00000	5404.54800
9.87839	0.00000	5404.54800
9.88223	0.00000	5404.54800
9.88604	0.00000	5404.54800
9.88989	0.00000	5404.54800
9.89375	0.00000	5404.54800
9.89759	0.00000	5404.54800
9.90145	0.00000	5404.54800
9.90528	0.00000	5415.11200
9.90912	0.00000	5415.11200
9.91296	0.00000	5415.11200
9.91680	0.00000	5415.11200
9.92065	0.00000	5415.11200
9.92449	0.00000	5415.11200
9.92833	0.00000	5423.43700
9.93218	0.00000	5423.43700
9.93603	0.00000	5423.43700
9.93988	0.00000	5423.43700
9.94374	0.00000	5423.43700
9.94760	0.00000	5423.43700
9.95145	0.00000	5423.43700
9.95533	0.00000	5426.77200
9.95921	0.00000	5426.77200
9.96307	0.00000	5426.77200
9.96691	0.00000	5426.77200
9.97078	0.00000	5426.77200
9.97464	0.00000	5426.77200
9.97848	0.00000	5426.77200
9.98232	0.00000	5402.22800
9.98621	0.00000	5402.22800
9.99013	0.00000	5402.22800
9.99401	0.00000	5402.22800
9.99789	0.00000	5402.22800
