Time (s)   Thrust (N)   RPM
0.00032	0.00000	5549.10700
0.00422	0.00000	5549.10700
0.00808	0.00000	5549.10700
0.01193	0.00000	5549.10700
0.01576	0.00000	5588.41400
0.01960	0.00000	5588.41400
0.02343	0.00000	5588.41400
0.02727	0.00000	5588.41400
0.03112	0.00000	5588.41400
0.03495	0.00000	5588.41400
0.03879	0.00000	5588.41400
0.04263	0.00000	5452.66500
0.04647	0.00000	5452.66500
0.05031	0.00000	5452.66500
0.05414	0.00000	5452.66500
0.05799	0.00000	5452.66500
0.06183	0.00000	5452.66500
0.06567	0.00000	5452.66500
0.06948	0.00000	5299.74500
0.07332	0.00000	5299.74500
0.07717	0.00000	5299.74500
0.08100	0.00000	5299.74500
0.08484	0.00000	5299.74500
0.08867	0.00000	5299.74500
0.09251	0.00000	5205.85300
0.09634	0.00000	5205.85300
0.10018	0.00000	5205.85300
0.10402	0.00000	5205.85300
0.10786	0.00000	5205.85300
0.11169	0.00000	5205.85300
0.11553	0.00000	5083.16500
0.11945	0.00000	5083.16500
0.12329	0.00000	5083.16500
0.12713	0.00000	5083.16500
0.13097	0.00000	5083.16500
0.13480	0.00000	5083.16500
0.13863	0.00000	5083.16500
0.14245	0.00000	5020.49100
0.14629	0.00000	5020.49100
0.15013	0.00000	5020.49100
0.15396	0.00000	5020.49100
0.15780	0.00000	5020.49100
0.16163	0.00000	5020.49100
0.16546	0.00000	4971.35400
0.16931	0.00000	4971.35400
0.17313	0.00000	4971.35400
0.17697	0.00000	4971.35400
0.18080	0.00000	4971.35400
0.18463	0.00000	4971.35400
0.18847	0.00000	4945.57500
0.19231	0.00000	4945.57500
0.19614	0.00000	4945.57500
0.19997	0.00000	4945.57500
0.20381	0.00000	4945.57500
0.20764	0.00000	4945.57500
0.21146	0.00000	4888.77100
0.21529	0.00000	4888.77100
0.21912	0.00000	4888.77100
0.22295	0.00000	4888.77100
0.22678	0.00000	4888.77100
0.23062	0.00000	4888.77100
0.23445	0.00000	4883.03500
0.23829	0.00000	4883.03500
0.24213	0.00000	4883.03500
0.24596	0.00000	4883.03500
0.24979	0.00000	4883.03500
0.25363	0.00000	4883.03500
0.25746	0.00000	4851.83200
0.26131	0.00000	4851.83200
0.26514	0.00000	4851.83200
0.26898	0.00000	4851.83200
0.27280	0.00000	4851.83200
0.27663	0.00000	4820.26700
0.28045	0.00000	4820.26700
0.28428	0.00000	4820.26700
0.28812	0.00000	4820.26700
0.29196	0.00000	4820.26700
0.29580	0.00000	4820.26700
0.29964	0.00000	4807.41200
0.30349	0.00000	4807.41200
0.30732	0.00000	4807.41200
0.31116	0.00000	4807.41200
0.31499	0.00000	4807.41200
0.31883	0.00000	4807.41200
0.32268	0.00000	4791.06100
0.32652	0.00000	4791.06100
0.33035	0.00000	4791.06100
0.33417	0.00000	4791.06100
0.33801	0.00000	4791.06100
0.34185	0.00000	4791.06100
0.34569	0.00000	4780.16000
0.34954	0.00000	4780.16000
0.35338	0.00000	4780.16000
0.35722	0.00000	4780.16000
0.36105	0.00000	4780.16000
0.36490	0.00000	4780.16000
0.36873	0.00000	4772.47800
0.37256	0.00000	4772.47800
0.37638	0.00000	4772.47800
0.38022	0.00000	4772.47800
0.38405	0.00000	4772.47800
0.38788	0.00000	4772.47800
0.39172	0.00000	4758.77200
0.39555	0.00000	4758.77200
0.39938	0.00000	4758.77200
0.40321	0.00000	4758.77200
0.40704	0.00000	4758.77200
0.41089	0.00000	4739.88900
0.41471	0.00000	4739.88900
0.41855	0.00000	4739.88900
0.42239	0.00000	4739.88900
0.42623	0.00000	4739.88900
0.43006	0.00000	4739.88900
0.43389	0.00000	4750.91900
0.43773	0.00000	4750.91900
0.44156	0.00000	4750.91900
0.44538	0.00000	4750.91900
0.44921	0.00000	4750.91900
0.45305	0.00000	4750.91900
0.45687	0.00000	4745.40400
0.46070	0.00000	4745.40400
0.46455	0.00000	4745.40400
0.46838	0.00000	4745.40400
0.47222	0.00000	4745.40400
0.47605	0.00000	4745.40400
0.47989	0.00000	4742.64700
0.48373	0.00000	4742.64700
0.48756	0.00000	4742.64700
0.49140	0.00000	4742.64700
0.49524	0.00000	4742.64700
0.49907	0.00000	4742.64700
0.50291	0.00000	4734.37500
0.50674	0.00000	4734.37500
0.51061	0.00000	4734.37500
0.51447	0.00000	4734.37500
0.51831	0.00000	4734.37500
0.52214	0.00000	4737.42600
0.52600	0.00000	4737.42600
0.52984	0.00000	4737.42600
0.53368	0.00000	4737.42600
0.53748	0.00000	4737.42600
0.54133	0.00000	4737.42600
0.54518	0.00000	4737.13200
0.54901	0.00000	4737.13200
0.55285	0.00000	4737.13200
0.55669	0.00000	4737.13200
0.56052	0.00000	4737.13200
0.56436	0.00000	4737.13200
0.56820	0.00000	4726.10300
0.57203	0.00000	4726.10300
0.57586	0.00000	4726.10300
0.57970	0.00000	4726.10300
0.58353	0.00000	4726.10300
0.58736	0.00000	4726.10300
0.59119	0.00000	4715.07300
0.59502	0.00000	4715.07300
0.59886	0.00000	4715.07300
0.60269	0.00000	4715.07300
0.60652	0.00000	4715.07300
0.61035	0.00000	4715.23700
0.61418	0.00000	4715.23700
0.61801	0.00000	4715.23700
0.62184	0.00000	4715.23700
0.62567	0.00000	4715.23700
0.62948	0.00000	4715.23700
0.63331	0.00000	4729.10500
0.63713	0.00000	4729.10500
0.64097	0.00000	4729.10500
0.64480	0.00000	4729.10500
0.64863	0.00000	4729.10500
0.65247	0.00000	4729.10500
0.65631	0.00000	4748.52000
0.66014	0.00000	4748.52000
0.66397	0.00000	4748.52000
0.66780	0.00000	4748.52000
0.67164	0.00000	4748.52000
0.67547	0.00000	4748.52000
0.67930	0.00000	4728.86000
0.68313	0.00000	4728.86000
0.68696	0.00000	4728.86000
0.69079	0.00000	4728.86000
0.69463	0.00000	4728.86000
0.69846	0.00000	4728.86000
0.70228	0.00000	4718.01000
0.70612	0.00000	4718.01000
0.70997	0.00000	4718.01000
0.71379	0.00000	4718.01000
0.71762	0.00000	4718.01000
0.72145	0.00000	4746.09400
0.72530	0.00000	4746.09400
0.72915	0.00000	4746.09400
0.73298	0.00000	4746.09400
0.73681	0.00000	4746.09400
0.74065	0.00000	4746.09400
0.74448	0.00000	4712.31600
0.74833	0.00000	4712.31600
0.75216	0.00000	4712.31600
0.75601	0.00000	4712.31600
0.75984	0.00000	4712.31600
0.76367	0.00000	4712.31600
0.76751	0.00000	4715.07300
0.77136	0.00000	4715.07300
0.77519	0.00000	4715.07300
0.77902	0.00000	4715.07300
0.78286	0.00000	4715.07300
0.78669	0.00000	4715.07300
0.79052	0.00000	4715.23700
0.79434	0.00000	4715.23700
0.79818	0.00000	4715.23700
0.80201	0.00000	4715.23700
0.80584	0.00000	4715.23700
0.80967	0.00000	4726.56200
0.81348	0.00000	4726.56200
0.81731	0.00000	4726.56200
0.82114	0.00000	4726.56200
0.82497	0.00000	4726.56200
0.82880	0.00000	4726.56200
0.83264	0.00000	4706.80200
0.83648	0.00000	4706.80200
0.84031	0.00000	4706.80200
0.84416	0.00000	4706.80200
0.84800	0.00000	4706.80200
0.85184	0.00000	4706.80200
0.85568	0.00000	4701.28600
0.85951	0.00000	4701.28600
0.86335	0.00000	4701.28600
0.86718	0.00000	4701.28600
0.87102	0.00000	4701.28600
0.87485	0.00000	4701.28600
0.87869	0.00000	4718.01000
0.88253	0.00000	4718.01000
0.88637	0.00000	4718.01000
0.89020	0.00000	4718.01000
0.89403	0.00000	4718.01000
0.89788	0.00000	4704.14200
0.90173	0.00000	4704.14200
0.90556	0.00000	4704.14200
0.90939	0.00000	4704.14200
0.91322	0.00000	4704.14200
0.91708	0.00000	4704.14200
0.92090	0.00000	4726.33100
0.92473	0.00000	4726.33100
0.92855	0.00000	4726.33100
0.93238	0.00000	4726.33100
0.93623	0.00000	4726.33100
0.94006	0.00000	4726.33100
0.94389	0.00000	4718.01000
0.94774	0.00000	4718.01000
0.95157	0.00000	4718.01000
0.95540	0.00000	4718.01000
0.95923	0.00000	4718.01000
0.96307	0.00000	4718.01000
0.96690	0.00000	4718.01000
0.97073	0.00000	4718.01000
0.97455	0.00000	4718.01000
0.97838	0.00000	4718.01000
0.98221	0.00000	4718.01000
0.98605	0.00000	4715.40200
0.98992	0.00000	4715.40200
0.99375	0.00000	4715.40200
0.99759	0.00000	4715.40200
1.00142	0.00000	4715.40200
1.00525	0.00000	4715.40200
1.00908	0.00000	4718.01000
1.01291	0.00000	4718.01000
1.01674	0.00000	4718.01000
1.02056	0.00000	4718.01000
1.02439	0.00000	4718.01000
1.02821	0.00000	4718.01000
1.03205	0.00000	4718.01000
1.03588	0.00000	4718.01000
1.03971	0.00000	4718.01000
1.04354	0.00000	4718.01000
1.04737	0.00000	4718.01000
1.05120	0.00000	4718.01000
1.05503	0.00000	4718.01000
1.05886	0.00000	4718.01000
1.06269	0.00000	4718.01000
1.06652	0.00000	4718.01000
1.07036	0.00000	4718.01000
1.07418	0.00000	4718.19200
1.07802	0.00000	4718.19200
1.08185	0.00000	4718.19200
1.08567	0.00000	4718.19200
1.08948	0.00000	4718.19200
1.09332	0.00000	4718.19200
1.09714	0.00000	4712.46300
1.10097	0.00000	4712.46300
1.10480	0.00000	4712.46300
1.10864	0.00000	4712.46300
1.11247	0.00000	4712.46300
1.11631	0.00000	4712.46300
1.12014	0.00000	4690.25700
1.12397	0.00000	4690.25700
1.12780	0.00000	4690.25700
1.13162	0.00000	4690.25700
1.13545	0.00000	4690.25700
1.13929	0.00000	4690.25700
1.14312	0.00000	4706.91500
1.14694	0.00000	4706.91500
1.15078	0.00000	4706.91500
1.15462	0.00000	4706.91500
1.15846	0.00000	4706.91500
1.16228	0.00000	4715.40200
1.16614	0.00000	4715.40200
1.16997	0.00000	4715.40200
1.17382	0.00000	4715.40200
1.17764	0.00000	4715.40200
1.18148	0.00000	4715.40200
1.18531	0.00000	4731.87800
1.18914	0.00000	4731.87800
1.19297	0.00000	4731.87800
1.19681	0.00000	4731.87800
1.20064	0.00000	4731.87800
1.20447	0.00000	4731.87800
1.20829	0.00000	4709.68900
1.21213	0.00000	4709.68900
1.21596	0.00000	4709.68900
1.21980	0.00000	4709.68900
1.22363	0.00000	4709.68900
1.22748	0.00000	4709.68900
1.23131	0.00000	4718.01000
1.23514	0.00000	4718.01000
1.23898	0.00000	4718.01000
1.24282	0.00000	4718.01000
1.24665	0.00000	4718.01000
1.25048	0.00000	4695.87000
1.25432	0.00000	4695.87000
1.25815	0.00000	4695.87000
1.26199	0.00000	4695.87000
1.26582	0.00000	4695.87000
1.26965	0.00000	4695.87000
1.27347	0.00000	4695.82100
1.27730	0.00000	4695.82100
1.28112	0.00000	4695.82100
1.28495	0.00000	4695.82100
1.28879	0.00000	4695.82100
1.29262	0.00000	4695.82100
1.29645	0.00000	4709.68900
1.30029	0.00000	4709.68900
1.30411	0.00000	4709.68900
1.30795	0.00000	4709.68900
1.31178	0.00000	4709.68900
1.31561	0.00000	4709.68900
1.31944	0.00000	4712.46300
1.32327	0.00000	4712.46300
1.32711	0.00000	4712.46300
1.33094	0.00000	4712.46300
1.33476	0.00000	4712.46300
1.33859	0.00000	4701.45100
1.34243	0.00000	4701.45100
1.34625	0.00000	4701.45100
1.35008	0.00000	4701.45100
1.35392	0.00000	4701.45100
1.35775	0.00000	4701.45100
1.36158	0.00000	4693.04700
1.36541	0.00000	4693.04700
1.36924	0.00000	4693.04700
1.37307	0.00000	4693.04700
1.37691	0.00000	4693.04700
1.38073	0.00000	4693.04700
1.38456	0.00000	4695.82100
1.38839	0.00000	4695.82100
1.39225	0.00000	4695.82100
1.39608	0.00000	4695.82100
1.39990	0.00000	4695.82100
1.40373	0.00000	4695.82100
1.40755	0.00000	4690.27400
1.41138	0.00000	4690.27400
1.41522	0.00000	4690.27400
1.41905	0.00000	4690.27400
1.42288	0.00000	4690.27400
1.42671	0.00000	4726.79600
1.43055	0.00000	4726.79600
1.43438	0.00000	4726.79600
1.43822	0.00000	4726.79600
1.44204	0.00000	4726.79600
1.44587	0.00000	4726.79600
1.44970	0.00000	4718.19200
1.45354	0.00000	4718.19200
1.45738	0.00000	4718.19200
1.46121	0.00000	4718.19200
1.46504	0.00000	4718.19200
1.46887	0.00000	4718.19200
1.47270	0.00000	4729.35200
1.47654	0.00000	4729.35200
1.48037	0.00000	4729.35200
1.48421	0.00000	4729.35200
1.48807	0.00000	4729.35200
1.49190	0.00000	4729.35200
1.49573	0.00000	4720.98200
1.49956	0.00000	4720.98200
1.50339	0.00000	4720.98200
1.50723	0.00000	4720.98200
1.51108	0.00000	4720.98200
1.51494	0.00000	4707.03100
1.51878	0.00000	4707.03100
1.52261	0.00000	4707.03100
1.52643	0.00000	4707.03100
1.53026	0.00000	4707.03100
1.53409	0.00000	4707.03100
1.53792	0.00000	4701.36800
1.54176	0.00000	4701.36800
1.54561	0.00000	4701.36800
1.54945	0.00000	4701.36800
1.55329	0.00000	4701.36800
1.55713	0.00000	4701.36800
1.56096	0.00000	4712.46300
1.56478	0.00000	4712.46300
1.56862	0.00000	4712.46300
1.57245	0.00000	4712.46300
1.57628	0.00000	4712.46300
1.58012	0.00000	4704.24100
1.58394	0.00000	4704.24100
1.58777	0.00000	4704.24100
1.59160	0.00000	4704.24100
1.59543	0.00000	4704.24100
1.59926	0.00000	4704.24100
1.60311	0.00000	4693.08000
1.60694	0.00000	4693.08000
1.61077	0.00000	4693.08000
1.61460	0.00000	4693.08000
1.61843	0.00000	4693.08000
1.62227	0.00000	4693.08000
1.62609	0.00000	4695.82100
1.62993	0.00000	4695.82100
1.63376	0.00000	4695.82100
1.63758	0.00000	4695.82100
1.64141	0.00000	4695.82100
1.64524	0.00000	4695.82100
1.64909	0.00000	4690.27400
1.65291	0.00000	4690.27400
1.65674	0.00000	4690.27400
1.66056	0.00000	4690.27400
1.66440	0.00000	4690.27400
1.66823	0.00000	4698.66000
1.67207	0.00000	4698.66000
1.67590	0.00000	4698.66000
1.67973	0.00000	4698.66000
1.68356	0.00000	4698.66000
1.68739	0.00000	4698.66000
1.69121	0.00000	4709.82100
1.69504	0.00000	4709.82100
1.69887	0.00000	4709.82100
1.70270	0.00000	4709.82100
1.70654	0.00000	4709.82100
1.71036	0.00000	4709.82100
1.71419	0.00000	4704.14200
1.71803	0.00000	4704.14200
1.72186	0.00000	4704.14200
1.72570	0.00000	4704.14200
1.72948	0.00000	4704.14200
1.73331	0.00000	4704.14200
1.73715	0.00000	4729.35200
1.74098	0.00000	4729.35200
1.74481	0.00000	4729.35200
1.74864	0.00000	4729.35200
1.75247	0.00000	4729.35200
1.75631	0.00000	4726.79600
1.76017	0.00000	4726.79600
1.76400	0.00000	4726.79600
1.76783	0.00000	4726.79600
1.77168	0.00000	4726.79600
1.77552	0.00000	4726.79600
1.77934	0.00000	4693.04700
1.78317	0.00000	4693.04700
1.78701	0.00000	4693.04700
1.79084	0.00000	4693.04700
1.79466	0.00000	4693.04700
1.79851	0.00000	4693.04700
1.80235	0.00000	4701.36800
1.80618	0.00000	4701.36800
1.81001	0.00000	4701.36800
1.81384	0.00000	4701.36800
1.81767	0.00000	4701.36800
1.82148	0.00000	4701.36800
1.82532	0.00000	4698.59400
1.82916	0.00000	4698.59400
1.83298	0.00000	4698.59400
1.83681	0.00000	4698.59400
1.84064	0.00000	4698.59400
1.84446	0.00000	4695.87000
1.84831	0.00000	4695.87000
1.85216	0.00000	4695.87000
1.85599	0.00000	4695.87000
1.85983	0.00000	4695.87000
1.86367	0.00000	4695.87000
1.86751	0.00000	4704.14200
1.87135	0.00000	4704.14200
1.87518	0.00000	4704.14200
1.87901	0.00000	4704.14200
1.88284	0.00000	4704.14200
1.88668	0.00000	4704.14200
1.89051	0.00000	4729.35200
1.89434	0.00000	4729.35200
1.89817	0.00000	4729.35200
1.90200	0.00000	4729.35200
1.90583	0.00000	4729.35200
1.90966	0.00000	4729.35200
1.91348	0.00000	4723.77200
1.91731	0.00000	4723.77200
1.92114	0.00000	4723.77200
1.92496	0.00000	4723.77200
1.92880	0.00000	4723.77200
1.93263	0.00000	4698.66000
1.93645	0.00000	4698.66000
1.94028	0.00000	4698.66000
1.94412	0.00000	4698.66000
1.94796	0.00000	4698.66000
1.95179	0.00000	4698.66000
1.95562	0.00000	4712.46300
1.95945	0.00000	4712.46300
1.96328	0.00000	4712.46300
1.96710	0.00000	4712.46300
1.97095	0.00000	4712.46300
1.97478	0.00000	4712.46300
1.97860	0.00000	4698.59400
1.98243	0.00000	4698.59400
1.98626	0.00000	4698.59400
1.99011	0.00000	4698.59400
1.99393	0.00000	4698.59400
1.99777	0.00000	4698.59400
2.00159	0.00000	4681.95200
2.00542	0.00000	4681.95200
2.00925	0.00000	4681.95200
2.01308	0.00000	4681.95200
2.01691	0.00000	4681.95200
2.02075	0.00000	4715.40200
2.02459	0.00000	4715.40200
2.02841	0.00000	4715.40200
2.03225	0.00000	4715.40200
2.03609	0.00000	4715.40200
2.03992	0.00000	4715.40200
2.04375	0.00000	4701.36800
2.04758	0.00000	4701.36800
2.05141	0.00000	4701.36800
2.05525	0.00000	4701.36800
2.05908	0.00000	4701.36800
2.06290	0.00000	4701.36800
2.06674	0.00000	4709.68900
2.07056	0.00000	4709.68900
2.07440	0.00000	4709.68900
2.07823	0.00000	4709.68900
2.08206	0.00000	4709.68900
2.08589	0.00000	4709.68900
2.08973	0.00000	4698.59400
2.09355	0.00000	4698.59400
2.09738	0.00000	4698.59400
2.10122	0.00000	4698.59400
2.10504	0.00000	4698.59400
2.10887	0.00000	4712.61200
2.11271	0.00000	4712.61200
2.11654	0.00000	4712.61200
2.12036	0.00000	4712.61200
2.12419	0.00000	4712.61200
2.12802	0.00000	4712.61200
2.13185	0.00000	4706.91500
2.13568	0.00000	4706.91500
2.13951	0.00000	4706.91500
2.14334	0.00000	4706.91500
2.14718	0.00000	4706.91500
2.15100	0.00000	4706.91500
2.15483	0.00000	4701.36800
2.15866	0.00000	4701.36800
2.16249	0.00000	4701.36800
2.16633	0.00000	4701.36800
2.17017	0.00000	4701.36800
2.17399	0.00000	4701.36800
2.17783	0.00000	4706.91500
2.18166	0.00000	4706.91500
2.18548	0.00000	4706.91500
2.18931	0.00000	4706.91500
2.19315	0.00000	4706.91500
2.19698	0.00000	4712.61200
2.20081	0.00000	4712.61200
2.20465	0.00000	4712.61200
2.20848	0.00000	4712.61200
2.21232	0.00000	4712.61200
2.21615	0.00000	4712.61200
2.21998	0.00000	4712.46300
2.22382	0.00000	4712.46300
2.22765	0.00000	4712.46300
2.23149	0.00000	4712.46300
2.23531	0.00000	4712.46300
2.23915	0.00000	4712.46300
2.24297	0.00000	4701.36800
2.24680	0.00000	4701.36800
2.25063	0.00000	4701.36800
2.25445	0.00000	4701.36800
2.25828	0.00000	4701.36800
2.26211	0.00000	4701.36800
2.26594	0.00000	4732.14200
2.26977	0.00000	4732.14200
2.27361	0.00000	4732.14200
2.27744	0.00000	4732.14200
2.28127	0.00000	4732.14200
2.28510	0.00000	4718.19200
2.28893	0.00000	4718.19200
2.29276	0.00000	4718.19200
2.29660	0.00000	4718.19200
2.30042	0.00000	4718.19200
2.30425	0.00000	4718.19200
2.30808	0.00000	4698.59400
2.31191	0.00000	4698.59400
2.31573	0.00000	4698.59400
2.31956	0.00000	4698.59400
2.32339	0.00000	4698.59400
2.32722	0.00000	4698.59400
2.33106	0.00000	4706.91500
2.33489	0.00000	4706.91500
2.33872	0.00000	4706.91500
2.34254	0.00000	4706.91500
2.34638	0.00000	4706.91500
2.35021	0.00000	4706.91500
2.35403	0.00000	4729.35200
2.35786	0.00000	4729.35200
2.36169	0.00000	4729.35200
2.36548	0.00000	4729.35200
2.36931	0.00000	4729.35200
2.37314	0.00000	4709.82100
2.37698	0.00000	4709.82100
2.38082	0.00000	4709.82100
2.38466	0.00000	4709.82100
2.38848	0.00000	4709.82100
2.39231	0.00000	4709.82100
2.39614	0.00000	4709.68900
2.39998	0.00000	4709.68900
2.40380	0.00000	4709.68900
2.40762	0.00000	4709.68900
2.41146	0.00000	4709.68900
2.41529	0.00000	4709.68900
2.41911	0.00000	4687.50000
2.42294	0.00000	4687.50000
2.42677	0.00000	4687.50000
2.43059	0.00000	4687.50000
2.43442	0.00000	4687.50000
2.43825	0.00000	4687.50000
2.44207	0.00000	4723.77200
2.44590	0.00000	4723.77200
2.44972	0.00000	4723.77200
2.45355	0.00000	4723.77200
2.45738	0.00000	4723.77200
2.46120	0.00000	4704.24100
2.46505	0.00000	4704.24100
2.46888	0.00000	4704.24100
2.47273	0.00000	4704.24100
2.47656	0.00000	4704.24100
2.48039	0.00000	4704.24100
2.48422	0.00000	4718.01000
2.48806	0.00000	4718.01000
2.49188	0.00000	4718.01000
2.49571	0.00000	4718.01000
2.49955	0.00000	4718.01000
2.50338	0.00000	4718.01000
2.50722	0.00000	4712.46300
2.51105	0.00000	4712.46300
2.51490	0.00000	4712.46300
2.51875	0.00000	4712.46300
2.52258	0.00000	4712.46300
2.52642	0.00000	4712.46300
2.53024	0.00000	4701.36800
2.53408	0.00000	4701.36800
2.53791	0.00000	4701.36800
2.54175	0.00000	4701.36800
2.54557	0.00000	4701.36800
2.54941	0.00000	4712.61200
2.55324	0.00000	4712.61200
2.55707	0.00000	4712.61200
2.56090	0.00000	4712.61200
2.56473	0.00000	4712.61200
2.56856	0.00000	4712.61200
2.57239	0.00000	4731.87800
2.57622	0.00000	4731.87800
2.58007	0.00000	4731.87800
2.58390	0.00000	4731.87800
2.58773	0.00000	4731.87800
2.59156	0.00000	4731.87800
2.59539	0.00000	4712.46300
2.59923	0.00000	4712.46300
2.60306	0.00000	4712.46300
2.60690	0.00000	4712.46300
2.61073	0.00000	4712.46300
2.61458	0.00000	4712.46300
2.61841	0.00000	4709.68900
2.62224	0.00000	4709.68900
2.62608	0.00000	4709.68900
2.62992	0.00000	4709.68900
2.63374	0.00000	4709.68900
2.63757	0.00000	4707.03100
2.64142	0.00000	4707.03100
2.64526	0.00000	4707.03100
2.64909	0.00000	4707.03100
2.65292	0.00000	4707.03100
2.65674	0.00000	4707.03100
2.66057	0.00000	4690.25700
2.66440	0.00000	4690.25700
2.66824	0.00000	4690.25700
2.67207	0.00000	4690.25700
2.67590	0.00000	4690.25700
2.67973	0.00000	4690.25700
2.68356	0.00000	4709.68900
2.68739	0.00000	4709.68900
2.69122	0.00000	4709.68900
2.69506	0.00000	4709.68900
2.69889	0.00000	4709.68900
2.70273	0.00000	4709.68900
2.70655	0.00000	4706.91500
2.71039	0.00000	4706.91500
2.71422	0.00000	4706.91500
2.71806	0.00000	4706.91500
2.72188	0.00000	4706.91500
2.72571	0.00000	4738.02400
2.72955	0.00000	4738.02400
2.73339	0.00000	4738.02400
2.73721	0.00000	4738.02400
2.74104	0.00000	4738.02400
2.74487	0.00000	4738.02400
2.74870	0.00000	4709.68900
2.75253	0.00000	4709.68900
2.75637	0.00000	4709.68900
2.76021	0.00000	4709.68900
2.76404	0.00000	4709.68900
2.76787	0.00000	4709.68900
2.77169	0.00000	4726.33100
2.77553	0.00000	4726.33100
2.77936	0.00000	4726.33100
2.78319	0.00000	4726.33100
2.78703	0.00000	4726.33100
2.79086	0.00000	4726.33100
2.79468	0.00000	4712.46300
2.79852	0.00000	4712.46300
2.80234	0.00000	4712.46300
2.80618	0.00000	4712.46300
2.81001	0.00000	4712.46300
2.81385	0.00000	4715.40200
2.81768	0.00000	4715.40200
2.82148	0.00000	4715.40200
2.82530	0.00000	4715.40200
2.82912	0.00000	4715.40200
2.83295	0.00000	4715.40200
2.83678	0.00000	4706.91500
2.84061	0.00000	4706.91500
2.84444	0.00000	4706.91500
2.84827	0.00000	4706.91500
2.85209	0.00000	4706.91500
2.85593	0.00000	4706.91500
2.85977	0.00000	4720.78400
2.86360	0.00000	4720.78400
2.86743	0.00000	4720.78400
2.87126	0.00000	4720.78400
2.87510	0.00000	4720.78400
2.87893	0.00000	4720.78400
2.88275	0.00000	4712.46300
2.88658	0.00000	4712.46300
2.89041	0.00000	4712.46300
2.89424	0.00000	4712.46300
2.89807	0.00000	4712.46300
2.90190	0.00000	4704.24100
2.90573	0.00000	4704.24100
2.90957	0.00000	4704.24100
2.91339	0.00000	4704.24100
2.91722	0.00000	4704.24100
2.92105	0.00000	4704.24100
2.92488	0.00000	4704.14200
2.92871	0.00000	4704.14200
2.93255	0.00000	4704.14200
2.93637	0.00000	4704.14200
2.94020	0.00000	4704.14200
2.94403	0.00000	4704.14200
2.94786	0.00000	4701.36800
2.95169	0.00000	4701.36800
2.95552	0.00000	4701.36800
2.95934	0.00000	4701.36800
2.96318	0.00000	4701.36800
2.96701	0.00000	4701.36800
2.97084	0.00000	4701.36800
2.97467	0.00000	4701.36800
2.97850	0.00000	4701.36800
2.98234	0.00000	4701.36800
2.98617	0.00000	4701.36800
2.98999	0.00000	4707.03100
2.99384	0.00000	4707.03100
2.99767	0.00000	4707.03100
3.00148	0.00000	4707.03100
3.00531	0.00000	4707.03100
3.00915	0.00000	4707.03100
3.01297	0.00000	4704.14200
3.01680	0.00000	4704.14200
3.02062	0.00000	4704.14200
3.02446	0.00000	4704.14200
3.02829	0.00000	4704.14200
3.03212	0.00000	4704.14200
3.03596	0.00000	4712.46300
3.03979	0.00000	4712.46300
3.04362	0.00000	4712.46300
3.04746	0.00000	4712.46300
3.05129	0.00000	4712.46300
3.05511	0.00000	4712.46300
3.05893	0.00000	4729.35200
3.06276	0.00000	4729.35200
3.06660	0.00000	4729.35200
3.07043	0.00000	4729.35200
3.07426	0.00000	4729.35200
3.07810	0.00000	4709.82100
3.08193	0.00000	4709.82100
3.08576	0.00000	4709.82100
3.08959	0.00000	4709.82100
3.09342	0.00000	4709.82100
3.09726	0.00000	4709.82100
3.10109	0.00000	4709.68900
3.10492	0.00000	4709.68900
3.10876	0.00000	4709.68900
3.11259	0.00000	4709.68900
3.11642	0.00000	4709.68900
3.12025	0.00000	4709.68900
3.12408	0.00000	4687.50000
3.12791	0.00000	4687.50000
3.13174	0.00000	4687.50000
3.13557	0.00000	4687.50000
3.13940	0.00000	4687.50000
3.14322	0.00000	4687.50000
3.14705	0.00000	4701.36800
3.15088	0.00000	4701.36800
3.15471	0.00000	4701.36800
3.15854	0.00000	4701.36800
3.16237	0.00000	4701.36800
3.16621	0.00000	4729.35200
3.17005	0.00000	4729.35200
3.17389	0.00000	4729.35200
3.17773	0.00000	4729.35200
3.18155	0.00000	4729.35200
3.18539	0.00000	4729.35200
3.18922	0.00000	4706.91500
3.19305	0.00000	4706.91500
3.19689	0.00000	4706.91500
3.20073	0.00000	4706.91500
3.20455	0.00000	4706.91500
3.20838	0.00000	4706.91500
3.21221	0.00000	4720.78400
3.21604	0.00000	4720.78400
3.21987	0.00000	4720.78400
3.22370	0.00000	4720.78400
3.22754	0.00000	4720.78400
3.23137	0.00000	4720.78400
3.23519	0.00000	4729.35200
3.23903	0.00000	4729.35200
3.24286	0.00000	4729.35200
3.24669	0.00000	4729.35200
3.25053	0.00000	4729.35200
3.25437	0.00000	4723.77200
3.25823	0.00000	4723.77200
3.26206	0.00000	4723.77200
3.26590	0.00000	4723.77200
3.26973	0.00000	4723.77200
3.27357	0.00000	4723.77200
3.27741	0.00000	4709.68900
3.28123	0.00000	4709.68900
3.28506	0.00000	4709.68900
3.28890	0.00000	4709.68900
3.29274	0.00000	4709.68900
3.29656	0.00000	4709.68900
3.30039	0.00000	4709.68900
3.30423	0.00000	4709.68900
3.30805	0.00000	4709.68900
3.31188	0.00000	4709.68900
3.31571	0.00000	4709.68900
3.31954	0.00000	4709.68900
3.32337	0.00000	4695.82100
3.32719	0.00000	4695.82100
3.33102	0.00000	4695.82100
3.33486	0.00000	4695.82100
3.33869	0.00000	4695.82100
3.34252	0.00000	4715.40200
3.34635	0.00000	4715.40200
3.35019	0.00000	4715.40200
3.35402	0.00000	4715.40200
3.35785	0.00000	4715.40200
3.36168	0.00000	4715.40200
3.36548	0.00000	4718.01000
3.36933	0.00000	4718.01000
3.37315	0.00000	4718.01000
3.37699	0.00000	4718.01000
3.38082	0.00000	4718.01000
3.38466	0.00000	4718.01000
3.38848	0.00000	4723.55700
3.39231	0.00000	4723.55700
3.39615	0.00000	4723.55700
3.39998	0.00000	4723.55700
3.40381	0.00000	4723.55700
3.40764	0.00000	4723.55700
3.41146	0.00000	4720.78400
3.41529	0.00000	4720.78400
3.41913	0.00000	4720.78400
3.42295	0.00000	4720.78400
3.42679	0.00000	4720.78400
3.43062	0.00000	4701.36800
3.43446	0.00000	4701.36800
3.43829	0.00000	4701.36800
3.44213	0.00000	4701.36800
3.44596	0.00000	4701.36800
3.44980	0.00000	4701.36800
3.45363	0.00000	4709.68900
3.45746	0.00000	4709.68900
3.46129	0.00000	4709.68900
3.46512	0.00000	4709.68900
3.46895	0.00000	4709.68900
3.47279	0.00000	4709.68900
3.47661	0.00000	4718.01000
3.48045	0.00000	4718.01000
3.48429	0.00000	4718.01000
3.48812	0.00000	4718.01000
3.49196	0.00000	4718.01000
3.49579	0.00000	4718.01000
3.49962	0.00000	4720.78400
3.50345	0.00000	4720.78400
3.50728	0.00000	4720.78400
3.51111	0.00000	4720.78400
3.51497	0.00000	4720.78400
3.51882	0.00000	4701.36800
3.52267	0.00000	4701.36800
3.52651	0.00000	4701.36800
3.53034	0.00000	4701.36800
3.53417	0.00000	4701.36800
3.53801	0.00000	4701.36800
3.54184	0.00000	4723.55700
3.54567	0.00000	4723.55700
3.54948	0.00000	4723.55700
3.55331	0.00000	4723.55700
3.55715	0.00000	4723.55700
3.56098	0.00000	4723.55700
3.56481	0.00000	4706.80200
3.56864	0.00000	4706.80200
3.57247	0.00000	4706.80200
3.57630	0.00000	4706.80200
3.58013	0.00000	4706.80200
3.58396	0.00000	4706.80200
3.58780	0.00000	4720.78400
3.59163	0.00000	4720.78400
3.59546	0.00000	4720.78400
3.59930	0.00000	4720.78400
3.60313	0.00000	4720.78400
3.60696	0.00000	4726.56200
3.61081	0.00000	4726.56200
3.61464	0.00000	4726.56200
3.61847	0.00000	4726.56200
3.62229	0.00000	4726.56200
3.62612	0.00000	4726.56200
3.62995	0.00000	4704.04400
3.63379	0.00000	4704.04400
3.63761	0.00000	4704.04400
3.64144	0.00000	4704.04400
3.64530	0.00000	4704.04400
3.64913	0.00000	4704.04400
3.65296	0.00000	4709.55900
3.65679	0.00000	4709.55900
3.66062	0.00000	4709.55900
3.66446	0.00000	4709.55900
3.66829	0.00000	4709.55900
3.67212	0.00000	4709.55900
3.67596	0.00000	4729.10500
3.67979	0.00000	4729.10500
3.68362	0.00000	4729.10500
3.68746	0.00000	4729.10500
3.69129	0.00000	4729.10500
3.69512	0.00000	4732.14200
3.69896	0.00000	4732.14200
3.70279	0.00000	4732.14200
3.70663	0.00000	4732.14200
3.71046	0.00000	4732.14200
3.71429	0.00000	4732.14200
3.71811	0.00000	4715.23700
3.72195	0.00000	4715.23700
3.72578	0.00000	4715.23700
3.72962	0.00000	4715.23700
3.73345	0.00000	4715.23700
3.73729	0.00000	4715.23700
3.74112	0.00000	4717.83100
3.74495	0.00000	4717.83100
3.74878	0.00000	4717.83100
3.75262	0.00000	4717.83100
3.75646	0.00000	4717.83100
3.76030	0.00000	4717.83100
3.76413	0.00000	4737.42600
3.76796	0.00000	4737.42600
3.77179	0.00000	4737.42600
3.77563	0.00000	4737.42600
3.77947	0.00000	4737.42600
3.78330	0.00000	4734.93300
3.78712	0.00000	4734.93300
3.79096	0.00000	4734.93300
3.79479	0.00000	4734.93300
3.79862	0.00000	4734.93300
3.80244	0.00000	4734.93300
3.80627	0.00000	4709.68900
3.81009	0.00000	4709.68900
3.81392	0.00000	4709.68900
3.81776	0.00000	4709.68900
3.82159	0.00000	4709.68900
3.82543	0.00000	4709.68900
3.82926	0.00000	4715.07300
3.83310	0.00000	4715.07300
3.83693	0.00000	4715.07300
3.84076	0.00000	4715.07300
3.84459	0.00000	4715.07300
3.84842	0.00000	4715.07300
3.85226	0.00000	4734.65200
3.85611	0.00000	4734.65200
3.85994	0.00000	4734.65200
3.86378	0.00000	4734.65200
3.86762	0.00000	4734.65200
3.87145	0.00000	4737.72300
3.87526	0.00000	4737.72300
3.87909	0.00000	4737.72300
3.88292	0.00000	4737.72300
3.88675	0.00000	4737.72300
3.89058	0.00000	4737.72300
3.89441	0.00000	4712.46300
3.89828	0.00000	4712.46300
3.90211	0.00000	4712.46300
3.90594	0.00000	4712.46300
3.90978	0.00000	4712.46300
3.91362	0.00000	4712.46300
3.91746	0.00000	4720.58800
3.92129	0.00000	4720.58800
3.92512	0.00000	4720.58800
3.92895	0.00000	4720.58800
3.93278	0.00000	4720.58800
3.93661	0.00000	4720.58800
3.94044	0.00000	4720.58800
3.94427	0.00000	4720.58800
3.94810	0.00000	4720.58800
3.95194	0.00000	4720.58800
3.95576	0.00000	4720.58800
3.95960	0.00000	4720.58800
3.96344	0.00000	4740.19900
3.96726	0.00000	4740.19900
3.97109	0.00000	4740.19900
3.97493	0.00000	4740.19900
3.97878	0.00000	4740.19900
3.98261	0.00000	4723.55700
3.98645	0.00000	4723.55700
3.99028	0.00000	4723.55700
3.99411	0.00000	4723.55700
3.99795	0.00000	4723.55700
4.00179	0.00000	4723.55700
4.00561	0.00000	4720.58800
4.00944	0.00000	4720.58800
4.01327	0.00000	4720.58800
4.01710	0.00000	4720.58800
4.02093	0.00000	4720.58800
4.02477	0.00000	4720.58800
4.02860	0.00000	4723.34500
4.03243	0.00000	4723.34500
4.03626	0.00000	4723.34500
4.04010	0.00000	4723.34500
4.04392	0.00000	4723.34500
4.04777	0.00000	4723.34500
4.05159	0.00000	4706.80200
4.05542	0.00000	4706.80200
4.05925	0.00000	4706.80200
4.06309	0.00000	4706.80200
4.06691	0.00000	4706.80200
4.07076	0.00000	4740.51300
4.07459	0.00000	4740.51300
4.07843	0.00000	4740.51300
4.08227	0.00000	4740.51300
4.08610	0.00000	4740.51300
4.08994	0.00000	4740.51300
4.09377	0.00000	4726.10300
4.09761	0.00000	4726.10300
4.10145	0.00000	4726.10300
4.10528	0.00000	4726.10300
4.10911	0.00000	4726.10300
4.11294	0.00000	4726.10300
4.11677	0.00000	4737.13200
4.12060	0.00000	4737.13200
4.12444	0.00000	4737.13200
4.12828	0.00000	4737.13200
4.13212	0.00000	4737.13200
4.13595	0.00000	4737.13200
4.13978	0.00000	4731.61700
4.14361	0.00000	4731.61700
4.14745	0.00000	4731.61700
4.15128	0.00000	4731.61700
4.15512	0.00000	4731.61700
4.15894	0.00000	4754.46400
4.16276	0.00000	4754.46400
4.16658	0.00000	4754.46400
4.17043	0.00000	4754.46400
4.17425	0.00000	4754.46400
4.17808	0.00000	4754.46400
4.18192	0.00000	4720.78400
4.18575	0.00000	4720.78400
4.18959	0.00000	4720.78400
4.19342	0.00000	4720.78400
4.19724	0.00000	4720.78400
4.20107	0.00000	4720.78400
4.20491	0.00000	4728.86000
4.20874	0.00000	4728.86000
4.21257	0.00000	4728.86000
4.21640	0.00000	4728.86000
4.22022	0.00000	4728.86000
4.22406	0.00000	4728.86000
4.22791	0.00000	4759.61500
4.23174	0.00000	4759.61500
4.23556	0.00000	4759.61500
4.23940	0.00000	4759.61500
4.24323	0.00000	4759.61500
4.24706	0.00000	4759.61500
4.25088	0.00000	4737.42600
4.25471	0.00000	4737.42600
4.25854	0.00000	4737.42600
4.26238	0.00000	4737.42600
4.26621	0.00000	4737.42600
4.27004	0.00000	4734.65200
4.27390	0.00000	4734.65200
4.27772	0.00000	4734.65200
4.28155	0.00000	4734.65200
4.28538	0.00000	4734.65200
4.28922	0.00000	4734.65200
4.29305	0.00000	4728.86000
4.29689	0.00000	4728.86000
4.30073	0.00000	4728.86000
4.30455	0.00000	4728.86000
4.30839	0.00000	4728.86000
4.31222	0.00000	4728.86000
4.31605	0.00000	4726.10300
4.31989	0.00000	4726.10300
4.32371	0.00000	4726.10300
4.32755	0.00000	4726.10300
4.33138	0.00000	4726.10300
4.33522	0.00000	4726.10300
4.33906	0.00000	4742.64700
4.34289	0.00000	4742.64700
4.34672	0.00000	4742.64700
4.35056	0.00000	4742.64700
4.35440	0.00000	4742.64700
4.35823	0.00000	4745.74700
4.36205	0.00000	4745.74700
4.36589	0.00000	4745.74700
4.36971	0.00000	4745.74700
4.37355	0.00000	4745.74700
4.37739	0.00000	4745.74700
4.38121	0.00000	4740.19900
4.38504	0.00000	4740.19900
4.38888	0.00000	4740.19900
4.39271	0.00000	4740.19900
4.39654	0.00000	4740.19900
4.40038	0.00000	4740.19900
4.40421	0.00000	4742.64700
4.40804	0.00000	4742.64700
4.41187	0.00000	4742.64700
4.41570	0.00000	4742.64700
4.41953	0.00000	4742.64700
4.42337	0.00000	4742.64700
4.42719	0.00000	4731.61700
4.43103	0.00000	4731.61700
4.43487	0.00000	4731.61700
4.43871	0.00000	4731.61700
4.44255	0.00000	4731.61700
4.44638	0.00000	4731.61700
4.45022	0.00000	4748.16100
4.45406	0.00000	4748.16100
4.45789	0.00000	4748.16100
4.46172	0.00000	4748.16100
4.46556	0.00000	4748.16100
4.46940	0.00000	4715.07300
4.47324	0.00000	4715.07300
4.47707	0.00000	4715.07300
4.48090	0.00000	4715.07300
4.48474	0.00000	4715.07300
4.48856	0.00000	4715.07300
4.49240	0.00000	4731.61700
4.49622	0.00000	4731.61700
4.50006	0.00000	4731.61700
4.50389	0.00000	4731.61700
4.50772	0.00000	4731.61700
4.51156	0.00000	4731.61700
4.51542	0.00000	4742.64700
4.51926	0.00000	4742.64700
4.52308	0.00000	4742.64700
4.52692	0.00000	4742.64700
4.53075	0.00000	4742.64700
4.53457	0.00000	4742.64700
4.53841	0.00000	4731.61700
4.54225	0.00000	4731.61700
4.54608	0.00000	4731.61700
4.54991	0.00000	4731.61700
4.55375	0.00000	4731.61700
4.55758	0.00000	4731.61700
4.56140	0.00000	4745.74700
4.56523	0.00000	4745.74700
4.56906	0.00000	4745.74700
4.57289	0.00000	4745.74700
4.57672	0.00000	4745.74700
4.58054	0.00000	4740.19900
4.58440	0.00000	4740.19900
4.58823	0.00000	4740.19900
4.59207	0.00000	4740.19900
4.59589	0.00000	4740.19900
4.59974	0.00000	4740.19900
4.60357	0.00000	4734.37500
4.60740	0.00000	4734.37500
4.61123	0.00000	4734.37500
4.61508	0.00000	4734.37500
4.61891	0.00000	4734.37500
4.62274	0.00000	4734.37500
4.62657	0.00000	4745.40400
4.63040	0.00000	4745.40400
4.63426	0.00000	4745.40400
4.63809	0.00000	4745.40400
4.64193	0.00000	4745.40400
4.64577	0.00000	4745.40400
4.64959	0.00000	4745.40400
4.65343	0.00000	4745.40400
4.65726	0.00000	4745.40400
4.66111	0.00000	4745.40400
4.66494	0.00000	4745.40400
4.66876	0.00000	4742.97300
4.67261	0.00000	4742.97300
4.67644	0.00000	4742.97300
4.68028	0.00000	4742.97300
4.68410	0.00000	4742.97300
4.68793	0.00000	4742.97300
4.69176	0.00000	4715.07300
4.69560	0.00000	4715.07300
4.69943	0.00000	4715.07300
4.70326	0.00000	4715.07300
4.70710	0.00000	4715.07300
4.71093	0.00000	4715.07300
4.71476	0.00000	4750.91900
4.71859	0.00000	4750.91900
4.72242	0.00000	4750.91900
4.72625	0.00000	4750.91900
4.73009	0.00000	4750.91900
4.73392	0.00000	4750.91900
4.73775	0.00000	4739.88900
4.74158	0.00000	4739.88900
4.74543	0.00000	4739.88900
4.74927	0.00000	4739.88900
4.75310	0.00000	4739.88900
4.75694	0.00000	4739.88900
4.76076	0.00000	4734.37500
4.76460	0.00000	4734.37500
4.76843	0.00000	4734.37500
4.77227	0.00000	4734.37500
4.77611	0.00000	4734.37500
4.77995	0.00000	4737.42600
4.78380	0.00000	4737.42600
4.78762	0.00000	4737.42600
4.79146	0.00000	4737.42600
4.79532	0.00000	4737.42600
4.79916	0.00000	4737.42600
4.80299	0.00000	4728.86000
4.80683	0.00000	4728.86000
4.81067	0.00000	4728.86000
4.81450	0.00000	4728.86000
4.81833	0.00000	4728.86000
4.82218	0.00000	4728.86000
4.82602	0.00000	4742.64700
4.82985	0.00000	4742.64700
4.83369	0.00000	4742.64700
4.83748	0.00000	4742.64700
4.84132	0.00000	4742.64700
4.84515	0.00000	4742.64700
4.84899	0.00000	4720.39400
4.85282	0.00000	4720.39400
4.85666	0.00000	4720.39400
4.86049	0.00000	4720.39400
4.86432	0.00000	4720.39400
4.86816	0.00000	4737.42600
4.87199	0.00000	4737.42600
4.87583	0.00000	4737.42600
4.87967	0.00000	4737.42600
4.88350	0.00000	4737.42600
4.88733	0.00000	4737.42600
4.89116	0.00000	4754.06800
4.89499	0.00000	4754.06800
4.89883	0.00000	4754.06800
4.90266	0.00000	4754.06800
4.90649	0.00000	4754.06800
4.91033	0.00000	4754.06800
4.91416	0.00000	4762.38900
4.91798	0.00000	4762.38900
4.92182	0.00000	4762.38900
4.92566	0.00000	4762.38900
4.92948	0.00000	4762.38900
4.93331	0.00000	4762.38900
4.93714	0.00000	4748.16100
4.94097	0.00000	4748.16100
4.94481	0.00000	4748.16100
4.94864	0.00000	4748.16100
4.95247	0.00000	4748.16100
4.95630	0.00000	4748.16100
4.96013	0.00000	4728.86000
4.96396	0.00000	4728.86000
4.96779	0.00000	4728.86000
4.97162	0.00000	4728.86000
4.97547	0.00000	4728.86000
4.97931	0.00000	4740.19900
4.98315	0.00000	4740.19900
4.98698	0.00000	4740.19900
4.99081	0.00000	4740.19900
4.99464	0.00000	4740.19900
4.99847	0.00000	4740.19900
5.00282	0.00000	4728.86000
5.00669	0.00000	4728.86000
5.01055	0.00000	4728.86000
5.01439	0.00000	4728.86000
5.01825	0.00000	4728.86000
5.02210	0.00000	4728.86000
5.02595	0.00000	4761.08300
5.02979	0.00000	4761.08300
5.03371	0.00000	4761.08300
5.03758	0.00000	4761.08300
5.04143	0.00000	4761.08300
5.04529	0.00000	4761.08300
5.04912	0.00000	5030.73800
5.05295	0.00000	5030.73800
5.05679	0.00000	5030.73800
5.06063	0.00000	5030.73800
5.06448	0.00000	5030.73800
5.06832	0.00000	5030.73800
5.07216	0.00000	5030.73800
5.07599	0.00000	5264.42300
5.07984	0.00000	5264.42300
5.08367	0.00000	5264.42300
5.08751	0.00000	5264.42300
5.09135	0.00000	5264.42300
5.09518	0.00000	5264.42300
5.09902	0.00000	5450.95900
5.10286	0.00000	5450.95900
5.10669	0.00000	5450.95900
5.11054	0.00000	5450.95900
5.11437	0.00000	5450.95900
5.11820	0.00000	5450.95900
5.12205	0.00000	5450.95900
5.12589	0.00000	5450.95900
5.12972	0.00000	5553.57100
5.13356	0.00000	5553.57100
5.13740	0.00000	5553.57100
5.14124	0.00000	5553.57100
5.14508	0.00000	5553.57100
5.14891	0.00000	5553.57100
5.15275	0.00000	5553.57100
5.15659	0.00000	5625.00000
5.16043	0.00000	5625.00000
5.16427	0.00000	5625.00000
5.16812	0.00000	5625.00000
5.17195	0.00000	5625.00000
5.17579	0.00000	5625.00000
5.17964	0.00000	5625.00000
5.18349	0.00000	5663.88300
5.18732	0.00000	5663.88300
5.19116	0.00000	5663.88300
5.19501	0.00000	5663.88300
5.19885	0.00000	5663.88300
5.20271	0.00000	5663.88300
5.20654	0.00000	5663.88300
5.21038	0.00000	5663.88300
5.21423	0.00000	5697.44300
5.21808	0.00000	5697.44300
5.22192	0.00000	5697.44300
5.22575	0.00000	5697.44300
5.22959	0.00000	5697.44300
5.23344	0.00000	5697.44300
5.23727	0.00000	5697.44300
5.24112	0.00000	5709.84200
5.24496	0.00000	5709.84200
5.24881	0.00000	5709.84200
5.25265	0.00000	5709.84200
5.25650	0.00000	5709.84200
5.26033	0.00000	5709.84200
5.26418	0.00000	5709.84200
5.26801	0.00000	5709.84200
5.27184	0.00000	5735.29400
5.27568	0.00000	5735.29400
5.27953	0.00000	5735.29400
5.28337	0.00000	5735.29400
5.28722	0.00000	5735.29400
5.29108	0.00000	5735.29400
5.29493	0.00000	5735.29400
5.29878	0.00000	5751.68900
5.30263	0.00000	5751.68900
5.30648	0.00000	5751.68900
5.31032	0.00000	5751.68900
5.31417	0.00000	5751.68900
5.31801	0.00000	5751.68900
5.32187	0.00000	5751.68900
5.32572	0.00000	5733.17300
5.32954	0.00000	5733.17300
5.33338	0.00000	5733.17300
5.33722	0.00000	5733.17300
5.34106	0.00000	5733.17300
5.34491	0.00000	5733.17300
5.34875	0.00000	5733.17300
5.35259	0.00000	5733.17300
5.35642	0.00000	5737.41500
5.36027	0.00000	5737.41500
5.36412	0.00000	5737.41500
5.36795	0.00000	5737.41500
5.37180	0.00000	5737.41500
5.37564	0.00000	5737.41500
5.37947	0.00000	5737.41500
5.38330	0.00000	5748.02000
5.38716	0.00000	5748.02000
5.39100	0.00000	5748.02000
5.39483	0.00000	5748.02000
5.39868	0.00000	5748.02000
5.40253	0.00000	5748.02000
5.40637	0.00000	5748.02000
5.41022	0.00000	5748.02000
5.41406	0.00000	5726.81000
5.41791	0.00000	5726.81000
5.42177	0.00000	5726.81000
5.42561	0.00000	5726.81000
5.42948	0.00000	5726.81000
5.43335	0.00000	5726.81000
5.43723	0.00000	5726.81000
5.44109	0.00000	5736.90800
5.44493	0.00000	5736.90800
5.44877	0.00000	5736.90800
5.45263	0.00000	5736.90800
5.45649	0.00000	5736.90800
5.46033	0.00000	5736.90800
5.46417	0.00000	5736.90800
5.46802	0.00000	5736.90800
5.47186	0.00000	5754.38300
5.47571	0.00000	5754.38300
5.47955	0.00000	5754.38300
5.48342	0.00000	5754.38300
5.48728	0.00000	5754.38300
5.49113	0.00000	5754.38300
5.49499	0.00000	5754.38300
5.49884	0.00000	5733.17300
5.50272	0.00000	5733.17300
5.50657	0.00000	5733.17300
5.51042	0.00000	5733.17300
5.51428	0.00000	5733.17300
5.51814	0.00000	5733.17300
5.52199	0.00000	5733.17300
5.52583	0.00000	5733.17300
5.52968	0.00000	5742.71300
5.53348	0.00000	5742.71300
5.53732	0.00000	5742.71300
5.54115	0.00000	5742.71300
5.54500	0.00000	5742.71300
5.54888	0.00000	5742.71300
5.55275	0.00000	5742.71300
5.55662	0.00000	5735.29400
5.56050	0.00000	5735.29400
5.56436	0.00000	5735.29400
5.56821	0.00000	5735.29400
5.57206	0.00000	5735.29400
5.57590	0.00000	5735.29400
5.57975	0.00000	5735.29400
5.58358	0.00000	5735.29400
5.58743	0.00000	5734.30500
5.59127	0.00000	5734.30500
5.59513	0.00000	5734.30500
5.59899	0.00000	5734.30500
5.60284	0.00000	5734.30500
5.60668	0.00000	5734.30500
5.61057	0.00000	5734.30500
5.61441	0.00000	5748.57900
5.61827	0.00000	5748.57900
5.62211	0.00000	5748.57900
5.62597	0.00000	5748.57900
5.62981	0.00000	5748.57900
5.63366	0.00000	5748.57900
5.63748	0.00000	5748.57900
5.64134	0.00000	5748.57900
5.64519	0.00000	5762.24600
5.64904	0.00000	5762.24600
5.65289	0.00000	5762.24600
5.65673	0.00000	5762.24600
5.66059	0.00000	5762.24600
5.66443	0.00000	5762.24600
5.66829	0.00000	5762.24600
5.67214	0.00000	5739.53600
5.67600	0.00000	5739.53600
5.67986	0.00000	5739.53600
5.68372	0.00000	5739.53600
5.68757	0.00000	5739.53600
5.69146	0.00000	5739.53600
5.69531	0.00000	5739.53600
5.69916	0.00000	5739.53600
5.70301	0.00000	5730.10100
5.70687	0.00000	5730.10100
5.71072	0.00000	5730.10100
5.71457	0.00000	5730.10100
5.71843	0.00000	5730.10100
5.72230	0.00000	5730.10100
5.72615	0.00000	5730.10100
5.73001	0.00000	5737.41500
5.73388	0.00000	5737.41500
5.73774	0.00000	5737.41500
5.74159	0.00000	5737.41500
5.74543	0.00000	5737.41500
5.74928	0.00000	5737.41500
5.75314	0.00000	5737.41500
5.75702	0.00000	5737.41500
5.76088	0.00000	5725.89600
5.76473	0.00000	5725.89600
5.76858	0.00000	5725.89600
5.77243	0.00000	5725.89600
5.77629	0.00000	5725.89600
5.78014	0.00000	5725.89600
5.78399	0.00000	5725.89600
5.78784	0.00000	5748.02000
5.79168	0.00000	5748.02000
5.79553	0.00000	5748.02000
5.79938	0.00000	5748.02000
5.80326	0.00000	5748.02000
5.80712	0.00000	5748.02000
5.81096	0.00000	5748.02000
5.81482	0.00000	5748.02000
5.81869	0.00000	5743.24300
5.82256	0.00000	5743.24300
5.82641	0.00000	5743.24300
5.83026	0.00000	5743.24300
5.83417	0.00000	5743.24300
5.83802	0.00000	5743.24300
5.84186	0.00000	5743.24300
5.84569	0.00000	5713.68200
5.84956	0.00000	5713.68200
5.85342	0.00000	5713.68200
5.85727	0.00000	5713.68200
5.86112	0.00000	5713.68200
5.86497	0.00000	5713.68200
5.86884	0.00000	5713.68200
5.87269	0.00000	5713.68200
5.87653	0.00000	5734.79700
5.88038	0.00000	5734.79700
5.88426	0.00000	5734.79700
5.88812	0.00000	5734.79700
5.89196	0.00000	5734.79700
5.89581	0.00000	5734.79700
5.89971	0.00000	5734.79700
5.90358	0.00000	5722.12800
5.90742	0.00000	5722.12800
5.91127	0.00000	5722.12800
5.91512	0.00000	5722.12800
5.91898	0.00000	5722.12800
5.92283	0.00000	5722.12800
5.92667	0.00000	5722.12800
5.93052	0.00000	5745.89900
5.93439	0.00000	5745.89900
5.93824	0.00000	5745.89900
5.94209	0.00000	5745.89900
5.94594	0.00000	5745.89900
5.94981	0.00000	5745.89900
5.95366	0.00000	5745.89900
5.95748	0.00000	5745.89900
5.96132	0.00000	5745.89900
5.96515	0.00000	5745.89900
5.96902	0.00000	5745.89900
5.97285	0.00000	5745.89900
5.97671	0.00000	5745.89900
5.98056	0.00000	5745.89900
5.98445	0.00000	5745.89900
5.98830	0.00000	5750.14100
5.99214	0.00000	5750.14100
5.99599	0.00000	5750.14100
5.99989	0.00000	5750.14100
6.00375	0.00000	5750.14100
6.00759	0.00000	5750.14100
6.01143	0.00000	5750.14100
6.01528	0.00000	5750.14100
6.01913	0.00000	5758.62500
6.02299	0.00000	5758.62500
6.02684	0.00000	5758.62500
6.03067	0.00000	5758.62500
6.03452	0.00000	5758.62500
6.03836	0.00000	5758.62500
6.04226	0.00000	5758.62500
6.04620	0.00000	5741.65700
6.05023	0.00000	5741.65700
6.05413	0.00000	5741.65700
6.05799	0.00000	5741.65700
6.06184	0.00000	5741.65700
6.06583	0.00000	5741.65700
6.06973	0.00000	5741.65700
6.07359	0.00000	5741.65700
6.07744	0.00000	5745.35500
6.08131	0.00000	5745.35500
6.08521	0.00000	5745.35500
6.08907	0.00000	5745.35500
6.09293	0.00000	5745.35500
6.09679	0.00000	5745.35500
6.10073	0.00000	5745.35500
6.10459	0.00000	5728.93100
6.10844	0.00000	5728.93100
6.11230	0.00000	5728.93100
6.11615	0.00000	5728.93100
6.12029	0.00000	5728.93100
6.12426	0.00000	5728.93100
6.12821	0.00000	5728.93100
6.13350	0.00000	5754.38300
6.13749	0.00000	5754.38300
6.14138	0.00000	5754.38300
6.14524	0.00000	5754.38300
6.14911	0.00000	5754.38300
6.15318	0.00000	5754.38300
6.15708	0.00000	5754.38300
6.16096	0.00000	5728.93100
6.16496	0.00000	5728.93100
6.16951	0.00000	5728.93100
6.17588	0.00000	5728.93100
6.17985	0.00000	5728.93100
6.18380	0.00000	5728.93100
6.18769	0.00000	5728.93100
6.19154	0.00000	5743.77800
6.19538	0.00000	5743.77800
6.19925	0.00000	5743.77800
6.20313	0.00000	5743.77800
6.20697	0.00000	5743.77800
6.21080	0.00000	5743.77800
6.21465	0.00000	5743.77800
6.21852	0.00000	5731.05200
6.22237	0.00000	5731.05200
6.22621	0.00000	5731.05200
6.23006	0.00000	5731.05200
6.23396	0.00000	5731.05200
6.23782	0.00000	5731.05200
6.24165	0.00000	5731.05200
6.24547	0.00000	5731.05200
6.24933	0.00000	5745.35500
6.25321	0.00000	5745.35500
6.25706	0.00000	5745.35500
6.26091	0.00000	5745.35500
6.26478	0.00000	5745.35500
6.26868	0.00000	5745.35500
6.27254	0.00000	5745.35500
6.27639	0.00000	5743.77800
6.28029	0.00000	5743.77800
6.28420	0.00000	5743.77800
6.28804	0.00000	5743.77800
6.29188	0.00000	5743.77800
6.29571	0.00000	5743.77800
6.29957	0.00000	5743.77800
6.30344	0.00000	5743.77800
6.30730	0.00000	5755.91200
6.31116	0.00000	5755.91200
6.31503	0.00000	5755.91200
6.31891	0.00000	5755.91200
6.32278	0.00000	5755.91200
6.32662	0.00000	5755.91200
6.33050	0.00000	5755.91200
6.33439	0.00000	5752.84100
6.33825	0.00000	5752.84100
6.34209	0.00000	5752.84100
6.34598	0.00000	5752.84100
6.34988	0.00000	5752.84100
6.35374	0.00000	5752.84100
6.35759	0.00000	5752.84100
6.36144	0.00000	5752.84100
6.36533	0.00000	5753.80100
6.36920	0.00000	5753.80100
6.37306	0.00000	5753.80100
6.37693	0.00000	5753.80100
6.38081	0.00000	5753.80100
6.38471	0.00000	5753.80100
6.38859	0.00000	5753.80100
6.39245	0.00000	5733.17300
6.39634	0.00000	5733.17300
6.40030	0.00000	5733.17300
6.40418	0.00000	5733.17300
6.40805	0.00000	5733.17300
6.41193	0.00000	5733.17300
6.41579	0.00000	5733.17300
6.41968	0.00000	5733.17300
6.42353	0.00000	5736.90800
6.42741	0.00000	5736.90800
6.43128	0.00000	5736.90800
6.43520	0.00000	5736.90800
6.43906	0.00000	5736.90800
6.44295	0.00000	5736.90800
6.44682	0.00000	5736.90800
6.45078	0.00000	5713.68200
6.45470	0.00000	5713.68200
6.45859	0.00000	5713.68200
6.46245	0.00000	5713.68200
6.46633	0.00000	5713.68200
6.47026	0.00000	5713.68200
6.47414	0.00000	5713.68200
6.47801	0.00000	5748.02000
6.48188	0.00000	5748.02000
6.48585	0.00000	5748.02000
6.48975	0.00000	5748.02000
6.49361	0.00000	5748.02000
6.49748	0.00000	5748.02000
6.50140	0.00000	5748.02000
6.50526	0.00000	5748.02000
6.50917	0.00000	5747.46600
6.51305	0.00000	5747.46600
6.51695	0.00000	5747.46600
6.52080	0.00000	5747.46600
6.52468	0.00000	5747.46600
6.52855	0.00000	5747.46600
6.53241	0.00000	5747.46600
6.53629	0.00000	5724.23900
6.54017	0.00000	5724.23900
6.54405	0.00000	5724.23900
6.54790	0.00000	5724.23900
6.55178	0.00000	5724.23900
6.55566	0.00000	5724.23900
6.55952	0.00000	5724.23900
6.56338	0.00000	5724.23900
6.56726	0.00000	5741.13200
6.57114	0.00000	5741.13200
6.57498	0.00000	5741.13200
6.57883	0.00000	5741.13200
6.58269	0.00000	5741.13200
6.58656	0.00000	5741.13200
6.59040	0.00000	5741.13200
6.59424	0.00000	5741.65700
6.59810	0.00000	5741.65700
6.60199	0.00000	5741.65700
6.60585	0.00000	5741.65700
6.60971	0.00000	5741.65700
6.61355	0.00000	5741.65700
6.61742	0.00000	5741.65700
6.62136	0.00000	5741.65700
6.62522	0.00000	5752.26200
6.62908	0.00000	5752.26200
6.63295	0.00000	5752.26200
6.63681	0.00000	5752.26200
6.64066	0.00000	5752.26200
6.64452	0.00000	5752.26200
6.64845	0.00000	5752.26200
6.65233	0.00000	5745.89900
6.65619	0.00000	5745.89900
6.66004	0.00000	5745.89900
6.66390	0.00000	5745.89900
6.66777	0.00000	5745.89900
6.67162	0.00000	5745.89900
6.67548	0.00000	5745.89900
6.67933	0.00000	5737.41500
6.68321	0.00000	5737.41500
6.68706	0.00000	5737.41500
6.69092	0.00000	5737.41500
6.69477	0.00000	5737.41500
6.69865	0.00000	5737.41500
6.70250	0.00000	5737.41500
6.70636	0.00000	5737.41500
6.71023	0.00000	5745.35500
6.71413	0.00000	5745.35500
6.71802	0.00000	5745.35500
6.72188	0.00000	5745.35500
6.72573	0.00000	5745.35500
6.72962	0.00000	5745.35500
6.73358	0.00000	5745.35500
6.73744	0.00000	5741.65700
6.74131	0.00000	5741.65700
6.74518	0.00000	5741.65700
6.74909	0.00000	5741.65700
6.75301	0.00000	5741.65700
6.75688	0.00000	5741.65700
6.76075	0.00000	5741.65700
6.76464	0.00000	5741.65700
6.76852	0.00000	5725.89600
6.77238	0.00000	5725.89600
6.77624	0.00000	5725.89600
6.78015	0.00000	5725.89600
6.78406	0.00000	5725.89600
6.78792	0.00000	5725.89600
6.79179	0.00000	5725.89600
6.79568	0.00000	5745.89900
6.79960	0.00000	5745.89900
6.80347	0.00000	5745.89900
6.80735	0.00000	5745.89900
6.81122	0.00000	5745.89900
6.81508	0.00000	5745.89900
6.81894	0.00000	5745.89900
6.82279	0.00000	5745.89900
6.82667	0.00000	5752.26200
6.83052	0.00000	5752.26200
6.83439	0.00000	5752.26200
6.83823	0.00000	5752.26200
6.84209	0.00000	5752.26200
6.84595	0.00000	5752.26200
6.84983	0.00000	5752.26200
6.85373	0.00000	5741.65700
6.85762	0.00000	5741.65700
6.86148	0.00000	5741.65700
6.86534	0.00000	5741.65700
6.86921	0.00000	5741.65700
6.87308	0.00000	5741.65700
6.87695	0.00000	5741.65700
6.88081	0.00000	5722.12800
6.88466	0.00000	5722.12800
6.88851	0.00000	5722.12800
6.89238	0.00000	5722.12800
6.89624	0.00000	5722.12800
6.90012	0.00000	5722.12800
6.90398	0.00000	5722.12800
6.90785	0.00000	5722.12800
6.91170	0.00000	5728.46200
6.91556	0.00000	5728.46200
6.91941	0.00000	5728.46200
6.92331	0.00000	5728.46200
6.92717	0.00000	5728.46200
6.93102	0.00000	5728.46200
6.93487	0.00000	5728.46200
6.93875	0.00000	5726.35100
6.94264	0.00000	5726.35100
6.94650	0.00000	5726.35100
6.95040	0.00000	5726.35100
6.95429	0.00000	5726.35100
6.95815	0.00000	5726.35100
6.96201	0.00000	5726.35100
6.96588	0.00000	5726.35100
6.96977	0.00000	5745.35500
6.97363	0.00000	5745.35500
6.97749	0.00000	5745.35500
6.98135	0.00000	5745.35500
6.98522	0.00000	5745.35500
6.98909	0.00000	5745.35500
6.99294	0.00000	5745.35500
6.99679	0.00000	5756.50500
7.00070	0.00000	5756.50500
7.00458	0.00000	5756.50500
7.00843	0.00000	5756.50500
7.01228	0.00000	5756.50500
7.01618	0.00000	5756.50500
7.02011	0.00000	5756.50500
7.02397	0.00000	5756.50500
7.02782	0.00000	5721.69300
7.03168	0.00000	5721.69300
7.03561	0.00000	5721.69300
7.03947	0.00000	5721.69300
7.04332	0.00000	5721.69300
7.04718	0.00000	5721.69300
7.05117	0.00000	5721.69300
7.05506	0.00000	5735.29400
7.05891	0.00000	5735.29400
7.06276	0.00000	5735.29400
7.06668	0.00000	5735.29400
7.07056	0.00000	5735.29400
7.07440	0.00000	5735.29400
7.07825	0.00000	5735.29400
7.08223	0.00000	5741.65700
7.08612	0.00000	5741.65700
7.08999	0.00000	5741.65700
7.09385	0.00000	5741.65700
7.09772	0.00000	5741.65700
7.10160	0.00000	5741.65700
7.10545	0.00000	5741.65700
7.10930	0.00000	5741.65700
7.11315	0.00000	5720.01600
7.11705	0.00000	5720.01600
7.12091	0.00000	5720.01600
7.12475	0.00000	5720.01600
7.12860	0.00000	5720.01600
7.13246	0.00000	5720.01600
7.13636	0.00000	5720.01600
7.14020	0.00000	5748.02000
7.14406	0.00000	5748.02000
7.14790	0.00000	5748.02000
7.15177	0.00000	5748.02000
7.15562	0.00000	5748.02000
7.15946	0.00000	5748.02000
7.16331	0.00000	5748.02000
7.16719	0.00000	5748.02000
7.17104	0.00000	5749.57700
7.17488	0.00000	5749.57700
7.17872	0.00000	5749.57700
7.18256	0.00000	5749.57700
7.18643	0.00000	5749.57700
7.19027	0.00000	5749.57700
7.19412	0.00000	5749.57700
7.19796	0.00000	5741.65700
7.20185	0.00000	5741.65700
7.20570	0.00000	5741.65700
7.20954	0.00000	5741.65700
7.21338	0.00000	5741.65700
7.21727	0.00000	5741.65700
7.22110	0.00000	5741.65700
7.22496	0.00000	5741.65700
7.22880	0.00000	5730.10100
7.23265	0.00000	5730.10100
7.23652	0.00000	5730.10100
7.24037	0.00000	5730.10100
7.24421	0.00000	5730.10100
7.24805	0.00000	5730.10100
7.25191	0.00000	5730.10100
7.25576	0.00000	5743.77800
7.25960	0.00000	5743.77800
7.26344	0.00000	5743.77800
7.26731	0.00000	5743.77800
7.27115	0.00000	5743.77800
7.27500	0.00000	5743.77800
7.27883	0.00000	5743.77800
7.28267	0.00000	5743.77800
7.28653	0.00000	5711.18300
7.29037	0.00000	5711.18300
7.29420	0.00000	5711.18300
7.29804	0.00000	5711.18300
7.30230	0.00000	5711.18300
7.30627	0.00000	5711.18300
7.31068	0.00000	5711.18300
7.31470	0.00000	5745.89900
7.31895	0.00000	5745.89900
7.32329	0.00000	5745.89900
7.32728	0.00000	5745.89900
7.33120	0.00000	5745.89900
7.33520	0.00000	5745.89900
7.33907	0.00000	5745.89900
7.34293	0.00000	5715.79400
7.34678	0.00000	5715.79400
7.35068	0.00000	5715.79400
7.35454	0.00000	5715.79400
7.35839	0.00000	5715.79400
7.36223	0.00000	5715.79400
7.36607	0.00000	5715.79400
7.36994	0.00000	5715.79400
7.37377	0.00000	5739.02000
7.37761	0.00000	5739.02000
7.38145	0.00000	5739.02000
7.38532	0.00000	5739.02000
7.38916	0.00000	5739.02000
7.39301	0.00000	5739.02000
7.39684	0.00000	5739.02000
7.40069	0.00000	5715.79400
7.40456	0.00000	5715.79400
7.40840	0.00000	5715.79400
7.41224	0.00000	5715.79400
7.41607	0.00000	5715.79400
7.41996	0.00000	5715.79400
7.42399	0.00000	5715.79400
7.42794	0.00000	5748.02000
7.43186	0.00000	5748.02000
7.43577	0.00000	5748.02000
7.43962	0.00000	5748.02000
7.44347	0.00000	5748.02000
7.44732	0.00000	5748.02000
7.45118	0.00000	5748.02000
7.45503	0.00000	5748.02000
7.45886	0.00000	5732.68500
7.46270	0.00000	5732.68500
7.46654	0.00000	5732.68500
7.47037	0.00000	5732.68500
7.47420	0.00000	5732.68500
7.47804	0.00000	5732.68500
7.48192	0.00000	5732.68500
7.48576	0.00000	5745.89900
7.48966	0.00000	5745.89900
7.49348	0.00000	5745.89900
7.49732	0.00000	5745.89900
7.50117	0.00000	5745.89900
7.50503	0.00000	5745.89900
7.50888	0.00000	5745.89900
7.51273	0.00000	5745.89900
7.51660	0.00000	5749.57700
7.52044	0.00000	5749.57700
7.52429	0.00000	5749.57700
7.52813	0.00000	5749.57700
7.53196	0.00000	5749.57700
7.53582	0.00000	5749.57700
7.53966	0.00000	5749.57700
7.54350	0.00000	5743.77800
7.54737	0.00000	5743.77800
7.55121	0.00000	5743.77800
7.55504	0.00000	5743.77800
7.55888	0.00000	5743.77800
7.56272	0.00000	5743.77800
7.56658	0.00000	5743.77800
7.57042	0.00000	5743.77800
7.57427	0.00000	5747.46600
7.57812	0.00000	5747.46600
7.58197	0.00000	5747.46600
7.58582	0.00000	5747.46600
7.58966	0.00000	5747.46600
7.59349	0.00000	5747.46600
7.59737	0.00000	5747.46600
7.60123	0.00000	5748.02000
7.60512	0.00000	5748.02000
7.60898	0.00000	5748.02000
7.61284	0.00000	5748.02000
7.61672	0.00000	5748.02000
7.62056	0.00000	5748.02000
7.62442	0.00000	5748.02000
7.62825	0.00000	5748.02000
7.63209	0.00000	5741.13200
7.63594	0.00000	5741.13200
7.63978	0.00000	5741.13200
7.64366	0.00000	5741.13200
7.64752	0.00000	5741.13200
7.65138	0.00000	5741.13200
7.65523	0.00000	5741.13200
7.65908	0.00000	5752.26200
7.66292	0.00000	5752.26200
7.66680	0.00000	5752.26200
7.67064	0.00000	5752.26200
7.67448	0.00000	5752.26200
7.67832	0.00000	5752.26200
7.68216	0.00000	5752.26200
7.68601	0.00000	5752.26200
7.68986	0.00000	5717.48900
7.69371	0.00000	5717.48900
7.69756	0.00000	5717.48900
7.70142	0.00000	5717.48900
7.70526	0.00000	5717.48900
7.70911	0.00000	5717.48900
7.71295	0.00000	5717.48900
7.71681	0.00000	5743.77800
7.72065	0.00000	5743.77800
7.72449	0.00000	5743.77800
7.72834	0.00000	5743.77800
7.73217	0.00000	5743.77800
7.73603	0.00000	5743.77800
7.73988	0.00000	5743.77800
7.74371	0.00000	5743.77800
7.74755	0.00000	5743.24300
7.75140	0.00000	5743.24300
7.75524	0.00000	5743.24300
7.75908	0.00000	5743.24300
7.76293	0.00000	5743.24300
7.76679	0.00000	5743.24300
7.77064	0.00000	5743.24300
7.77449	0.00000	5737.41500
7.77833	0.00000	5737.41500
7.78217	0.00000	5737.41500
7.78602	0.00000	5737.41500
7.78987	0.00000	5737.41500
7.79371	0.00000	5737.41500
7.79755	0.00000	5737.41500
7.80140	0.00000	5737.41500
7.80524	0.00000	5751.68900
7.80909	0.00000	5751.68900
7.81293	0.00000	5751.68900
7.81678	0.00000	5751.68900
7.82063	0.00000	5751.68900
7.82447	0.00000	5751.68900
7.82831	0.00000	5751.68900
7.83215	0.00000	5717.90500
7.83601	0.00000	5717.90500
7.83985	0.00000	5717.90500
7.84370	0.00000	5717.90500
7.84755	0.00000	5717.90500
7.85141	0.00000	5717.90500
7.85526	0.00000	5717.90500
7.85910	0.00000	5717.90500
7.86294	0.00000	5725.89600
7.86678	0.00000	5725.89600
7.87065	0.00000	5725.89600
7.87452	0.00000	5725.89600
7.87842	0.00000	5725.89600
7.88227	0.00000	5725.89600
7.88613	0.00000	5725.89600
7.88998	0.00000	5743.77800
7.89383	0.00000	5743.77800
7.89768	0.00000	5743.77800
7.90148	0.00000	5743.77800
7.90533	0.00000	5743.77800
7.90916	0.00000	5743.77800
7.91300	0.00000	5743.77800
7.91687	0.00000	5743.77800
7.92071	0.00000	5719.59100
7.92456	0.00000	5719.59100
7.92840	0.00000	5719.59100
7.93225	0.00000	5719.59100
7.93609	0.00000	5719.59100
7.93993	0.00000	5719.59100
7.94377	0.00000	5719.59100
7.94760	0.00000	5745.89900
7.95145	0.00000	5745.89900
7.95529	0.00000	5745.89900
7.95913	0.00000	5745.89900
7.96297	0.00000	5745.89900
7.96682	0.00000	5745.89900
7.97067	0.00000	5745.89900
7.97452	0.00000	5745.89900
7.97835	0.00000	5745.35500
7.98220	0.00000	5745.35500
7.98605	0.00000	5745.35500
7.98989	0.00000	5745.35500
7.99374	0.00000	5745.35500
7.99760	0.00000	5745.35500
8.00145	0.00000	5745.35500
8.00530	0.00000	5724.23900
8.00915	0.00000	5724.23900
8.01300	0.00000	5724.23900
8.01686	0.00000	5724.23900
8.02070	0.00000	5724.23900
8.02455	0.00000	5724.23900
8.02839	0.00000	5724.23900
8.03224	0.00000	5724.23900
8.03609	0.00000	5743.24300
8.03994	0.00000	5743.24300
8.04378	0.00000	5743.24300
8.04762	0.00000	5743.24300
8.05146	0.00000	5743.24300
8.05530	0.00000	5743.24300
8.05915	0.00000	5743.24300
8.06300	0.00000	5752.26200
8.06685	0.00000	5752.26200
8.07070	0.00000	5752.26200
8.07455	0.00000	5752.26200
8.07839	0.00000	5752.26200
8.08223	0.00000	5752.26200
8.08608	0.00000	5752.26200
8.08993	0.00000	5752.26200
8.09376	0.00000	5723.79500
8.09760	0.00000	5723.79500
8.10146	0.00000	5723.79500
8.10531	0.00000	5723.79500
8.10916	0.00000	5723.79500
8.11303	0.00000	5723.79500
8.11687	0.00000	5723.79500
8.12072	0.00000	5737.41500
8.12456	0.00000	5737.41500
8.12840	0.00000	5737.41500
8.13224	0.00000	5737.41500
8.13607	0.00000	5737.41500
8.13991	0.00000	5737.41500
8.14376	0.00000	5737.41500
8.14762	0.00000	5737.41500
8.15147	0.00000	5741.13200
8.15532	0.00000	5741.13200
8.15918	0.00000	5741.13200
8.16302	0.00000	5741.13200
8.16687	0.00000	5741.13200
8.17072	0.00000	5741.13200
8.17457	0.00000	5741.13200
8.17842	0.00000	5730.57400
8.18228	0.00000	5730.57400
8.18615	0.00000	5730.57400
8.19000	0.00000	5730.57400
8.19383	0.00000	5730.57400
8.19768	0.00000	5730.57400
8.20153	0.00000	5730.57400
8.20539	0.00000	5730.57400
8.20923	0.00000	5739.02000
8.21307	0.00000	5739.02000
8.21694	0.00000	5739.02000
8.22079	0.00000	5739.02000
8.22465	0.00000	5739.02000
8.22850	0.00000	5739.02000
8.23235	0.00000	5739.02000
8.23622	0.00000	5735.29400
8.24006	0.00000	5735.29400
8.24389	0.00000	5735.29400
8.24774	0.00000	5735.29400
8.25159	0.00000	5735.29400
8.25543	0.00000	5735.29400
8.25927	0.00000	5735.29400
8.26311	0.00000	5735.29400
8.26697	0.00000	5762.24600
8.27080	0.00000	5762.24600
8.27464	0.00000	5762.24600
8.27849	0.00000	5762.24600
8.28233	0.00000	5762.24600
8.28619	0.00000	5762.24600
8.29003	0.00000	5762.24600
8.29387	0.00000	5731.05200
8.29771	0.00000	5731.05200
8.30156	0.00000	5731.05200
8.30541	0.00000	5731.05200
8.30925	0.00000	5731.05200
8.31310	0.00000	5731.05200
8.31693	0.00000	5731.05200
8.32077	0.00000	5731.05200
8.32460	0.00000	5727.99900
8.32844	0.00000	5727.99900
8.33229	0.00000	5727.99900
8.33613	0.00000	5727.99900
8.33997	0.00000	5727.99900
8.34382	0.00000	5727.99900
8.34768	0.00000	5727.99900
8.35152	0.00000	5733.17300
8.35536	0.00000	5733.17300
8.35920	0.00000	5733.17300
8.36305	0.00000	5733.17300
8.36690	0.00000	5733.17300
8.37075	0.00000	5733.17300
8.37459	0.00000	5733.17300
8.37844	0.00000	5733.17300
8.38228	0.00000	5736.90800
8.38612	0.00000	5736.90800
8.38996	0.00000	5736.90800
8.39380	0.00000	5736.90800
8.39764	0.00000	5736.90800
8.40147	0.00000	5736.90800
8.40533	0.00000	5736.90800
8.40919	0.00000	5737.41500
8.41304	0.00000	5737.41500
8.41688	0.00000	5737.41500
8.42073	0.00000	5737.41500
8.42457	0.00000	5737.41500
8.42841	0.00000	5737.41500
8.43224	0.00000	5737.41500
8.43608	0.00000	5737.41500
8.43991	0.00000	5730.57400
8.44376	0.00000	5730.57400
8.44761	0.00000	5730.57400
8.45146	0.00000	5730.57400
8.45530	0.00000	5730.57400
8.45916	0.00000	5730.57400
8.46301	0.00000	5730.57400
8.46684	0.00000	5722.12800
8.47068	0.00000	5722.12800
8.47452	0.00000	5722.12800
8.47836	0.00000	5722.12800
8.48221	0.00000	5722.12800
8.48606	0.00000	5722.12800
8.48990	0.00000	5722.12800
8.49375	0.00000	5722.12800
8.49758	0.00000	5726.35100
8.50141	0.00000	5726.35100
8.50525	0.00000	5726.35100
8.50916	0.00000	5726.35100
8.51302	0.00000	5726.35100
8.51692	0.00000	5726.35100
8.52081	0.00000	5726.35100
8.52467	0.00000	5722.12800
8.52855	0.00000	5722.12800
8.53242	0.00000	5722.12800
8.53628	0.00000	5722.12800
8.54012	0.00000	5722.12800
8.54398	0.00000	5722.12800
8.54783	0.00000	5722.12800
8.55169	0.00000	5739.53600
8.55574	0.00000	5739.53600
8.55982	0.00000	5739.53600
8.56443	0.00000	5739.53600
8.56971	0.00000	5739.53600
8.57480	0.00000	5739.53600
8.57902	0.00000	5739.53600
8.58325	0.00000	5743.77800
8.58792	0.00000	5743.77800
8.59200	0.00000	5743.77800
8.59590	0.00000	5743.77800
8.59982	0.00000	5743.77800
8.60369	0.00000	5743.77800
8.60755	0.00000	5743.77800
8.61142	0.00000	5737.41500
8.61536	0.00000	5737.41500
8.61935	0.00000	5737.41500
8.62323	0.00000	5737.41500
8.62709	0.00000	5737.41500
8.63096	0.00000	5737.41500
8.63491	0.00000	5737.41500
8.63880	0.00000	5741.65700
8.64265	0.00000	5741.65700
8.64652	0.00000	5741.65700
8.65043	0.00000	5741.65700
8.65429	0.00000	5741.65700
8.65815	0.00000	5741.65700
8.66203	0.00000	5741.65700
8.66588	0.00000	5741.65700
8.66975	0.00000	5736.90800
8.67360	0.00000	5736.90800
8.67744	0.00000	5736.90800
8.68130	0.00000	5736.90800
8.68518	0.00000	5736.90800
8.68903	0.00000	5736.90800
8.69289	0.00000	5736.90800
8.69675	0.00000	5737.41500
8.70070	0.00000	5737.41500
8.70459	0.00000	5737.41500
8.70847	0.00000	5737.41500
8.71232	0.00000	5737.41500
8.71620	0.00000	5737.41500
8.72008	0.00000	5737.41500
8.72395	0.00000	5726.35100
8.72779	0.00000	5726.35100
8.73164	0.00000	5726.35100
8.73553	0.00000	5726.35100
8.73939	0.00000	5726.35100
8.74323	0.00000	5726.35100
8.74709	0.00000	5726.35100
8.75104	0.00000	5726.35100
8.75492	0.00000	5735.29400
8.75878	0.00000	5735.29400
8.76264	0.00000	5735.29400
8.76656	0.00000	5735.29400
8.77043	0.00000	5735.29400
8.77430	0.00000	5735.29400
8.77815	0.00000	5735.29400
8.78200	0.00000	5756.50500
8.78589	0.00000	5756.50500
8.78976	0.00000	5756.50500
8.79360	0.00000	5756.50500
8.79745	0.00000	5756.50500
8.80133	0.00000	5756.50500
8.80520	0.00000	5756.50500
8.80905	0.00000	5756.50500
8.81291	0.00000	5739.02000
8.81676	0.00000	5739.02000
8.82062	0.00000	5739.02000
8.82448	0.00000	5739.02000
8.82834	0.00000	5739.02000
8.83220	0.00000	5739.02000
8.83605	0.00000	5739.02000
8.83990	0.00000	5722.12800
8.84375	0.00000	5722.12800
8.84759	0.00000	5722.12800
8.85145	0.00000	5722.12800
8.85530	0.00000	5722.12800
8.85915	0.00000	5722.12800
8.86302	0.00000	5722.12800
8.86687	0.00000	5722.12800
8.87072	0.00000	5751.68900
8.87457	0.00000	5751.68900
8.87842	0.00000	5751.68900
8.88227	0.00000	5751.68900
8.88611	0.00000	5751.68900
8.88996	0.00000	5751.68900
8.89382	0.00000	5751.68900
8.89766	0.00000	5741.65700
8.90148	0.00000	5741.65700
8.90532	0.00000	5741.65700
8.90917	0.00000	5741.65700
8.91302	0.00000	5741.65700
8.91686	0.00000	5741.65700
8.92071	0.00000	5741.65700
8.92455	0.00000	5741.65700
8.92840	0.00000	5732.20300
8.93225	0.00000	5732.20300
8.93610	0.00000	5732.20300
8.93996	0.00000	5732.20300
8.94381	0.00000	5732.20300
8.94766	0.00000	5732.20300
8.95153	0.00000	5732.20300
8.95537	0.00000	5733.17300
8.95922	0.00000	5733.17300
8.96306	0.00000	5733.17300
8.96690	0.00000	5733.17300
8.97077	0.00000	5733.17300
8.97462	0.00000	5733.17300
8.97847	0.00000	5733.17300
8.98232	0.00000	5733.17300
8.98617	0.00000	5755.91200
8.99001	0.00000	5755.91200
8.99386	0.00000	5755.91200
8.99771	0.00000	5755.91200
9.00154	0.00000	5755.91200
9.00540	0.00000	5755.91200
9.00924	0.00000	5755.91200
9.01309	0.00000	5743.77800
9.01693	0.00000	5743.77800
9.02078	0.00000	5743.77800
9.02463	0.00000	5743.77800
9.02847	0.00000	5743.77800
9.03232	0.00000	5743.77800
9.03616	0.00000	5743.77800
9.04001	0.00000	5743.77800
9.04386	0.00000	5749.57700
9.04771	0.00000	5749.57700
9.05156	0.00000	5749.57700
9.05541	0.00000	5749.57700
9.05927	0.00000	5749.57700
9.06312	0.00000	5749.57700
9.06697	0.00000	5749.57700
9.07084	0.00000	5741.65700
9.07468	0.00000	5741.65700
9.07852	0.00000	5741.65700
9.08237	0.00000	5741.65700
9.08623	0.00000	5741.65700
9.09009	0.00000	5741.65700
9.09394	0.00000	5741.65700
9.09778	0.00000	5741.65700
9.10162	0.00000	5732.20300
9.10547	0.00000	5732.20300
9.10932	0.00000	5732.20300
9.11316	0.00000	5732.20300
9.11700	0.00000	5732.20300
9.12083	0.00000	5732.20300
9.12468	0.00000	5732.20300
9.12852	0.00000	5731.05200
9.13238	0.00000	5731.05200
9.13623	0.00000	5731.05200
9.14007	0.00000	5731.05200
9.14391	0.00000	5731.05200
9.14774	0.00000	5731.05200
9.15157	0.00000	5731.05200
9.15541	0.00000	5731.05200
9.15925	0.00000	5755.91200
9.16309	0.00000	5755.91200
9.16694	0.00000	5755.91200
9.17079	0.00000	5755.91200
9.17463	0.00000	5755.91200
9.17847	0.00000	5755.91200
9.18232	0.00000	5755.91200
9.18616	0.00000	5717.90500
9.19000	0.00000	5717.90500
9.19383	0.00000	5717.90500
9.19768	0.00000	5717.90500
9.20148	0.00000	5717.90500
9.20533	0.00000	5717.90500
9.20917	0.00000	5717.90500
9.21303	0.00000	5717.90500
9.21688	0.00000	5749.57700
9.22073	0.00000	5749.57700
9.22457	0.00000	5749.57700
9.22842	0.00000	5749.57700
9.23228	0.00000	5749.57700
9.23613	0.00000	5749.57700
9.23998	0.00000	5749.57700
9.24383	0.00000	5739.53600
9.24770	0.00000	5739.53600
9.25154	0.00000	5739.53600
9.25538	0.00000	5739.53600
9.25923	0.00000	5739.53600
9.26307	0.00000	5739.53600
9.26691	0.00000	5739.53600
9.27076	0.00000	5739.53600
9.27463	0.00000	5730.10100
9.27848	0.00000	5730.10100
9.28232	0.00000	5730.10100
9.28617	0.00000	5730.10100
9.29003	0.00000	5730.10100
9.29388	0.00000	5730.10100
9.29772	0.00000	5730.10100
9.30156	0.00000	5739.53600
9.30541	0.00000	5739.53600
9.30928	0.00000	5739.53600
9.31316	0.00000	5739.53600
9.31704	0.00000	5739.53600
9.32090	0.00000	5739.53600
9.32475	0.00000	5739.53600
9.32860	0.00000	5739.53600
9.33245	0.00000	5741.13200
9.33630	0.00000	5741.13200
9.34016	0.00000	5741.13200
9.34401	0.00000	5741.13200
9.34786	0.00000	5741.13200
9.35172	0.00000	5741.13200
9.35556	0.00000	5741.13200
9.35942	0.00000	5748.02000
9.36327	0.00000	5748.02000
9.36714	0.00000	5748.02000
9.37101	0.00000	5748.02000
9.37485	0.00000	5748.02000
9.37869	0.00000	5748.02000
9.38254	0.00000	5748.02000
9.38643	0.00000	5748.02000
9.39034	0.00000	5730.57400
9.39425	0.00000	5730.57400
9.39816	0.00000	5730.57400
9.40213	0.00000	5730.57400
9.40601	0.00000	5730.57400
9.40986	0.00000	5730.57400
9.41372	0.00000	5730.57400
9.41761	0.00000	5739.53600
9.42145	0.00000	5739.53600
9.42530	0.00000	5739.53600
9.42916	0.00000	5739.53600
9.43302	0.00000	5739.53600
9.43687	0.00000	5739.53600
9.44072	0.00000	5739.53600
9.44456	0.00000	5748.02000
9.44839	0.00000	5748.02000
9.45223	0.00000	5748.02000
9.45607	0.00000	5748.02000
9.45990	0.00000	5748.02000
9.46375	0.00000	5748.02000
9.46759	0.00000	5748.02000
9.47144	0.00000	5748.02000
9.47528	0.00000	5739.02000
9.47913	0.00000	5739.02000
9.48298	0.00000	5739.02000
9.48685	0.00000	5739.02000
9.49073	0.00000	5739.02000
9.49460	0.00000	5739.02000
9.49847	0.00000	5739.02000
9.50234	0.00000	5741.65700
9.50624	0.00000	5741.65700
9.51009	0.00000	5741.65700
9.51425	0.00000	5741.65700
9.51822	0.00000	5741.65700
9.52214	0.00000	5741.65700
9.52635	0.00000	5741.65700
9.53034	0.00000	5741.65700
9.53497	0.00000	5743.24300
9.54213	0.00000	5743.24300
9.54630	0.00000	5743.24300
9.55028	0.00000	5743.24300
9.55450	0.00000	5743.24300
9.55862	0.00000	5743.24300
9.56262	0.00000	5749.14400
9.56657	0.00000	5749.14400
9.57049	0.00000	5749.14400
9.57442	0.00000	5749.14400
9.57880	0.00000	5749.14400
9.58321	0.00000	5749.14400
9.58766	0.00000	5749.14400
9.59163	0.00000	5748.57900
9.59557	0.00000	5748.57900
9.59944	0.00000	5748.57900
9.60329	0.00000	5748.57900
9.60715	0.00000	5748.57900
9.61099	0.00000	5748.57900
9.61484	0.00000	5748.57900
9.61867	0.00000	5737.41500
9.62250	0.00000	5737.41500
9.62632	0.00000	5737.41500
9.63013	0.00000	5737.41500
9.63397	0.00000	5737.41500
9.63780	0.00000	5737.41500
9.64161	0.00000	5737.41500
9.64543	0.00000	5728.93100
9.64924	0.00000	5728.93100
9.65307	0.00000	5728.93100
9.65690	0.00000	5728.93100
9.66073	0.00000	5728.93100
9.66455	0.00000	5728.93100
9.66839	0.00000	5728.93100
9.67220	0.00000	5728.93100
9.67603	0.00000	5767.11000
9.67986	0.00000	5767.11000
9.68376	0.00000	5767.11000
9.68761	0.00000	5767.11000
9.69147	0.00000	5767.11000
9.69531	0.00000	5767.11000
9.69914	0.00000	5767.11000
9.70297	0.00000	5737.41500
9.70677	0.00000	5737.41500
9.71059	0.00000	5737.41500
9.71441	0.00000	5737.41500
9.71823	0.00000	5737.41500
9.72205	0.00000	5737.41500
9.72587	0.00000	5737.41500
9.72970	0.00000	5737.41500
9.73354	0.00000	5750.14100
9.73736	0.00000	5750.14100
9.74120	0.00000	5750.14100
9.74501	0.00000	5750.14100
9.74884	0.00000	5750.14100
9.75267	0.00000	5750.14100
9.75649	0.00000	5750.14100
9.76032	0.00000	5750.14100
9.76413	0.00000	5739.02000
9.76796	0.00000	5739.02000
9.77177	0.00000	5739.02000
9.77559	0.00000	5739.02000
9.77942	0.00000	5739.02000
9.78326	0.00000	5739.02000
9.78709	0.00000	5739.02000
9.79091	0.00000	5745.89900
9.79474	0.00000	5745.89900
9.79856	0.00000	5745.89900
9.80238	0.00000	5745.89900
9.80620	0.00000	5745.89900
9.81002	0.00000	5745.89900
9.81385	0.00000	5745.89900
9.81769	0.00000	5745.89900
9.82148	0.00000	5727.99900
9.82529	0.00000	5727.99900
9.82912	0.00000	5727.99900
9.83301	0.00000	5727.99900
9.83725	0.00000	5727.99900
9.84138	0.00000	5727.99900
9.84523	0.00000	5727.99900
9.84907	0.00000	5741.65700
9.85292	0.00000	5741.65700
9.85675	0.00000	5741.65700
9.86059	0.00000	5741.65700
9.86448	0.00000	5741.65700
9.86832	0.00000	5741.65700
9.87216	0.00000	5741.65700
9.87598	0.00000	5748.02000
9.87979	0.00000	5748.02000
9.88365	0.00000	5748.02000
9.88749	0.00000	5748.02000
9.89132	0.00000	5748.02000
9.89523	0.00000	5748.02000
9.89911	0.00000	5748.02000
9.90294	0.00000	5748.02000
9.90679	0.00000	5752.26200
9.91063	0.00000	5752.26200
9.91449	0.00000	5752.26200
9.91838	0.00000	5752.26200
9.92224	0.00000	5752.26200
9.92611	0.00000	5752.26200
9.92997	0.00000	5752.26200
9.93383	0.00000	5711.57100
9.93775	0.00000	5711.57100
9.94161	0.00000	5711.57100
9.94545	0.00000	5711.57100
9.94931	0.00000	5711.57100
9.95315	0.00000	5711.57100
9.95699	0.00000	5711.57100
9.96082	0.00000	5711.57100
9.96466	0.00000	5751.68900
9.96849	0.00000	5751.68900
9.97236	0.00000	5751.68900
9.97622	0.00000	5751.68900
9.98007	0.00000	5751.68900
9.98392	0.00000	5751.68900
9.98776	0.00000	5751.68900
9.99184	0.00000	5743.77800
9.99579	0.00000	5743.77800
9.99966	0.00000	5743.77800
