Time (s)   Thrust (N)   RPM
0.00031	0.00000	5030.04800
0.00421	0.00000	5030.04800
0.00806	0.00000	5030.04800
0.01190	0.00000	5030.04800
0.01574	0.00000	5026.04100
0.01958	0.00000	5026.04100
0.02342	0.00000	5026.04100
0.02731	0.00000	5026.04100
0.03116	0.00000	5026.04100
0.03498	0.00000	5026.04100
0.03882	0.00000	4991.41500
0.04266	0.00000	4991.41500
0.04649	0.00000	4991.41500
0.05033	0.00000	4991.41500
0.05416	0.00000	4991.41500
0.05799	0.00000	4991.41500
0.06182	0.00000	4962.46500
0.06566	0.00000	4962.46500
0.06949	0.00000	4962.46500
0.07334	0.00000	4962.46500
0.07720	0.00000	4962.46500
0.08103	0.00000	4962.46500
0.08486	0.00000	4939.08900
0.08870	0.00000	4939.08900
0.09253	0.00000	4939.08900
0.09636	0.00000	4939.08900
0.10019	0.00000	4939.08900
0.10402	0.00000	4939.08900
0.10785	0.00000	4867.58500
0.11168	0.00000	4867.58500
0.11552	0.00000	4867.58500
0.11935	0.00000	4867.58500
0.12318	0.00000	4867.58500
0.12702	0.00000	4867.58500
0.13085	0.00000	4864.28500
0.13468	0.00000	4864.28500
0.13851	0.00000	4864.28500
0.14235	0.00000	4864.28500
0.14617	0.00000	4864.28500
0.15000	0.00000	4864.28500
0.15383	0.00000	4824.89200
0.15766	0.00000	4824.89200
0.16149	0.00000	4824.89200
0.16532	0.00000	4824.89200
0.16914	0.00000	4824.89200
0.17298	0.00000	4824.89200
0.17681	0.00000	4800.64700
0.18064	0.00000	4800.64700
0.18449	0.00000	4800.64700
0.18833	0.00000	4800.64700
0.19217	0.00000	4800.64700
0.19601	0.00000	4800.64700
0.19984	0.00000	4790.46200
0.20368	0.00000	4790.46200
0.20751	0.00000	4790.46200
0.21135	0.00000	4790.46200
0.21518	0.00000	4790.46200
0.21902	0.00000	4790.46200
0.22286	0.00000	4785.61000
0.22669	0.00000	4785.61000
0.23054	0.00000	4785.61000
0.23436	0.00000	4785.61000
0.23820	0.00000	4785.61000
0.24203	0.00000	4785.61000
0.24587	0.00000	4766.53300
0.24970	0.00000	4766.53300
0.25354	0.00000	4766.53300
0.25738	0.00000	4766.53300
0.26121	0.00000	4766.53300
0.26505	0.00000	4758.77200
0.26889	0.00000	4758.77200
0.27274	0.00000	4758.77200
0.27658	0.00000	4758.77200
0.28043	0.00000	4758.77200
0.28431	0.00000	4758.77200
0.28815	0.00000	4750.54800
0.29201	0.00000	4750.54800
0.29585	0.00000	4750.54800
0.29969	0.00000	4750.54800
0.30353	0.00000	4750.54800
0.30737	0.00000	4750.54800
0.31121	0.00000	4753.28900
0.31505	0.00000	4753.28900
0.31889	0.00000	4753.28900
0.32272	0.00000	4753.28900
0.32656	0.00000	4753.28900
0.33039	0.00000	4753.28900
0.33422	0.00000	4742.32400
0.33805	0.00000	4742.32400
0.34189	0.00000	4742.32400
0.34573	0.00000	4742.32400
0.34956	0.00000	4742.32400
0.35340	0.00000	4742.32400
0.35724	0.00000	4734.10000
0.36107	0.00000	4734.10000
0.36491	0.00000	4734.10000
0.36875	0.00000	4734.10000
0.37258	0.00000	4734.10000
0.37641	0.00000	4754.06800
0.38027	0.00000	4754.06800
0.38410	0.00000	4754.06800
0.38795	0.00000	4754.06800
0.39178	0.00000	4754.06800
0.39562	0.00000	4754.06800
0.39946	0.00000	4745.40400
0.40331	0.00000	4745.40400
0.40713	0.00000	4745.40400
0.41096	0.00000	4745.40400
0.41480	0.00000	4745.40400
0.41864	0.00000	4745.40400
0.42247	0.00000	4739.88900
0.42630	0.00000	4739.88900
0.43014	0.00000	4739.88900
0.43398	0.00000	4739.88900
0.43782	0.00000	4739.88900
0.44164	0.00000	4739.88900
0.44547	0.00000	4742.64700
0.44930	0.00000	4742.64700
0.45315	0.00000	4742.64700
0.45698	0.00000	4742.64700
0.46081	0.00000	4742.64700
0.46465	0.00000	4734.65200
0.46847	0.00000	4734.65200
0.47230	0.00000	4734.65200
0.47614	0.00000	4734.65200
0.47997	0.00000	4734.65200
0.48380	0.00000	4734.65200
0.48763	0.00000	4740.19900
0.49149	0.00000	4740.19900
0.49532	0.00000	4740.19900
0.49916	0.00000	4740.19900
0.50299	0.00000	4740.19900
0.50683	0.00000	4740.19900
0.51066	0.00000	4726.10300
0.51450	0.00000	4726.10300
0.51834	0.00000	4726.10300
0.52219	0.00000	4726.10300
0.52602	0.00000	4726.10300
0.52988	0.00000	4726.10300
0.53374	0.00000	4762.38900
0.53759	0.00000	4762.38900
0.54143	0.00000	4762.38900
0.54526	0.00000	4762.38900
0.54911	0.00000	4762.38900
0.55294	0.00000	4762.38900
0.55677	0.00000	4742.97300
0.56061	0.00000	4742.97300
0.56445	0.00000	4742.97300
0.56828	0.00000	4742.97300
0.57212	0.00000	4742.97300
0.57596	0.00000	4742.97300
0.57980	0.00000	4742.97300
0.58363	0.00000	4742.97300
0.58746	0.00000	4742.97300
0.59130	0.00000	4742.97300
0.59513	0.00000	4742.97300
0.59897	0.00000	4734.37500
0.60280	0.00000	4734.37500
0.60664	0.00000	4734.37500
0.61047	0.00000	4734.37500
0.61431	0.00000	4734.37500
0.61815	0.00000	4734.37500
0.62199	0.00000	4706.68800
0.62581	0.00000	4706.68800
0.62965	0.00000	4706.68800
0.63349	0.00000	4706.68800
0.63732	0.00000	4706.68800
0.64115	0.00000	4706.68800
0.64498	0.00000	4726.10300
0.64880	0.00000	4726.10300
0.65264	0.00000	4726.10300
0.65647	0.00000	4726.10300
0.66030	0.00000	4726.10300
0.66414	0.00000	4729.10500
0.66797	0.00000	4729.10500
0.67180	0.00000	4729.10500
0.67563	0.00000	4729.10500
0.67947	0.00000	4729.10500
0.68330	0.00000	4729.10500
0.68713	0.00000	4742.97300
0.69097	0.00000	4742.97300
0.69480	0.00000	4742.97300
0.69864	0.00000	4742.97300
0.70247	0.00000	4742.97300
0.70632	0.00000	4742.97300
0.71016	0.00000	4720.58800
0.71399	0.00000	4720.58800
0.71783	0.00000	4720.58800
0.72168	0.00000	4720.58800
0.72552	0.00000	4720.58800
0.72935	0.00000	4720.58800
0.73319	0.00000	4723.34500
0.73703	0.00000	4723.34500
0.74086	0.00000	4723.34500
0.74470	0.00000	4723.34500
0.74854	0.00000	4723.34500
0.75237	0.00000	4723.34500
0.75620	0.00000	4734.65200
0.76003	0.00000	4734.65200
0.76387	0.00000	4734.65200
0.76771	0.00000	4734.65200
0.77155	0.00000	4734.65200
0.77538	0.00000	4734.65200
0.77924	0.00000	4734.65200
0.78307	0.00000	4734.65200
0.78691	0.00000	4734.65200
0.79074	0.00000	4734.65200
0.79457	0.00000	4734.65200
0.79840	0.00000	4717.83100
0.80223	0.00000	4717.83100
0.80605	0.00000	4717.83100
0.80989	0.00000	4717.83100
0.81372	0.00000	4717.83100
0.81756	0.00000	4717.83100
0.82139	0.00000	4723.34500
0.82523	0.00000	4723.34500
0.82906	0.00000	4723.34500
0.83289	0.00000	4723.34500
0.83671	0.00000	4723.34500
0.84055	0.00000	4723.34500
0.84439	0.00000	4751.29400
0.84822	0.00000	4751.29400
0.85206	0.00000	4751.29400
0.85589	0.00000	4751.29400
0.85973	0.00000	4751.29400
0.86356	0.00000	4754.46400
0.86740	0.00000	4754.46400
0.87124	0.00000	4754.46400
0.87508	0.00000	4754.46400
0.87892	0.00000	4754.46400
0.88275	0.00000	4754.46400
0.88657	0.00000	4728.86000
0.89042	0.00000	4728.86000
0.89425	0.00000	4728.86000
0.89805	0.00000	4728.86000
0.90189	0.00000	4728.86000
0.90572	0.00000	4728.86000
0.90955	0.00000	4715.07300
0.91339	0.00000	4715.07300
0.91722	0.00000	4715.07300
0.92105	0.00000	4715.07300
0.92489	0.00000	4715.07300
0.92872	0.00000	4715.07300
0.93256	0.00000	4726.10300
0.93638	0.00000	4726.10300
0.94022	0.00000	4726.10300
0.94405	0.00000	4726.10300
0.94788	0.00000	4726.10300
0.95170	0.00000	4720.78400
0.95553	0.00000	4720.78400
0.95937	0.00000	4720.78400
0.96320	0.00000	4720.78400
0.96703	0.00000	4720.78400
0.97086	0.00000	4720.78400
0.97469	0.00000	4729.10500
0.97852	0.00000	4729.10500
0.98235	0.00000	4729.10500
0.98618	0.00000	4729.10500
0.99001	0.00000	4729.10500
0.99385	0.00000	4729.10500
0.99768	0.00000	4728.86000
1.00151	0.00000	4728.86000
1.00535	0.00000	4728.86000
1.00918	0.00000	4728.86000
1.01301	0.00000	4728.86000
1.01686	0.00000	4728.86000
1.02069	0.00000	4723.34500
1.02452	0.00000	4723.34500
1.02835	0.00000	4723.34500
1.03219	0.00000	4723.34500
1.03603	0.00000	4723.34500
1.03987	0.00000	4723.34500
1.04369	0.00000	4728.86000
1.04753	0.00000	4728.86000
1.05137	0.00000	4728.86000
1.05519	0.00000	4728.86000
1.05903	0.00000	4728.86000
1.06286	0.00000	4731.87800
1.06670	0.00000	4731.87800
1.07053	0.00000	4731.87800
1.07436	0.00000	4731.87800
1.07819	0.00000	4731.87800
1.08202	0.00000	4731.87800
1.08586	0.00000	4731.61700
1.08969	0.00000	4731.61700
1.09353	0.00000	4731.61700
1.09736	0.00000	4731.61700
1.10121	0.00000	4731.61700
1.10505	0.00000	4731.61700
1.10889	0.00000	4728.86000
1.11273	0.00000	4728.86000
1.11657	0.00000	4728.86000
1.12041	0.00000	4728.86000
1.12425	0.00000	4728.86000
1.12809	0.00000	4728.86000
1.13193	0.00000	4726.10300
1.13576	0.00000	4726.10300
1.13960	0.00000	4726.10300
1.14344	0.00000	4726.10300
1.14727	0.00000	4726.10300
1.15110	0.00000	4720.78400
1.15494	0.00000	4720.78400
1.15877	0.00000	4720.78400
1.16260	0.00000	4720.78400
1.16645	0.00000	4720.78400
1.17029	0.00000	4720.78400
1.17413	0.00000	4742.97300
1.17795	0.00000	4742.97300
1.18178	0.00000	4742.97300
1.18562	0.00000	4742.97300
1.18945	0.00000	4742.97300
1.19329	0.00000	4742.97300
1.19713	0.00000	4712.31600
1.20096	0.00000	4712.31600
1.20480	0.00000	4712.31600
1.20863	0.00000	4712.31600
1.21246	0.00000	4712.31600
1.21629	0.00000	4712.31600
1.22013	0.00000	4717.83100
1.22396	0.00000	4717.83100
1.22779	0.00000	4717.83100
1.23162	0.00000	4717.83100
1.23547	0.00000	4717.83100
1.23930	0.00000	4723.55700
1.24312	0.00000	4723.55700
1.24694	0.00000	4723.55700
1.25077	0.00000	4723.55700
1.25460	0.00000	4723.55700
1.25843	0.00000	4723.55700
1.26223	0.00000	4751.67400
1.26605	0.00000	4751.67400
1.26989	0.00000	4751.67400
1.27371	0.00000	4751.67400
1.27755	0.00000	4751.67400
1.28139	0.00000	4751.67400
1.28522	0.00000	4731.61700
1.28905	0.00000	4731.61700
1.29289	0.00000	4731.61700
1.29672	0.00000	4731.61700
1.30056	0.00000	4731.61700
1.30439	0.00000	4731.61700
1.30822	0.00000	4723.34500
1.31205	0.00000	4723.34500
1.31588	0.00000	4723.34500
1.31971	0.00000	4723.34500
1.32354	0.00000	4723.34500
1.32737	0.00000	4723.34500
1.33120	0.00000	4717.83100
1.33504	0.00000	4717.83100
1.33887	0.00000	4717.83100
1.34269	0.00000	4717.83100
1.34652	0.00000	4717.83100
1.35035	0.00000	4726.33100
1.35420	0.00000	4726.33100
1.35803	0.00000	4726.33100
1.36187	0.00000	4726.33100
1.36570	0.00000	4726.33100
1.36953	0.00000	4726.33100
1.37336	0.00000	4723.34500
1.37719	0.00000	4723.34500
1.38103	0.00000	4723.34500
1.38486	0.00000	4723.34500
1.38870	0.00000	4723.34500
1.39254	0.00000	4723.34500
1.39636	0.00000	4720.58800
1.40019	0.00000	4720.58800
1.40402	0.00000	4720.58800
1.40786	0.00000	4720.58800
1.41169	0.00000	4720.58800
1.41552	0.00000	4720.58800
1.41936	0.00000	4723.34500
1.42318	0.00000	4723.34500
1.42702	0.00000	4723.34500
1.43085	0.00000	4723.34500
1.43467	0.00000	4723.34500
1.43850	0.00000	4746.09400
1.44233	0.00000	4746.09400
1.44616	0.00000	4746.09400
1.44999	0.00000	4746.09400
1.45382	0.00000	4746.09400
1.45765	0.00000	4746.09400
1.46147	0.00000	4731.87800
1.46530	0.00000	4731.87800
1.46913	0.00000	4731.87800
1.47296	0.00000	4731.87800
1.47678	0.00000	4731.87800
1.48062	0.00000	4731.87800
1.48444	0.00000	4726.10300
1.48827	0.00000	4726.10300
1.49210	0.00000	4726.10300
1.49594	0.00000	4726.10300
1.49977	0.00000	4726.10300
1.50360	0.00000	4726.10300
1.50744	0.00000	4723.34500
1.51128	0.00000	4723.34500
1.51510	0.00000	4723.34500
1.51893	0.00000	4723.34500
1.52277	0.00000	4723.34500
1.52660	0.00000	4723.34500
1.53043	0.00000	4748.52000
1.53430	0.00000	4748.52000
1.53815	0.00000	4748.52000
1.54199	0.00000	4748.52000
1.54582	0.00000	4748.52000
1.54965	0.00000	4743.30300
1.55350	0.00000	4743.30300
1.55734	0.00000	4743.30300
1.56117	0.00000	4743.30300
1.56500	0.00000	4743.30300
1.56883	0.00000	4743.30300
1.57266	0.00000	4759.61500
1.57649	0.00000	4759.61500
1.58032	0.00000	4759.61500
1.58416	0.00000	4759.61500
1.58799	0.00000	4759.61500
1.59182	0.00000	4759.61500
1.59568	0.00000	4745.74700
1.59952	0.00000	4745.74700
1.60336	0.00000	4745.74700
1.60721	0.00000	4745.74700
1.61105	0.00000	4745.74700
1.61489	0.00000	4745.74700
1.61872	0.00000	4731.61700
1.62256	0.00000	4731.61700
1.62640	0.00000	4731.61700
1.63023	0.00000	4731.61700
1.63405	0.00000	4731.61700
1.63788	0.00000	4726.33100
1.64173	0.00000	4726.33100
1.64556	0.00000	4726.33100
1.64939	0.00000	4726.33100
1.65322	0.00000	4726.33100
1.65705	0.00000	4726.33100
1.66089	0.00000	4715.07300
1.66471	0.00000	4715.07300
1.66855	0.00000	4715.07300
1.67238	0.00000	4715.07300
1.67622	0.00000	4715.07300
1.68006	0.00000	4715.07300
1.68388	0.00000	4712.31600
1.68771	0.00000	4712.31600
1.69154	0.00000	4712.31600
1.69538	0.00000	4712.31600
1.69921	0.00000	4712.31600
1.70304	0.00000	4712.31600
1.70687	0.00000	4726.10300
1.71070	0.00000	4726.10300
1.71453	0.00000	4726.10300
1.71836	0.00000	4726.10300
1.72220	0.00000	4726.10300
1.72604	0.00000	4723.55700
1.72988	0.00000	4723.55700
1.73371	0.00000	4723.55700
1.73754	0.00000	4723.55700
1.74138	0.00000	4723.55700
1.74520	0.00000	4723.55700
1.74903	0.00000	4748.88400
1.75288	0.00000	4748.88400
1.75672	0.00000	4748.88400
1.76055	0.00000	4748.88400
1.76438	0.00000	4748.88400
1.76822	0.00000	4748.88400
1.77205	0.00000	4720.58800
1.77588	0.00000	4720.58800
1.77972	0.00000	4720.58800
1.78355	0.00000	4720.58800
1.78738	0.00000	4720.58800
1.79122	0.00000	4720.58800
1.79505	0.00000	4726.10300
1.79888	0.00000	4726.10300
1.80271	0.00000	4726.10300
1.80655	0.00000	4726.10300
1.81038	0.00000	4726.10300
1.81423	0.00000	4726.10300
1.81805	0.00000	4737.42600
1.82189	0.00000	4737.42600
1.82573	0.00000	4737.42600
1.82956	0.00000	4737.42600
1.83339	0.00000	4737.42600
1.83722	0.00000	4718.01000
1.84106	0.00000	4718.01000
1.84490	0.00000	4718.01000
1.84873	0.00000	4718.01000
1.85256	0.00000	4718.01000
1.85639	0.00000	4718.01000
1.86022	0.00000	4740.19900
1.86406	0.00000	4740.19900
1.86790	0.00000	4740.19900
1.87173	0.00000	4740.19900
1.87556	0.00000	4740.19900
1.87940	0.00000	4740.19900
1.88323	0.00000	4740.19900
1.88708	0.00000	4740.19900
1.89090	0.00000	4740.19900
1.89473	0.00000	4740.19900
1.89856	0.00000	4740.19900
1.90240	0.00000	4740.19900
1.90623	0.00000	4734.65200
1.91005	0.00000	4734.65200
1.91388	0.00000	4734.65200
1.91770	0.00000	4734.65200
1.92153	0.00000	4734.65200
1.92536	0.00000	4729.35200
1.92920	0.00000	4729.35200
1.93304	0.00000	4729.35200
1.93686	0.00000	4729.35200
1.94069	0.00000	4729.35200
1.94453	0.00000	4729.35200
1.94836	0.00000	4712.31600
1.95218	0.00000	4712.31600
1.95602	0.00000	4712.31600
1.95985	0.00000	4712.31600
1.96369	0.00000	4712.31600
1.96752	0.00000	4712.31600
1.97135	0.00000	4729.10500
1.97517	0.00000	4729.10500
1.97900	0.00000	4729.10500
1.98283	0.00000	4729.10500
1.98667	0.00000	4729.10500
1.99050	0.00000	4729.10500
1.99433	0.00000	4731.87800
1.99817	0.00000	4731.87800
2.00200	0.00000	4731.87800
2.00583	0.00000	4731.87800
2.00967	0.00000	4731.87800
2.01351	0.00000	4737.72300
2.01735	0.00000	4737.72300
2.02119	0.00000	4737.72300
2.02502	0.00000	4737.72300
2.02885	0.00000	4737.72300
2.03269	0.00000	4737.72300
2.03653	0.00000	4726.33100
2.04036	0.00000	4726.33100
2.04419	0.00000	4726.33100
2.04801	0.00000	4726.33100
2.05185	0.00000	4726.33100
2.05567	0.00000	4726.33100
2.05950	0.00000	4715.23700
2.06333	0.00000	4715.23700
2.06716	0.00000	4715.23700
2.07101	0.00000	4715.23700
2.07483	0.00000	4715.23700
2.07868	0.00000	4715.23700
2.08251	0.00000	4745.74700
2.08634	0.00000	4745.74700
2.09017	0.00000	4745.74700
2.09400	0.00000	4745.74700
2.09783	0.00000	4745.74700
2.10166	0.00000	4690.27400
2.10550	0.00000	4690.27400
2.10933	0.00000	4690.27400
2.11316	0.00000	4690.27400
2.11700	0.00000	4690.27400
2.12083	0.00000	4690.27400
2.12466	0.00000	4704.14200
2.12850	0.00000	4704.14200
2.13233	0.00000	4704.14200
2.13615	0.00000	4704.14200
2.13998	0.00000	4704.14200
2.14381	0.00000	4704.14200
2.14765	0.00000	4709.55900
2.15149	0.00000	4709.55900
2.15532	0.00000	4709.55900
2.15915	0.00000	4709.55900
2.16298	0.00000	4709.55900
2.16681	0.00000	4709.55900
2.17065	0.00000	4712.31600
2.17449	0.00000	4712.31600
2.17832	0.00000	4712.31600
2.18216	0.00000	4712.31600
2.18601	0.00000	4712.31600
2.18984	0.00000	4732.14200
2.19366	0.00000	4732.14200
2.19749	0.00000	4732.14200
2.20132	0.00000	4732.14200
2.20516	0.00000	4732.14200
2.20899	0.00000	4732.14200
2.21282	0.00000	4709.68900
2.21666	0.00000	4709.68900
2.22050	0.00000	4709.68900
2.22433	0.00000	4709.68900
2.22816	0.00000	4709.68900
2.23199	0.00000	4709.68900
2.23583	0.00000	4729.10500
2.23966	0.00000	4729.10500
2.24350	0.00000	4729.10500
2.24733	0.00000	4729.10500
2.25116	0.00000	4729.10500
2.25500	0.00000	4729.10500
2.25882	0.00000	4726.33100
2.26265	0.00000	4726.33100
2.26649	0.00000	4726.33100
2.27032	0.00000	4726.33100
2.27415	0.00000	4726.33100
2.27798	0.00000	4726.33100
2.28180	0.00000	4720.78400
2.28563	0.00000	4720.78400
2.28946	0.00000	4720.78400
2.29330	0.00000	4720.78400
2.29713	0.00000	4720.78400
2.30096	0.00000	4734.93300
2.30480	0.00000	4734.93300
2.30863	0.00000	4734.93300
2.31247	0.00000	4734.93300
2.31631	0.00000	4734.93300
2.32014	0.00000	4734.93300
2.32397	0.00000	4737.42600
2.32780	0.00000	4737.42600
2.33163	0.00000	4737.42600
2.33546	0.00000	4737.42600
2.33929	0.00000	4737.42600
2.34313	0.00000	4737.42600
2.34697	0.00000	4729.10500
2.35081	0.00000	4729.10500
2.35464	0.00000	4729.10500
2.35847	0.00000	4729.10500
2.36231	0.00000	4729.10500
2.36614	0.00000	4729.10500
2.36997	0.00000	4712.46300
2.37380	0.00000	4712.46300
2.37762	0.00000	4712.46300
2.38146	0.00000	4712.46300
2.38529	0.00000	4712.46300
2.38913	0.00000	4720.98200
2.39297	0.00000	4720.98200
2.39679	0.00000	4720.98200
2.40063	0.00000	4720.98200
2.40446	0.00000	4720.98200
2.40830	0.00000	4720.98200
2.41214	0.00000	4723.55700
2.41597	0.00000	4723.55700
2.41980	0.00000	4723.55700
2.42362	0.00000	4723.55700
2.42746	0.00000	4723.55700
2.43128	0.00000	4723.55700
2.43512	0.00000	4718.01000
2.43895	0.00000	4718.01000
2.44278	0.00000	4718.01000
2.44661	0.00000	4718.01000
2.45044	0.00000	4718.01000
2.45427	0.00000	4718.01000
2.45805	0.00000	4706.91500
2.46188	0.00000	4706.91500
2.46570	0.00000	4706.91500
2.46954	0.00000	4706.91500
2.47338	0.00000	4706.91500
2.47721	0.00000	4732.14200
2.48105	0.00000	4732.14200
2.48488	0.00000	4732.14200
2.48872	0.00000	4732.14200
2.49255	0.00000	4732.14200
2.49639	0.00000	4732.14200
2.50022	0.00000	4720.78400
2.50405	0.00000	4720.78400
2.50788	0.00000	4720.78400
2.51172	0.00000	4720.78400
2.51556	0.00000	4720.78400
2.51939	0.00000	4720.78400
2.52322	0.00000	4723.55700
2.52705	0.00000	4723.55700
2.53088	0.00000	4723.55700
2.53475	0.00000	4723.55700
2.53860	0.00000	4723.55700
2.54244	0.00000	4723.55700
2.54627	0.00000	4709.68900
2.55005	0.00000	4709.68900
2.55388	0.00000	4709.68900
2.55772	0.00000	4709.68900
2.56156	0.00000	4709.68900
2.56538	0.00000	4740.51300
2.56924	0.00000	4740.51300
2.57306	0.00000	4740.51300
2.57690	0.00000	4740.51300
2.58073	0.00000	4740.51300
2.58457	0.00000	4740.51300
2.58840	0.00000	4729.10500
2.59223	0.00000	4729.10500
2.59608	0.00000	4729.10500
2.60001	0.00000	4729.10500
2.60389	0.00000	4729.10500
2.60774	0.00000	4729.10500
2.61158	0.00000	4693.01400
2.61542	0.00000	4693.01400
2.61925	0.00000	4693.01400
2.62309	0.00000	4693.01400
2.62692	0.00000	4693.01400
2.63075	0.00000	4693.01400
2.63458	0.00000	4718.01000
2.63841	0.00000	4718.01000
2.64223	0.00000	4718.01000
2.64605	0.00000	4718.01000
2.64989	0.00000	4718.01000
2.65372	0.00000	4698.59400
2.65755	0.00000	4698.59400
2.66139	0.00000	4698.59400
2.66521	0.00000	4698.59400
2.66905	0.00000	4698.59400
2.67289	0.00000	4698.59400
2.67673	0.00000	4720.78400
2.68057	0.00000	4720.78400
2.68440	0.00000	4720.78400
2.68823	0.00000	4720.78400
2.69206	0.00000	4720.78400
2.69589	0.00000	4720.78400
2.69972	0.00000	4729.10500
2.70356	0.00000	4729.10500
2.70739	0.00000	4729.10500
2.71122	0.00000	4729.10500
2.71506	0.00000	4729.10500
2.71890	0.00000	4729.10500
2.72273	0.00000	4720.78400
2.72656	0.00000	4720.78400
2.73039	0.00000	4720.78400
2.73422	0.00000	4720.78400
2.73805	0.00000	4720.78400
2.74189	0.00000	4729.35200
2.74573	0.00000	4729.35200
2.74957	0.00000	4729.35200
2.75340	0.00000	4729.35200
2.75723	0.00000	4729.35200
2.76106	0.00000	4729.35200
2.76491	0.00000	4693.01400
2.76873	0.00000	4693.01400
2.77257	0.00000	4693.01400
2.77640	0.00000	4693.01400
2.78025	0.00000	4693.01400
2.78407	0.00000	4693.01400
2.78792	0.00000	4734.65200
2.79176	0.00000	4734.65200
2.79558	0.00000	4734.65200
2.79942	0.00000	4734.65200
2.80326	0.00000	4734.65200
2.80710	0.00000	4734.65200
2.81093	0.00000	4715.23700
2.81476	0.00000	4715.23700
2.81858	0.00000	4715.23700
2.82241	0.00000	4715.23700
2.82625	0.00000	4715.23700
2.83005	0.00000	4715.40200
2.83388	0.00000	4715.40200
2.83771	0.00000	4715.40200
2.84153	0.00000	4715.40200
2.84536	0.00000	4715.40200
2.84919	0.00000	4715.40200
2.85303	0.00000	4718.01000
2.85687	0.00000	4718.01000
2.86070	0.00000	4718.01000
2.86453	0.00000	4718.01000
2.86836	0.00000	4718.01000
2.87219	0.00000	4718.01000
2.87603	0.00000	4706.91500
2.87986	0.00000	4706.91500
2.88369	0.00000	4706.91500
2.88753	0.00000	4706.91500
2.89136	0.00000	4706.91500
2.89519	0.00000	4706.91500
2.89902	0.00000	4695.77200
2.90286	0.00000	4695.77200
2.90668	0.00000	4695.77200
2.91052	0.00000	4695.77200
2.91435	0.00000	4695.77200
2.91819	0.00000	4729.35200
2.92204	0.00000	4729.35200
2.92588	0.00000	4729.35200
2.92972	0.00000	4729.35200
2.93355	0.00000	4729.35200
2.93737	0.00000	4729.35200
2.94120	0.00000	4715.23700
2.94504	0.00000	4715.23700
2.94887	0.00000	4715.23700
2.95269	0.00000	4715.23700
2.95653	0.00000	4715.23700
2.96036	0.00000	4715.23700
2.96420	0.00000	4715.23700
2.96803	0.00000	4715.23700
2.97186	0.00000	4715.23700
2.97569	0.00000	4715.23700
2.97953	0.00000	4715.23700
2.98335	0.00000	4715.23700
2.98718	0.00000	4720.78400
2.99101	0.00000	4720.78400
2.99485	0.00000	4720.78400
2.99868	0.00000	4720.78400
3.00251	0.00000	4720.78400
3.00634	0.00000	4720.98200
3.01020	0.00000	4720.98200
3.01403	0.00000	4720.98200
3.01787	0.00000	4720.98200
3.02171	0.00000	4720.98200
3.02554	0.00000	4720.98200
3.02937	0.00000	4712.46300
3.03320	0.00000	4712.46300
3.03703	0.00000	4712.46300
3.04086	0.00000	4712.46300
3.04470	0.00000	4712.46300
3.04852	0.00000	4712.46300
3.05235	0.00000	4720.78400
3.05617	0.00000	4720.78400
3.06001	0.00000	4720.78400
3.06383	0.00000	4720.78400
3.06767	0.00000	4720.78400
3.07150	0.00000	4720.78400
3.07533	0.00000	4731.87800
3.07916	0.00000	4731.87800
3.08298	0.00000	4731.87800
3.08682	0.00000	4731.87800
3.09065	0.00000	4731.87800
3.09448	0.00000	4718.19200
3.09830	0.00000	4718.19200
3.10213	0.00000	4718.19200
3.10595	0.00000	4718.19200
3.10979	0.00000	4718.19200
3.11361	0.00000	4718.19200
3.11745	0.00000	4704.14200
3.12127	0.00000	4704.14200
3.12511	0.00000	4704.14200
3.12895	0.00000	4704.14200
3.13278	0.00000	4704.14200
3.13662	0.00000	4704.14200
3.14045	0.00000	4712.46300
3.14428	0.00000	4712.46300
3.14811	0.00000	4712.46300
3.15194	0.00000	4712.46300
3.15577	0.00000	4712.46300
3.15961	0.00000	4712.46300
3.16343	0.00000	4693.01400
3.16727	0.00000	4693.01400
3.17110	0.00000	4693.01400
3.17493	0.00000	4693.01400
3.17876	0.00000	4693.01400
3.18259	0.00000	4712.61200
3.18643	0.00000	4712.61200
3.19027	0.00000	4712.61200
3.19405	0.00000	4712.61200
3.19789	0.00000	4712.61200
3.20171	0.00000	4712.61200
3.20554	0.00000	4706.91500
3.20937	0.00000	4706.91500
3.21320	0.00000	4706.91500
3.21703	0.00000	4706.91500
3.22086	0.00000	4706.91500
3.22470	0.00000	4706.91500
3.22854	0.00000	4709.68900
3.23237	0.00000	4709.68900
3.23620	0.00000	4709.68900
3.24004	0.00000	4709.68900
3.24389	0.00000	4709.68900
3.24773	0.00000	4709.68900
3.25155	0.00000	4718.01000
3.25538	0.00000	4718.01000
3.25921	0.00000	4718.01000
3.26305	0.00000	4718.01000
3.26688	0.00000	4718.01000
3.27071	0.00000	4687.50000
3.27455	0.00000	4687.50000
3.27839	0.00000	4687.50000
3.28222	0.00000	4687.50000
3.28605	0.00000	4687.50000
3.28988	0.00000	4687.50000
3.29370	0.00000	4715.40200
3.29753	0.00000	4715.40200
3.30137	0.00000	4715.40200
3.30520	0.00000	4715.40200
3.30904	0.00000	4715.40200
3.31287	0.00000	4715.40200
3.31670	0.00000	4723.55700
3.32053	0.00000	4723.55700
3.32437	0.00000	4723.55700
3.32820	0.00000	4723.55700
3.33203	0.00000	4723.55700
3.33587	0.00000	4723.55700
3.33971	0.00000	4690.25700
3.34354	0.00000	4690.25700
3.34737	0.00000	4690.25700
3.35120	0.00000	4690.25700
3.35504	0.00000	4690.25700
3.35887	0.00000	4712.61200
3.36269	0.00000	4712.61200
3.36653	0.00000	4712.61200
3.37036	0.00000	4712.61200
3.37420	0.00000	4712.61200
3.37803	0.00000	4712.61200
3.38186	0.00000	4729.35200
3.38569	0.00000	4729.35200
3.38951	0.00000	4729.35200
3.39333	0.00000	4729.35200
3.39718	0.00000	4729.35200
3.40100	0.00000	4729.35200
3.40484	0.00000	4709.68900
3.40868	0.00000	4709.68900
3.41251	0.00000	4709.68900
3.41633	0.00000	4709.68900
3.42017	0.00000	4709.68900
3.42399	0.00000	4709.68900
3.42782	0.00000	4706.91500
3.43165	0.00000	4706.91500
3.43549	0.00000	4706.91500
3.43932	0.00000	4706.91500
3.44315	0.00000	4706.91500
3.44698	0.00000	4712.61200
3.45081	0.00000	4712.61200
3.45465	0.00000	4712.61200
3.45847	0.00000	4712.61200
3.46230	0.00000	4712.61200
3.46614	0.00000	4712.61200
3.46996	0.00000	4734.93300
3.47380	0.00000	4734.93300
3.47763	0.00000	4734.93300
3.48146	0.00000	4734.93300
3.48529	0.00000	4734.93300
3.48912	0.00000	4734.93300
3.49296	0.00000	4718.01000
3.49679	0.00000	4718.01000
3.50062	0.00000	4718.01000
3.50445	0.00000	4718.01000
3.50827	0.00000	4718.01000
3.51211	0.00000	4718.01000
3.51595	0.00000	4712.46300
3.51979	0.00000	4712.46300
3.52362	0.00000	4712.46300
3.52746	0.00000	4712.46300
3.53130	0.00000	4712.46300
3.53516	0.00000	4718.19200
3.53901	0.00000	4718.19200
3.54284	0.00000	4718.19200
3.54667	0.00000	4718.19200
3.55051	0.00000	4718.19200
3.55435	0.00000	4718.19200
3.55818	0.00000	4704.14200
3.56202	0.00000	4704.14200
3.56585	0.00000	4704.14200
3.56968	0.00000	4704.14200
3.57351	0.00000	4704.14200
3.57734	0.00000	4704.14200
3.58117	0.00000	4701.36800
3.58500	0.00000	4701.36800
3.58883	0.00000	4701.36800
3.59267	0.00000	4701.36800
3.59650	0.00000	4701.36800
3.60032	0.00000	4701.36800
3.60416	0.00000	4720.78400
3.60801	0.00000	4720.78400
3.61184	0.00000	4720.78400
3.61567	0.00000	4720.78400
3.61950	0.00000	4720.78400
3.62334	0.00000	4726.56200
3.62718	0.00000	4726.56200
3.63102	0.00000	4726.56200
3.63485	0.00000	4726.56200
3.63870	0.00000	4726.56200
3.64252	0.00000	4726.56200
3.64635	0.00000	4718.01000
3.65018	0.00000	4718.01000
3.65401	0.00000	4718.01000
3.65785	0.00000	4718.01000
3.66168	0.00000	4718.01000
3.66551	0.00000	4718.01000
3.66935	0.00000	4698.52900
3.67318	0.00000	4698.52900
3.67701	0.00000	4698.52900
3.68085	0.00000	4698.52900
3.68467	0.00000	4698.52900
3.68851	0.00000	4698.52900
3.69235	0.00000	4720.78400
3.69619	0.00000	4720.78400
3.70002	0.00000	4720.78400
3.70385	0.00000	4720.78400
3.70768	0.00000	4720.78400
3.71151	0.00000	4712.61200
3.71534	0.00000	4712.61200
3.71917	0.00000	4712.61200
3.72300	0.00000	4712.61200
3.72684	0.00000	4712.61200
3.73067	0.00000	4712.61200
3.73451	0.00000	4712.46300
3.73833	0.00000	4712.46300
3.74216	0.00000	4712.46300
3.74600	0.00000	4712.46300
3.74984	0.00000	4712.46300
3.75369	0.00000	4712.46300
3.75752	0.00000	4704.04400
3.76136	0.00000	4704.04400
3.76520	0.00000	4704.04400
3.76904	0.00000	4704.04400
3.77288	0.00000	4704.04400
3.77671	0.00000	4704.04400
3.78055	0.00000	4734.65200
3.78438	0.00000	4734.65200
3.78822	0.00000	4734.65200
3.79206	0.00000	4734.65200
3.79590	0.00000	4734.65200
3.79972	0.00000	4715.40200
3.80357	0.00000	4715.40200
3.80740	0.00000	4715.40200
3.81123	0.00000	4715.40200
3.81506	0.00000	4715.40200
3.81889	0.00000	4715.40200
3.82272	0.00000	4715.23700
3.82655	0.00000	4715.23700
3.83038	0.00000	4715.23700
3.83421	0.00000	4715.23700
3.83805	0.00000	4715.23700
3.84188	0.00000	4715.23700
3.84572	0.00000	4729.10500
3.84954	0.00000	4729.10500
3.85339	0.00000	4729.10500
3.85722	0.00000	4729.10500
3.86105	0.00000	4729.10500
3.86488	0.00000	4729.10500
3.86871	0.00000	4695.77200
3.87255	0.00000	4695.77200
3.87638	0.00000	4695.77200
3.88023	0.00000	4695.77200
3.88406	0.00000	4695.77200
3.88791	0.00000	4720.98200
3.89176	0.00000	4720.98200
3.89559	0.00000	4720.98200
3.89942	0.00000	4720.98200
3.90324	0.00000	4720.98200
3.90708	0.00000	4720.98200
3.91091	0.00000	4720.78400
3.91475	0.00000	4720.78400
3.91858	0.00000	4720.78400
3.92241	0.00000	4720.78400
3.92624	0.00000	4720.78400
3.93005	0.00000	4720.78400
3.93388	0.00000	4712.31600
3.93771	0.00000	4712.31600
3.94156	0.00000	4712.31600
3.94538	0.00000	4712.31600
3.94921	0.00000	4712.31600
3.95305	0.00000	4712.31600
3.95688	0.00000	4734.65200
3.96072	0.00000	4734.65200
3.96455	0.00000	4734.65200
3.96838	0.00000	4734.65200
3.97220	0.00000	4734.65200
3.97603	0.00000	4715.40200
3.97988	0.00000	4715.40200
3.98372	0.00000	4715.40200
3.98754	0.00000	4715.40200
3.99137	0.00000	4715.40200
3.99519	0.00000	4715.40200
3.99902	0.00000	4704.14200
4.00285	0.00000	4704.14200
4.00668	0.00000	4704.14200
4.01051	0.00000	4704.14200
4.01434	0.00000	4704.14200
4.01818	0.00000	4704.14200
4.02201	0.00000	4706.80200
4.02585	0.00000	4706.80200
4.02969	0.00000	4706.80200
4.03353	0.00000	4706.80200
4.03736	0.00000	4706.80200
4.04120	0.00000	4706.80200
4.04503	0.00000	4717.83100
4.04887	0.00000	4717.83100
4.05270	0.00000	4717.83100
4.05653	0.00000	4717.83100
4.06035	0.00000	4717.83100
4.06419	0.00000	4704.14200
4.06801	0.00000	4704.14200
4.07184	0.00000	4704.14200
4.07567	0.00000	4704.14200
4.07950	0.00000	4704.14200
4.08333	0.00000	4704.14200
4.08716	0.00000	4701.36800
4.09100	0.00000	4701.36800
4.09484	0.00000	4701.36800
4.09867	0.00000	4701.36800
4.10249	0.00000	4701.36800
4.10633	0.00000	4701.36800
4.11016	0.00000	4731.87800
4.11399	0.00000	4731.87800
4.11782	0.00000	4731.87800
4.12166	0.00000	4731.87800
4.12549	0.00000	4731.87800
4.12932	0.00000	4731.87800
4.13316	0.00000	4731.87800
4.13699	0.00000	4731.87800
4.14083	0.00000	4731.87800
4.14466	0.00000	4731.87800
4.14848	0.00000	4731.87800
4.15232	0.00000	4731.87800
4.15614	0.00000	4726.56200
4.15997	0.00000	4726.56200
4.16379	0.00000	4726.56200
4.16762	0.00000	4726.56200
4.17145	0.00000	4726.56200
4.17528	0.00000	4726.56200
4.17911	0.00000	4726.56200
4.18295	0.00000	4726.56200
4.18678	0.00000	4726.56200
4.19060	0.00000	4726.56200
4.19443	0.00000	4726.56200
4.19827	0.00000	4709.55900
4.20211	0.00000	4709.55900
4.20594	0.00000	4709.55900
4.20977	0.00000	4709.55900
4.21360	0.00000	4709.55900
4.21743	0.00000	4709.55900
4.22127	0.00000	4701.28600
4.22511	0.00000	4701.28600
4.22895	0.00000	4701.28600
4.23278	0.00000	4701.28600
4.23662	0.00000	4701.28600
4.24045	0.00000	4701.28600
4.24428	0.00000	4720.78400
4.24812	0.00000	4720.78400
4.25195	0.00000	4720.78400
4.25579	0.00000	4720.78400
4.25962	0.00000	4720.78400
4.26346	0.00000	4709.68900
4.26731	0.00000	4709.68900
4.27114	0.00000	4709.68900
4.27497	0.00000	4709.68900
4.27881	0.00000	4709.68900
4.28264	0.00000	4709.68900
4.28648	0.00000	4698.52900
4.29031	0.00000	4698.52900
4.29414	0.00000	4698.52900
4.29797	0.00000	4698.52900
4.30180	0.00000	4698.52900
4.30563	0.00000	4698.52900
4.30947	0.00000	4731.87800
4.31329	0.00000	4731.87800
4.31712	0.00000	4731.87800
4.32096	0.00000	4731.87800
4.32481	0.00000	4731.87800
4.32865	0.00000	4731.87800
4.33248	0.00000	4723.55700
4.33632	0.00000	4723.55700
4.34015	0.00000	4723.55700
4.34398	0.00000	4723.55700
4.34782	0.00000	4723.55700
4.35166	0.00000	4704.14200
4.35550	0.00000	4704.14200
4.35935	0.00000	4704.14200
4.36317	0.00000	4704.14200
4.36701	0.00000	4704.14200
4.37084	0.00000	4704.14200
4.37468	0.00000	4737.42600
4.37851	0.00000	4737.42600
4.38235	0.00000	4737.42600
4.38619	0.00000	4737.42600
4.39002	0.00000	4737.42600
4.39385	0.00000	4737.42600
4.39770	0.00000	4737.42600
4.40154	0.00000	4737.42600
4.40538	0.00000	4737.42600
4.40921	0.00000	4737.42600
4.41304	0.00000	4737.42600
4.41688	0.00000	4737.42600
4.42071	0.00000	4734.65200
4.42454	0.00000	4734.65200
4.42837	0.00000	4734.65200
4.43220	0.00000	4734.65200
4.43603	0.00000	4734.65200
4.43987	0.00000	4698.59400
4.44371	0.00000	4698.59400
4.44754	0.00000	4698.59400
4.45138	0.00000	4698.59400
4.45521	0.00000	4698.59400
4.45904	0.00000	4698.59400
4.46288	0.00000	4712.46300
4.46672	0.00000	4712.46300
4.47055	0.00000	4712.46300
4.47438	0.00000	4712.46300
4.47822	0.00000	4712.46300
4.48205	0.00000	4712.46300
4.48588	0.00000	4706.80200
4.48972	0.00000	4706.80200
4.49355	0.00000	4706.80200
4.49738	0.00000	4706.80200
4.50123	0.00000	4706.80200
4.50507	0.00000	4706.80200
4.50889	0.00000	4706.80200
4.51272	0.00000	4706.80200
4.51656	0.00000	4706.80200
4.52040	0.00000	4706.80200
4.52423	0.00000	4706.80200
4.52807	0.00000	4709.68900
4.53194	0.00000	4709.68900
4.53578	0.00000	4709.68900
4.53962	0.00000	4709.68900
4.54345	0.00000	4709.68900
4.54729	0.00000	4709.68900
4.55112	0.00000	4729.10500
4.55495	0.00000	4729.10500
4.55878	0.00000	4729.10500
4.56262	0.00000	4729.10500
4.56645	0.00000	4729.10500
4.57029	0.00000	4729.10500
4.57413	0.00000	4737.42600
4.57796	0.00000	4737.42600
4.58180	0.00000	4737.42600
4.58564	0.00000	4737.42600
4.58947	0.00000	4737.42600
4.59331	0.00000	4737.42600
4.59714	0.00000	4709.55900
4.60097	0.00000	4709.55900
4.60479	0.00000	4709.55900
4.60862	0.00000	4709.55900
4.61244	0.00000	4709.55900
4.61627	0.00000	4706.91500
4.62012	0.00000	4706.91500
4.62395	0.00000	4706.91500
4.62778	0.00000	4706.91500
4.63161	0.00000	4706.91500
4.63544	0.00000	4706.91500
4.63927	0.00000	4729.10500
4.64311	0.00000	4729.10500
4.64694	0.00000	4729.10500
4.65076	0.00000	4729.10500
4.65460	0.00000	4729.10500
4.65843	0.00000	4729.10500
4.66223	0.00000	4737.42600
4.66605	0.00000	4737.42600
4.66990	0.00000	4737.42600
4.67373	0.00000	4737.42600
4.67757	0.00000	4737.42600
4.68141	0.00000	4737.42600
4.68523	0.00000	4751.29400
4.68907	0.00000	4751.29400
4.69290	0.00000	4751.29400
4.69673	0.00000	4751.29400
4.70056	0.00000	4751.29400
4.70440	0.00000	4751.29400
4.70822	0.00000	4720.78400
4.71205	0.00000	4720.78400
4.71588	0.00000	4720.78400
4.71971	0.00000	4720.78400
4.72356	0.00000	4720.78400
4.72739	0.00000	4706.91500
4.73122	0.00000	4706.91500
4.73506	0.00000	4706.91500
4.73891	0.00000	4706.91500
4.74274	0.00000	4706.91500
4.74657	0.00000	4706.91500
4.75040	0.00000	4731.87800
4.75424	0.00000	4731.87800
4.75805	0.00000	4731.87800
4.76189	0.00000	4731.87800
4.76572	0.00000	4731.87800
4.76955	0.00000	4731.87800
4.77339	0.00000	4742.97300
4.77722	0.00000	4742.97300
4.78104	0.00000	4742.97300
4.78487	0.00000	4742.97300
4.78870	0.00000	4742.97300
4.79254	0.00000	4742.97300
4.79637	0.00000	4723.55700
4.80019	0.00000	4723.55700
4.80401	0.00000	4723.55700
4.80785	0.00000	4723.55700
4.81167	0.00000	4723.55700
4.81550	0.00000	4715.23700
4.81934	0.00000	4715.23700
4.82318	0.00000	4715.23700
4.82701	0.00000	4715.23700
4.83084	0.00000	4715.23700
4.83468	0.00000	4715.23700
4.83851	0.00000	4701.28600
4.84235	0.00000	4701.28600
4.84618	0.00000	4701.28600
4.85001	0.00000	4701.28600
4.85385	0.00000	4701.28600
4.85768	0.00000	4701.28600
4.86151	0.00000	4731.87800
4.86535	0.00000	4731.87800
4.86918	0.00000	4731.87800
4.87301	0.00000	4731.87800
4.87685	0.00000	4731.87800
4.88068	0.00000	4731.87800
4.88453	0.00000	4729.10500
4.88837	0.00000	4729.10500
4.89219	0.00000	4729.10500
4.89603	0.00000	4729.10500
4.89985	0.00000	4729.10500
4.90369	0.00000	4698.59400
4.90754	0.00000	4698.59400
4.91137	0.00000	4698.59400
4.91520	0.00000	4698.59400
4.91905	0.00000	4698.59400
4.92288	0.00000	4698.59400
4.92672	0.00000	4720.58800
4.93056	0.00000	4720.58800
4.93439	0.00000	4720.58800
4.93822	0.00000	4720.58800
4.94205	0.00000	4720.58800
4.94589	0.00000	4720.58800
4.94972	0.00000	4712.31600
4.95354	0.00000	4712.31600
4.95738	0.00000	4712.31600
4.96121	0.00000	4712.31600
4.96504	0.00000	4712.31600
4.96888	0.00000	4712.31600
4.97271	0.00000	4731.87800
4.97653	0.00000	4731.87800
4.98037	0.00000	4731.87800
4.98420	0.00000	4731.87800
4.98803	0.00000	4731.87800
4.99186	0.00000	4737.72300
4.99571	0.00000	4737.72300
4.99954	0.00000	4737.72300
5.00389	0.00000	4737.72300
5.00777	0.00000	4737.72300
5.01163	0.00000	4737.72300
5.01547	0.00000	4734.65200
5.01932	0.00000	4734.65200
5.02316	0.00000	4734.65200
5.02700	0.00000	4734.65200
5.03084	0.00000	4734.65200
5.03473	0.00000	4734.65200
5.03859	0.00000	4736.84200
5.04244	0.00000	4736.84200
5.04629	0.00000	4736.84200
5.05013	0.00000	4736.84200
5.05398	0.00000	4736.84200
5.05782	0.00000	4736.84200
5.06165	0.00000	4808.72800
5.06549	0.00000	4808.72800
5.06933	0.00000	4808.72800
5.07318	0.00000	4808.72800
5.07701	0.00000	4808.72800
5.08085	0.00000	4808.72800
5.08469	0.00000	4879.26100
5.08852	0.00000	4879.26100
5.09235	0.00000	4879.26100
5.09618	0.00000	4879.26100
5.10002	0.00000	4879.26100
5.10385	0.00000	4879.26100
5.10768	0.00000	4940.30900
5.11152	0.00000	4940.30900
5.11535	0.00000	4940.30900
5.11918	0.00000	4940.30900
5.12303	0.00000	4940.30900
5.12686	0.00000	4940.30900
5.13069	0.00000	4979.16600
5.13452	0.00000	4979.16600
5.13836	0.00000	4979.16600
5.14220	0.00000	4979.16600
5.14603	0.00000	4979.16600
5.14988	0.00000	4979.16600
5.15372	0.00000	5004.29200
5.15756	0.00000	5004.29200
5.16140	0.00000	5004.29200
5.16523	0.00000	5004.29200
5.16907	0.00000	5004.29200
5.17291	0.00000	5004.29200
5.17675	0.00000	5033.29900
5.18060	0.00000	5033.29900
5.18443	0.00000	5033.29900
5.18828	0.00000	5033.29900
5.19211	0.00000	5033.29900
5.19596	0.00000	5033.29900
5.19979	0.00000	5064.53800
5.20365	0.00000	5064.53800
5.20748	0.00000	5064.53800
5.21132	0.00000	5064.53800
5.21516	0.00000	5064.53800
5.21900	0.00000	5064.53800
5.22284	0.00000	5064.53800
5.22668	0.00000	5065.52400
5.23052	0.00000	5065.52400
5.23437	0.00000	5065.52400
5.23820	0.00000	5065.52400
5.24205	0.00000	5065.52400
5.24589	0.00000	5065.52400
5.24973	0.00000	5113.17500
5.25356	0.00000	5113.17500
5.25740	0.00000	5113.17500
5.26123	0.00000	5113.17500
5.26508	0.00000	5113.17500
5.26892	0.00000	5113.17500
5.27277	0.00000	5135.97900
5.27662	0.00000	5135.97900
5.28045	0.00000	5135.97900
5.28429	0.00000	5135.97900
5.28815	0.00000	5135.97900
5.29199	0.00000	5135.97900
5.29582	0.00000	5135.97900
5.29966	0.00000	5121.15600
5.30350	0.00000	5121.15600
5.30734	0.00000	5121.15600
5.31117	0.00000	5121.15600
5.31501	0.00000	5121.15600
5.31885	0.00000	5121.15600
5.32268	0.00000	5106.11600
5.32653	0.00000	5106.11600
5.33037	0.00000	5106.11600
5.33421	0.00000	5106.11600
5.33805	0.00000	5106.11600
5.34189	0.00000	5106.11600
5.34572	0.00000	5138.60900
5.34957	0.00000	5138.60900
5.35342	0.00000	5138.60900
5.35725	0.00000	5138.60900
5.36109	0.00000	5138.60900
5.36493	0.00000	5138.60900
5.36876	0.00000	5138.60900
5.37262	0.00000	5126.33000
5.37646	0.00000	5126.33000
5.38030	0.00000	5126.33000
5.38414	0.00000	5126.33000
5.38798	0.00000	5126.33000
5.39182	0.00000	5126.33000
5.39566	0.00000	5133.69000
5.39949	0.00000	5133.69000
5.40334	0.00000	5133.69000
5.40717	0.00000	5133.69000
5.41101	0.00000	5133.69000
5.41485	0.00000	5133.69000
5.41870	0.00000	5133.69000
5.42253	0.00000	5133.69000
5.42638	0.00000	5133.69000
5.43021	0.00000	5133.69000
5.43405	0.00000	5133.69000
5.43790	0.00000	5133.69000
5.44174	0.00000	5133.69000
5.44558	0.00000	5158.75600
5.44942	0.00000	5158.75600
5.45326	0.00000	5158.75600
5.45712	0.00000	5158.75600
5.46096	0.00000	5158.75600
5.46480	0.00000	5158.75600
5.46864	0.00000	5143.71600
5.47247	0.00000	5143.71600
5.47632	0.00000	5143.71600
5.48015	0.00000	5143.71600
5.48400	0.00000	5143.71600
5.48783	0.00000	5143.71600
5.49166	0.00000	5146.22300
5.49550	0.00000	5146.22300
5.49934	0.00000	5146.22300
5.50318	0.00000	5146.22300
5.50702	0.00000	5146.22300
5.51085	0.00000	5146.22300
5.51468	0.00000	5146.22300
5.51852	0.00000	5131.31600
5.52236	0.00000	5131.31600
5.52620	0.00000	5131.31600
5.53006	0.00000	5131.31600
5.53393	0.00000	5131.31600
5.53779	0.00000	5131.31600
5.54164	0.00000	5158.75600
5.54550	0.00000	5158.75600
5.54935	0.00000	5158.75600
5.55319	0.00000	5158.75600
5.55702	0.00000	5158.75600
5.56087	0.00000	5158.75600
5.56471	0.00000	5158.75600
5.56856	0.00000	5148.76900
5.57241	0.00000	5148.76900
5.57624	0.00000	5148.76900
5.58008	0.00000	5148.76900
5.58392	0.00000	5148.76900
5.58777	0.00000	5148.76900
5.59161	0.00000	5133.80900
5.59549	0.00000	5133.80900
5.59933	0.00000	5133.80900
5.60319	0.00000	5133.80900
5.60703	0.00000	5133.80900
5.61088	0.00000	5133.80900
5.61473	0.00000	5161.26300
5.61859	0.00000	5161.26300
5.62243	0.00000	5161.26300
5.62628	0.00000	5161.26300
5.63013	0.00000	5161.26300
5.63398	0.00000	5161.26300
5.63781	0.00000	5161.26300
5.64164	0.00000	5166.22300
5.64549	0.00000	5166.22300
5.64933	0.00000	5166.22300
5.65319	0.00000	5166.22300
5.65703	0.00000	5166.22300
5.66089	0.00000	5166.22300
5.66473	0.00000	5163.77000
5.66857	0.00000	5163.77000
5.67241	0.00000	5163.77000
5.67625	0.00000	5163.77000
5.68007	0.00000	5163.77000
5.68391	0.00000	5163.77000
5.68774	0.00000	5163.77000
5.69160	0.00000	5163.77000
5.69544	0.00000	5163.77000
5.69928	0.00000	5163.77000
5.70312	0.00000	5163.77000
5.70697	0.00000	5163.77000
5.71082	0.00000	5163.77000
5.71466	0.00000	5168.71700
5.71850	0.00000	5168.71700
5.72235	0.00000	5168.71700
5.72622	0.00000	5168.71700
5.73005	0.00000	5168.71700
5.73389	0.00000	5168.71700
5.73773	0.00000	5168.78300
5.74158	0.00000	5168.78300
5.74541	0.00000	5168.78300
5.74925	0.00000	5168.78300
5.75309	0.00000	5168.78300
5.75693	0.00000	5168.78300
5.76078	0.00000	5148.76900
5.76460	0.00000	5148.76900
5.76844	0.00000	5148.76900
5.77227	0.00000	5148.76900
5.77612	0.00000	5148.76900
5.77996	0.00000	5148.76900
5.78380	0.00000	5148.76900
5.78764	0.00000	5148.76900
5.79147	0.00000	5148.76900
5.79532	0.00000	5148.76900
5.79915	0.00000	5148.76900
5.80298	0.00000	5148.76900
5.80682	0.00000	5148.76900
5.81067	0.00000	5143.78300
5.81451	0.00000	5143.78300
5.81835	0.00000	5143.78300
5.82219	0.00000	5143.78300
5.82603	0.00000	5143.78300
5.82988	0.00000	5143.78300
5.83372	0.00000	5143.78300
5.83755	0.00000	5143.84900
5.84138	0.00000	5143.84900
5.84523	0.00000	5143.84900
5.84907	0.00000	5143.84900
5.85291	0.00000	5143.84900
5.85675	0.00000	5143.84900
5.86059	0.00000	5141.29000
5.86442	0.00000	5141.29000
5.86825	0.00000	5141.29000
5.87208	0.00000	5141.29000
5.87592	0.00000	5141.29000
5.87975	0.00000	5141.29000
5.88358	0.00000	5141.29000
5.88741	0.00000	5141.29000
5.89126	0.00000	5141.29000
5.89510	0.00000	5141.29000
5.89894	0.00000	5141.29000
5.90277	0.00000	5141.29000
5.90662	0.00000	5141.29000
5.91045	0.00000	5131.44800
5.91429	0.00000	5131.44800
5.91813	0.00000	5131.44800
5.92198	0.00000	5131.44800
5.92581	0.00000	5131.44800
5.92966	0.00000	5131.44800
5.93349	0.00000	5138.79600
5.93734	0.00000	5138.79600
5.94119	0.00000	5138.79600
5.94503	0.00000	5138.79600
5.94887	0.00000	5138.79600
5.95270	0.00000	5138.79600
5.95654	0.00000	5138.79600
5.96037	0.00000	5153.75600
5.96422	0.00000	5153.75600
5.96805	0.00000	5153.75600
5.97190	0.00000	5153.75600
5.97573	0.00000	5153.75600
5.97956	0.00000	5153.75600
5.98341	0.00000	5168.78300
5.98724	0.00000	5168.78300
5.99108	0.00000	5168.78300
5.99491	0.00000	5168.78300
5.99874	0.00000	5168.78300
6.00259	0.00000	5168.78300
6.00643	0.00000	5168.78300
6.01027	0.00000	5168.78300
6.01411	0.00000	5168.78300
6.01795	0.00000	5168.78300
6.02179	0.00000	5168.78300
6.02563	0.00000	5168.78300
6.02947	0.00000	5168.78300
6.03331	0.00000	5173.70300
6.03714	0.00000	5173.70300
6.04097	0.00000	5173.70300
6.04481	0.00000	5173.70300
6.04865	0.00000	5173.70300
6.05249	0.00000	5173.70300
6.05634	0.00000	5168.78300
6.06018	0.00000	5168.78300
6.06402	0.00000	5168.78300
6.06786	0.00000	5168.78300
6.07169	0.00000	5168.78300
6.07552	0.00000	5168.78300
6.07936	0.00000	5168.78300
6.08319	0.00000	5168.78300
6.08703	0.00000	5168.78300
6.09087	0.00000	5168.78300
6.09470	0.00000	5168.78300
6.09854	0.00000	5168.78300
6.10239	0.00000	5168.78300
6.10625	0.00000	5151.26300
6.11005	0.00000	5151.26300
6.11389	0.00000	5151.26300
6.11772	0.00000	5151.26300
6.12154	0.00000	5151.26300
6.12538	0.00000	5151.26300
6.12923	0.00000	5141.29000
6.13306	0.00000	5141.29000
6.13691	0.00000	5141.29000
6.14077	0.00000	5141.29000
6.14460	0.00000	5141.29000
6.14843	0.00000	5141.29000
6.15227	0.00000	5141.29000
6.15610	0.00000	5136.40800
6.15996	0.00000	5136.40800
6.16381	0.00000	5136.40800
6.16765	0.00000	5136.40800
6.17149	0.00000	5136.40800
6.17532	0.00000	5136.40800
6.17916	0.00000	5143.78300
6.18299	0.00000	5143.78300
6.18683	0.00000	5143.78300
6.19067	0.00000	5143.78300
6.19452	0.00000	5143.78300
6.19836	0.00000	5143.78300
6.20221	0.00000	5141.29000
6.20604	0.00000	5141.29000
6.20989	0.00000	5141.29000
6.21373	0.00000	5141.29000
6.21756	0.00000	5141.29000
6.22139	0.00000	5141.29000
6.22525	0.00000	5141.29000
6.22908	0.00000	5143.84900
6.23292	0.00000	5143.84900
6.23677	0.00000	5143.84900
6.24061	0.00000	5143.84900
6.24444	0.00000	5143.84900
6.24830	0.00000	5143.84900
6.25214	0.00000	5138.79600
6.25597	0.00000	5138.79600
6.25981	0.00000	5138.79600
6.26366	0.00000	5138.79600
6.26750	0.00000	5138.79600
6.27134	0.00000	5138.79600
6.27517	0.00000	5143.78300
6.27900	0.00000	5143.78300
6.28284	0.00000	5143.78300
6.28668	0.00000	5143.78300
6.29053	0.00000	5143.78300
6.29438	0.00000	5143.78300
6.29822	0.00000	5143.78300
6.30205	0.00000	5148.76900
6.30588	0.00000	5148.76900
6.30974	0.00000	5148.76900
6.31357	0.00000	5148.76900
6.31741	0.00000	5148.76900
6.32124	0.00000	5148.76900
6.32508	0.00000	5176.30300
6.32893	0.00000	5176.30300
6.33276	0.00000	5176.30300
6.33660	0.00000	5176.30300
6.34047	0.00000	5176.30300
6.34430	0.00000	5176.30300
6.34814	0.00000	5176.30300
6.35197	0.00000	5168.71700
6.35580	0.00000	5168.71700
6.35963	0.00000	5168.71700
6.36348	0.00000	5168.71700
6.36732	0.00000	5168.71700
6.37115	0.00000	5168.71700
6.37498	0.00000	5166.27600
6.37882	0.00000	5166.27600
6.38266	0.00000	5166.27600
6.38650	0.00000	5166.27600
6.39034	0.00000	5166.27600
6.39418	0.00000	5166.27600
6.39801	0.00000	5168.78300
6.40187	0.00000	5168.78300
6.40571	0.00000	5168.78300
6.40955	0.00000	5168.78300
6.41340	0.00000	5168.78300
6.41724	0.00000	5168.78300
6.42107	0.00000	5168.78300
6.42490	0.00000	5168.71700
6.42873	0.00000	5168.71700
6.43258	0.00000	5168.71700
6.43641	0.00000	5168.71700
6.44025	0.00000	5168.71700
6.44409	0.00000	5168.71700
6.44793	0.00000	5166.27600
6.45178	0.00000	5166.27600
6.45562	0.00000	5166.27600
6.45946	0.00000	5166.27600
6.46330	0.00000	5166.27600
6.46713	0.00000	5166.27600
6.47098	0.00000	5168.78300
6.47480	0.00000	5168.78300
6.47864	0.00000	5168.78300
6.48248	0.00000	5168.78300
6.48631	0.00000	5168.78300
6.49014	0.00000	5168.78300
6.49398	0.00000	5168.78300
6.49781	0.00000	5146.27700
6.50166	0.00000	5146.27700
6.50550	0.00000	5146.27700
6.50933	0.00000	5146.27700
6.51317	0.00000	5146.27700
6.51701	0.00000	5146.27700
6.52086	0.00000	5143.78300
6.52470	0.00000	5143.78300
6.52854	0.00000	5143.78300
6.53243	0.00000	5143.78300
6.53627	0.00000	5143.78300
6.54012	0.00000	5143.78300
6.54396	0.00000	5143.78300
6.54779	0.00000	5143.84900
6.55164	0.00000	5143.84900
6.55547	0.00000	5143.84900
6.55932	0.00000	5143.84900
6.56316	0.00000	5143.84900
6.56701	0.00000	5143.84900
6.57085	0.00000	5138.79600
6.57468	0.00000	5138.79600
6.57852	0.00000	5138.79600
6.58237	0.00000	5138.79600
6.58620	0.00000	5138.79600
6.59003	0.00000	5138.79600
6.59388	0.00000	5141.29000
6.59773	0.00000	5141.29000
6.60157	0.00000	5141.29000
6.60541	0.00000	5141.29000
6.60926	0.00000	5141.29000
6.61310	0.00000	5141.29000
6.61696	0.00000	5141.29000
6.62080	0.00000	5143.84900
6.62464	0.00000	5143.84900
6.62849	0.00000	5143.84900
6.63232	0.00000	5143.84900
6.63616	0.00000	5143.84900
6.63999	0.00000	5143.84900
6.64384	0.00000	5143.78300
6.64768	0.00000	5143.78300
6.65152	0.00000	5143.78300
6.65536	0.00000	5143.78300
6.65921	0.00000	5143.78300
6.66305	0.00000	5143.78300
6.66688	0.00000	5143.78300
6.67071	0.00000	5156.25000
6.67455	0.00000	5156.25000
6.67840	0.00000	5156.25000
6.68223	0.00000	5156.25000
6.68605	0.00000	5156.25000
6.68991	0.00000	5156.25000
6.69374	0.00000	5146.27700
6.69757	0.00000	5146.27700
6.70140	0.00000	5146.27700
6.70525	0.00000	5146.27700
6.70909	0.00000	5146.27700
6.71292	0.00000	5146.27700
6.71676	0.00000	5141.29000
6.72061	0.00000	5141.29000
6.72445	0.00000	5141.29000
6.72829	0.00000	5141.29000
6.73214	0.00000	5141.29000
6.73598	0.00000	5141.29000
6.73982	0.00000	5141.29000
6.74366	0.00000	5143.84900
6.74749	0.00000	5143.84900
6.75132	0.00000	5143.84900
6.75517	0.00000	5143.84900
6.75902	0.00000	5143.84900
6.76285	0.00000	5143.84900
6.76670	0.00000	5141.29000
6.77054	0.00000	5141.29000
6.77437	0.00000	5141.29000
6.77820	0.00000	5141.29000
6.78204	0.00000	5141.29000
6.78589	0.00000	5141.29000
6.78973	0.00000	5138.79600
6.79356	0.00000	5138.79600
6.79740	0.00000	5138.79600
6.80124	0.00000	5138.79600
6.80508	0.00000	5138.79600
6.80892	0.00000	5138.79600
6.81276	0.00000	5138.79600
6.81659	0.00000	5153.75600
6.82043	0.00000	5153.75600
6.82427	0.00000	5153.75600
6.82812	0.00000	5153.75600
6.83196	0.00000	5153.75600
6.83580	0.00000	5153.75600
6.83965	0.00000	5166.27600
6.84350	0.00000	5166.27600
6.84733	0.00000	5166.27600
6.85118	0.00000	5166.27600
6.85502	0.00000	5166.27600
6.85886	0.00000	5166.27600
6.86270	0.00000	5166.27600
6.86654	0.00000	5146.27700
6.87038	0.00000	5146.27700
6.87423	0.00000	5146.27700
6.87805	0.00000	5146.27700
6.88188	0.00000	5146.27700
6.88572	0.00000	5146.27700
6.88956	0.00000	5136.30300
6.89340	0.00000	5136.30300
6.89723	0.00000	5136.30300
6.90105	0.00000	5136.30300
6.90489	0.00000	5136.30300
6.90873	0.00000	5136.30300
6.91258	0.00000	5163.77000
6.91644	0.00000	5163.77000
6.92028	0.00000	5163.77000
6.92413	0.00000	5163.77000
6.92797	0.00000	5163.77000
6.93182	0.00000	5163.77000
6.93565	0.00000	5163.77000
6.93949	0.00000	5163.73000
6.94332	0.00000	5163.73000
6.94715	0.00000	5163.73000
6.95101	0.00000	5163.73000
6.95484	0.00000	5163.73000
6.95868	0.00000	5163.73000
6.96251	0.00000	5163.77000
6.96636	0.00000	5163.77000
6.97020	0.00000	5163.77000
6.97404	0.00000	5163.77000
6.97788	0.00000	5163.77000
6.98172	0.00000	5163.77000
6.98555	0.00000	5161.26300
6.98940	0.00000	5161.26300
6.99323	0.00000	5161.26300
6.99706	0.00000	5161.26300
7.00090	0.00000	5161.26300
7.00474	0.00000	5161.26300
7.00858	0.00000	5161.26300
7.01243	0.00000	5126.48800
7.01627	0.00000	5126.48800
7.02010	0.00000	5126.48800
7.02394	0.00000	5126.48800
7.02777	0.00000	5126.48800
7.03161	0.00000	5126.48800
7.03544	0.00000	5153.74300
7.03930	0.00000	5153.74300
7.04313	0.00000	5153.74300
7.04697	0.00000	5153.74300
7.05080	0.00000	5153.74300
7.05466	0.00000	5153.74300
7.05851	0.00000	5158.75600
7.06235	0.00000	5158.75600
7.06619	0.00000	5158.75600
7.07004	0.00000	5158.75600
7.07389	0.00000	5158.75600
7.07772	0.00000	5158.75600
7.08157	0.00000	5158.75600
7.08540	0.00000	5161.26300
7.08925	0.00000	5161.26300
7.09311	0.00000	5161.26300
7.09695	0.00000	5161.26300
7.10078	0.00000	5161.26300
7.10462	0.00000	5161.26300
7.10844	0.00000	5158.75600
7.11228	0.00000	5158.75600
7.11612	0.00000	5158.75600
7.11997	0.00000	5158.75600
7.12380	0.00000	5158.75600
7.12763	0.00000	5158.75600
7.13146	0.00000	5158.75600
7.13530	0.00000	5128.96800
7.13915	0.00000	5128.96800
7.14299	0.00000	5128.96800
7.14682	0.00000	5128.96800
7.15066	0.00000	5128.96800
7.15450	0.00000	5128.96800
7.15833	0.00000	5133.80900
7.16217	0.00000	5133.80900
7.16602	0.00000	5133.80900
7.16986	0.00000	5133.80900
7.17371	0.00000	5133.80900
7.17756	0.00000	5133.80900
7.18139	0.00000	5156.25000
7.18524	0.00000	5156.25000
7.18908	0.00000	5156.25000
7.19292	0.00000	5156.25000
7.19678	0.00000	5156.25000
7.20062	0.00000	5156.25000
7.20445	0.00000	5156.25000
7.20828	0.00000	5161.23700
7.21212	0.00000	5161.23700
7.21595	0.00000	5161.23700
7.21979	0.00000	5161.23700
7.22362	0.00000	5161.23700
7.22746	0.00000	5161.23700
7.23130	0.00000	5161.26300
7.23514	0.00000	5161.26300
7.23899	0.00000	5161.26300
7.24282	0.00000	5161.26300
7.24667	0.00000	5161.26300
7.25051	0.00000	5161.26300
7.25435	0.00000	5136.30300
7.25818	0.00000	5136.30300
7.26202	0.00000	5136.30300
7.26586	0.00000	5136.30300
7.26970	0.00000	5136.30300
7.27355	0.00000	5136.30300
7.27739	0.00000	5136.30300
7.28122	0.00000	5168.78300
7.28507	0.00000	5168.78300
7.28891	0.00000	5168.78300
7.29276	0.00000	5168.78300
7.29659	0.00000	5168.78300
7.30044	0.00000	5168.78300
7.30428	0.00000	5166.27600
7.30811	0.00000	5166.27600
7.31195	0.00000	5166.27600
7.31579	0.00000	5166.27600
7.31962	0.00000	5166.27600
7.32344	0.00000	5166.27600
7.32728	0.00000	5166.27600
7.33113	0.00000	5158.74300
7.33497	0.00000	5158.74300
7.33881	0.00000	5158.74300
7.34264	0.00000	5158.74300
7.34649	0.00000	5158.74300
7.35032	0.00000	5158.74300
7.35415	0.00000	5136.30300
7.35799	0.00000	5136.30300
7.36183	0.00000	5136.30300
7.36566	0.00000	5136.30300
7.36950	0.00000	5136.30300
7.37335	0.00000	5136.30300
7.37719	0.00000	5138.79600
7.38103	0.00000	5138.79600
7.38487	0.00000	5138.79600
7.38871	0.00000	5138.79600
7.39254	0.00000	5138.79600
7.39638	0.00000	5138.79600
7.40025	0.00000	5138.79600
7.40409	0.00000	5141.36900
7.40796	0.00000	5141.36900
7.41179	0.00000	5141.36900
7.41564	0.00000	5141.36900
7.41947	0.00000	5141.36900
7.42332	0.00000	5141.36900
7.42716	0.00000	5136.30300
7.43101	0.00000	5136.30300
7.43485	0.00000	5136.30300
7.43869	0.00000	5136.30300
7.44253	0.00000	5136.30300
7.44637	0.00000	5136.30300
7.45022	0.00000	5141.29000
7.45405	0.00000	5141.29000
7.45788	0.00000	5141.29000
7.46174	0.00000	5141.29000
7.46558	0.00000	5141.29000
7.46941	0.00000	5141.29000
7.47328	0.00000	5141.29000
7.47713	0.00000	5148.76900
7.48096	0.00000	5148.76900
7.48480	0.00000	5148.76900
7.48865	0.00000	5148.76900
7.49248	0.00000	5148.76900
7.49632	0.00000	5148.76900
7.50016	0.00000	5168.78300
7.50401	0.00000	5168.78300
7.50784	0.00000	5168.78300
7.51168	0.00000	5168.78300
7.51552	0.00000	5168.78300
7.51936	0.00000	5168.78300
7.52320	0.00000	5168.78300
7.52704	0.00000	5161.23700
7.53088	0.00000	5161.23700
7.53476	0.00000	5161.23700
7.53863	0.00000	5161.23700
7.54248	0.00000	5161.23700
7.54634	0.00000	5161.23700
7.55019	0.00000	5136.30300
7.55403	0.00000	5136.30300
7.55787	0.00000	5136.30300
7.56172	0.00000	5136.30300
7.56556	0.00000	5136.30300
7.56939	0.00000	5136.30300
7.57324	0.00000	5143.78300
7.57707	0.00000	5143.78300
7.58091	0.00000	5143.78300
7.58475	0.00000	5143.78300
7.58859	0.00000	5143.78300
7.59243	0.00000	5143.78300
7.59627	0.00000	5143.78300
7.60011	0.00000	5146.32900
7.60394	0.00000	5146.32900
7.60778	0.00000	5146.32900
7.61163	0.00000	5146.32900
7.61546	0.00000	5146.32900
7.61930	0.00000	5146.32900
7.62314	0.00000	5143.78300
7.62696	0.00000	5143.78300
7.63080	0.00000	5143.78300
7.63464	0.00000	5143.78300
7.63848	0.00000	5143.78300
7.64232	0.00000	5143.78300
7.64618	0.00000	5146.27700
7.65002	0.00000	5146.27700
7.65385	0.00000	5146.27700
7.65768	0.00000	5146.27700
7.66151	0.00000	5146.27700
7.66535	0.00000	5146.27700
7.66919	0.00000	5146.27700
7.67303	0.00000	5156.25000
7.67688	0.00000	5156.25000
7.68071	0.00000	5156.25000
7.68454	0.00000	5156.25000
7.68838	0.00000	5156.25000
7.69222	0.00000	5156.25000
7.69606	0.00000	5141.29000
7.69990	0.00000	5141.29000
7.70375	0.00000	5141.29000
7.70759	0.00000	5141.29000
7.71142	0.00000	5141.29000
7.71526	0.00000	5141.29000
7.71909	0.00000	5141.29000
7.72294	0.00000	5128.96800
7.72678	0.00000	5128.96800
7.73063	0.00000	5128.96800
7.73446	0.00000	5128.96800
7.73832	0.00000	5128.96800
7.74216	0.00000	5128.96800
7.74600	0.00000	5138.79600
7.74986	0.00000	5138.79600
7.75370	0.00000	5138.79600
7.75754	0.00000	5138.79600
7.76137	0.00000	5138.79600
7.76520	0.00000	5138.79600
7.76904	0.00000	5166.27600
7.77290	0.00000	5166.27600
7.77673	0.00000	5166.27600
7.78056	0.00000	5166.27600
7.78440	0.00000	5166.27600
7.78823	0.00000	5166.27600
7.79207	0.00000	5166.27600
7.79591	0.00000	5166.22300
7.79974	0.00000	5166.22300
7.80359	0.00000	5166.22300
7.80743	0.00000	5166.22300
7.81127	0.00000	5166.22300
7.81511	0.00000	5166.22300
7.81895	0.00000	5158.75600
7.82279	0.00000	5158.75600
7.82663	0.00000	5158.75600
7.83048	0.00000	5158.75600
7.83431	0.00000	5158.75600
7.83815	0.00000	5158.75600
7.84198	0.00000	5163.77000
7.84581	0.00000	5163.77000
7.84965	0.00000	5163.77000
7.85349	0.00000	5163.77000
7.85733	0.00000	5163.77000
7.86118	0.00000	5163.77000
7.86501	0.00000	5163.77000
7.86884	0.00000	5148.76900
7.87268	0.00000	5148.76900
7.87652	0.00000	5148.76900
7.88037	0.00000	5148.76900
7.88421	0.00000	5148.76900
7.88804	0.00000	5148.76900
7.89188	0.00000	5138.79600
7.89571	0.00000	5138.79600
7.89955	0.00000	5138.79600
7.90339	0.00000	5138.79600
7.90722	0.00000	5138.79600
7.91105	0.00000	5138.79600
7.91489	0.00000	5138.79600
7.91871	0.00000	5156.25000
7.92255	0.00000	5156.25000
7.92639	0.00000	5156.25000
7.93024	0.00000	5156.25000
7.93405	0.00000	5156.25000
7.93788	0.00000	5156.25000
7.94173	0.00000	5161.26300
7.94557	0.00000	5161.26300
7.94941	0.00000	5161.26300
7.95325	0.00000	5161.26300
7.95709	0.00000	5161.26300
7.96094	0.00000	5161.26300
7.96478	0.00000	5131.31600
7.96863	0.00000	5131.31600
7.97248	0.00000	5131.31600
7.97631	0.00000	5131.31600
7.98016	0.00000	5131.31600
7.98400	0.00000	5131.31600
7.98785	0.00000	5131.31600
7.99168	0.00000	5131.44800
7.99553	0.00000	5131.44800
7.99937	0.00000	5131.44800
8.00320	0.00000	5131.44800
8.00704	0.00000	5131.44800
8.01088	0.00000	5131.44800
8.01472	0.00000	5156.25000
8.01855	0.00000	5156.25000
8.02240	0.00000	5156.25000
8.02624	0.00000	5156.25000
8.03005	0.00000	5156.25000
8.03389	0.00000	5156.25000
8.03774	0.00000	5153.74300
8.04160	0.00000	5153.74300
8.04544	0.00000	5153.74300
8.04928	0.00000	5153.74300
8.05312	0.00000	5153.74300
8.05696	0.00000	5153.74300
8.06080	0.00000	5153.74300
8.06463	0.00000	5148.76900
8.06849	0.00000	5148.76900
8.07232	0.00000	5148.76900
8.07615	0.00000	5148.76900
8.07998	0.00000	5148.76900
8.08383	0.00000	5148.76900
8.08766	0.00000	5161.26300
8.09150	0.00000	5161.26300
8.09533	0.00000	5161.26300
8.09916	0.00000	5161.26300
8.10299	0.00000	5161.26300
8.10683	0.00000	5161.26300
8.11067	0.00000	5161.26300
8.11451	0.00000	5148.76900
8.11835	0.00000	5148.76900
8.12218	0.00000	5148.76900
8.12602	0.00000	5148.76900
8.12987	0.00000	5148.76900
8.13371	0.00000	5148.76900
8.13754	0.00000	5128.82300
8.14138	0.00000	5128.82300
8.14521	0.00000	5128.82300
8.14906	0.00000	5128.82300
8.15289	0.00000	5128.82300
8.15673	0.00000	5128.82300
8.16057	0.00000	5156.25000
8.16443	0.00000	5156.25000
8.16827	0.00000	5156.25000
8.17212	0.00000	5156.25000
8.17595	0.00000	5156.25000
8.17979	0.00000	5156.25000
8.18363	0.00000	5156.25000
8.18747	0.00000	5156.25000
8.19130	0.00000	5156.25000
8.19515	0.00000	5156.25000
8.19899	0.00000	5156.25000
8.20283	0.00000	5156.25000
8.20667	0.00000	5156.25000
8.21052	0.00000	5126.33000
8.21435	0.00000	5126.33000
8.21819	0.00000	5126.33000
8.22202	0.00000	5126.33000
8.22587	0.00000	5126.33000
8.22970	0.00000	5126.33000
8.23353	0.00000	5153.74300
8.23736	0.00000	5153.74300
8.24120	0.00000	5153.74300
8.24504	0.00000	5153.74300
8.24887	0.00000	5153.74300
8.25271	0.00000	5153.74300
8.25655	0.00000	5153.74300
8.26038	0.00000	5146.27700
8.26423	0.00000	5146.27700
8.26806	0.00000	5146.27700
8.27189	0.00000	5146.27700
8.27572	0.00000	5146.27700
8.27956	0.00000	5146.27700
8.28340	0.00000	5123.83600
8.28723	0.00000	5123.83600
8.29108	0.00000	5123.83600
8.29491	0.00000	5123.83600
8.29874	0.00000	5123.83600
8.30258	0.00000	5123.83600
8.30643	0.00000	5123.83600
8.31025	0.00000	5136.30300
8.31405	0.00000	5136.30300
8.31789	0.00000	5136.30300
8.32172	0.00000	5136.30300
8.32554	0.00000	5136.30300
8.32938	0.00000	5136.30300
8.33321	0.00000	5123.83600
8.33706	0.00000	5123.83600
8.34090	0.00000	5123.83600
8.34473	0.00000	5123.83600
8.34857	0.00000	5123.83600
8.35240	0.00000	5123.83600
8.35625	0.00000	5143.71600
8.36008	0.00000	5143.71600
8.36391	0.00000	5143.71600
8.36774	0.00000	5143.71600
8.37158	0.00000	5143.71600
8.37542	0.00000	5143.71600
8.37926	0.00000	5143.71600
8.38310	0.00000	5121.52800
8.38697	0.00000	5121.52800
8.39081	0.00000	5121.52800
8.39465	0.00000	5121.52800
8.39848	0.00000	5121.52800
8.40233	0.00000	5121.52800
8.40617	0.00000	5143.71600
8.41001	0.00000	5143.71600
8.41387	0.00000	5143.71600
8.41769	0.00000	5143.71600
8.42153	0.00000	5143.71600
8.42538	0.00000	5143.71600
8.42922	0.00000	5116.35600
8.43307	0.00000	5116.35600
8.43690	0.00000	5116.35600
8.44073	0.00000	5116.35600
8.44458	0.00000	5116.35600
8.44840	0.00000	5116.35600
8.45224	0.00000	5116.35600
8.45608	0.00000	5143.78300
8.45991	0.00000	5143.78300
8.46375	0.00000	5143.78300
8.46758	0.00000	5143.78300
8.47142	0.00000	5143.78300
8.47527	0.00000	5143.78300
8.47911	0.00000	5138.70300
8.48295	0.00000	5138.70300
8.48680	0.00000	5138.70300
8.49063	0.00000	5138.70300
8.49447	0.00000	5138.70300
8.49832	0.00000	5138.70300
8.50216	0.00000	5136.19600
8.50598	0.00000	5136.19600
8.50984	0.00000	5136.19600
8.51368	0.00000	5136.19600
8.51752	0.00000	5136.19600
8.52135	0.00000	5136.19600
8.52520	0.00000	5136.19600
8.52906	0.00000	5121.34300
8.53293	0.00000	5121.34300
8.53677	0.00000	5121.34300
8.54061	0.00000	5121.34300
8.54446	0.00000	5121.34300
8.54831	0.00000	5121.34300
8.55215	0.00000	5138.70300
8.55598	0.00000	5138.70300
8.55982	0.00000	5138.70300
8.56366	0.00000	5138.70300
8.56749	0.00000	5138.70300
8.57133	0.00000	5138.70300
8.57516	0.00000	5133.69000
8.57898	0.00000	5133.69000
8.58281	0.00000	5133.69000
8.58666	0.00000	5133.69000
8.59049	0.00000	5133.69000
8.59436	0.00000	5133.69000
8.59824	0.00000	5133.69000
8.60211	0.00000	5143.71600
8.60596	0.00000	5143.71600
8.60982	0.00000	5143.71600
8.61366	0.00000	5143.71600
8.61750	0.00000	5143.71600
8.62134	0.00000	5143.71600
8.62517	0.00000	5138.70300
8.62900	0.00000	5138.70300
8.63284	0.00000	5138.70300
8.63668	0.00000	5138.70300
8.64053	0.00000	5138.70300
8.64436	0.00000	5138.70300
8.64820	0.00000	5138.70300
8.65203	0.00000	5143.71600
8.65586	0.00000	5143.71600
8.65970	0.00000	5143.71600
8.66356	0.00000	5143.71600
8.66740	0.00000	5143.71600
8.67125	0.00000	5143.71600
8.67509	0.00000	5136.19600
8.67894	0.00000	5136.19600
8.68278	0.00000	5136.19600
8.68662	0.00000	5136.19600
8.69045	0.00000	5136.19600
8.69428	0.00000	5136.19600
8.69811	0.00000	5131.18300
8.70195	0.00000	5131.18300
8.70579	0.00000	5131.18300
8.70964	0.00000	5131.18300
8.71347	0.00000	5131.18300
8.71731	0.00000	5131.18300
8.72114	0.00000	5131.18300
8.72497	0.00000	5123.83600
8.72880	0.00000	5123.83600
8.73263	0.00000	5123.83600
8.73647	0.00000	5123.83600
8.74031	0.00000	5123.83600
8.74415	0.00000	5123.83600
8.74798	0.00000	5138.70300
8.75181	0.00000	5138.70300
8.75565	0.00000	5138.70300
8.75949	0.00000	5138.70300
8.76332	0.00000	5138.70300
8.76716	0.00000	5138.70300
8.77100	0.00000	5128.67600
8.77484	0.00000	5128.67600
8.77869	0.00000	5128.67600
8.78253	0.00000	5128.67600
8.78637	0.00000	5128.67600
8.79020	0.00000	5128.67600
8.79404	0.00000	5128.67600
8.79787	0.00000	5133.80900
8.80172	0.00000	5133.80900
8.80555	0.00000	5133.80900
8.80938	0.00000	5133.80900
8.81321	0.00000	5133.80900
8.81705	0.00000	5133.80900
8.82089	0.00000	5133.69000
8.82473	0.00000	5133.69000
8.82857	0.00000	5133.69000
8.83242	0.00000	5133.69000
8.83627	0.00000	5133.69000
8.84012	0.00000	5133.69000
8.84396	0.00000	5163.81000
8.84781	0.00000	5163.81000
8.85166	0.00000	5163.81000
8.85549	0.00000	5163.81000
8.85932	0.00000	5163.81000
8.86317	0.00000	5163.81000
8.86700	0.00000	5163.81000
8.87084	0.00000	5141.29000
8.87468	0.00000	5141.29000
8.87852	0.00000	5141.29000
8.88234	0.00000	5141.29000
8.88619	0.00000	5141.29000
8.89003	0.00000	5141.29000
8.89388	0.00000	5136.19600
8.89771	0.00000	5136.19600
8.90154	0.00000	5136.19600
8.90537	0.00000	5136.19600
8.90922	0.00000	5136.19600
8.91307	0.00000	5136.19600
8.91690	0.00000	5158.77000
8.92074	0.00000	5158.77000
8.92459	0.00000	5158.77000
8.92843	0.00000	5158.77000
8.93227	0.00000	5158.77000
8.93611	0.00000	5158.77000
8.93995	0.00000	5158.77000
8.94379	0.00000	5146.22300
8.94763	0.00000	5146.22300
8.95147	0.00000	5146.22300
8.95532	0.00000	5146.22300
8.95916	0.00000	5146.22300
8.96299	0.00000	5146.22300
8.96682	0.00000	5156.25000
8.97067	0.00000	5156.25000
8.97451	0.00000	5156.25000
8.97835	0.00000	5156.25000
8.98219	0.00000	5156.25000
8.98605	0.00000	5156.25000
8.98989	0.00000	5133.69000
8.99374	0.00000	5133.69000
8.99758	0.00000	5133.69000
9.00142	0.00000	5133.69000
9.00526	0.00000	5133.69000
9.00909	0.00000	5133.69000
9.01293	0.00000	5133.69000
9.01677	0.00000	5121.34300
9.02060	0.00000	5121.34300
9.02445	0.00000	5121.34300
9.02829	0.00000	5121.34300
9.03213	0.00000	5121.34300
9.03597	0.00000	5121.34300
9.03982	0.00000	5128.67600
9.04366	0.00000	5128.67600
9.04750	0.00000	5128.67600
9.05134	0.00000	5128.67600
9.05517	0.00000	5128.67600
9.05901	0.00000	5128.67600
9.06286	0.00000	5128.67600
9.06669	0.00000	5143.71600
9.07052	0.00000	5143.71600
9.07436	0.00000	5143.71600
9.07820	0.00000	5143.71600
9.08204	0.00000	5143.71600
9.08587	0.00000	5143.71600
9.08970	0.00000	5131.18300
9.09354	0.00000	5131.18300
9.09739	0.00000	5131.18300
9.10122	0.00000	5131.18300
9.10505	0.00000	5131.18300
9.10889	0.00000	5131.18300
9.11272	0.00000	5136.19600
9.11655	0.00000	5136.19600
9.12039	0.00000	5136.19600
9.12422	0.00000	5136.19600
9.12805	0.00000	5136.19600
9.13188	0.00000	5136.19600
9.13573	0.00000	5136.19600
9.13957	0.00000	5138.79600
9.14340	0.00000	5138.79600
9.14724	0.00000	5138.79600
9.15108	0.00000	5138.79600
9.15491	0.00000	5138.79600
9.15874	0.00000	5138.79600
9.16258	0.00000	5141.21000
9.16642	0.00000	5141.21000
9.17025	0.00000	5141.21000
9.17405	0.00000	5141.21000
9.17790	0.00000	5141.21000
9.18173	0.00000	5141.21000
9.18556	0.00000	5136.19600
9.18940	0.00000	5136.19600
9.19323	0.00000	5136.19600
9.19706	0.00000	5136.19600
9.20090	0.00000	5136.19600
9.20474	0.00000	5136.19600
9.20859	0.00000	5136.19600
9.21243	0.00000	5136.30300
9.21627	0.00000	5136.30300
9.22011	0.00000	5136.30300
9.22395	0.00000	5136.30300
9.22778	0.00000	5136.30300
9.23161	0.00000	5136.30300
9.23544	0.00000	5136.19600
9.23928	0.00000	5136.19600
9.24311	0.00000	5136.19600
9.24695	0.00000	5136.19600
9.25079	0.00000	5136.19600
9.25463	0.00000	5136.19600
9.25846	0.00000	5136.19600
9.26229	0.00000	5136.19600
9.26613	0.00000	5136.19600
9.26997	0.00000	5136.19600
9.27382	0.00000	5136.19600
9.27765	0.00000	5136.19600
9.28149	0.00000	5136.19600
9.28534	0.00000	5133.80900
9.28917	0.00000	5133.80900
9.29300	0.00000	5133.80900
9.29686	0.00000	5133.80900
9.30069	0.00000	5133.80900
9.30453	0.00000	5133.80900
9.30837	0.00000	5146.22300
9.31221	0.00000	5146.22300
9.31605	0.00000	5146.22300
9.31990	0.00000	5146.22300
9.32374	0.00000	5146.22300
9.32758	0.00000	5146.22300
9.33142	0.00000	5116.35600
9.33524	0.00000	5116.35600
9.33907	0.00000	5116.35600
9.34291	0.00000	5116.35600
9.34675	0.00000	5116.35600
9.35060	0.00000	5116.35600
9.35443	0.00000	5116.35600
9.35826	0.00000	5121.34300
9.36210	0.00000	5121.34300
9.36594	0.00000	5121.34300
9.36976	0.00000	5121.34300
9.37359	0.00000	5121.34300
9.37742	0.00000	5121.34300
9.38126	0.00000	5148.73000
9.38509	0.00000	5148.73000
9.38892	0.00000	5148.73000
9.39276	0.00000	5148.73000
9.39659	0.00000	5148.73000
9.40042	0.00000	5148.73000
9.40426	0.00000	5148.73000
9.40811	0.00000	5143.78300
9.41194	0.00000	5143.78300
9.41578	0.00000	5143.78300
9.41961	0.00000	5143.78300
9.42345	0.00000	5143.78300
9.42728	0.00000	5143.78300
9.43111	0.00000	5153.74300
9.43494	0.00000	5153.74300
9.43878	0.00000	5153.74300
9.44261	0.00000	5153.74300
9.44646	0.00000	5153.74300
9.45029	0.00000	5153.74300
9.45413	0.00000	5151.23600
9.45799	0.00000	5151.23600
9.46183	0.00000	5151.23600
9.46567	0.00000	5151.23600
9.46950	0.00000	5151.23600
9.47333	0.00000	5151.23600
9.47717	0.00000	5151.23600
9.48101	0.00000	5124.00800
9.48483	0.00000	5124.00800
9.48867	0.00000	5124.00800
9.49252	0.00000	5124.00800
9.49636	0.00000	5124.00800
9.50020	0.00000	5124.00800
9.50403	0.00000	5153.74300
9.50787	0.00000	5153.74300
9.51171	0.00000	5153.74300
9.51555	0.00000	5153.74300
9.51938	0.00000	5153.74300
9.52322	0.00000	5153.74300
9.52705	0.00000	5153.74300
9.53089	0.00000	5153.74300
9.53476	0.00000	5153.74300
9.53860	0.00000	5153.74300
9.54244	0.00000	5153.74300
9.54628	0.00000	5153.74300
9.55012	0.00000	5153.74300
9.55396	0.00000	5166.27600
9.55779	0.00000	5166.27600
9.56163	0.00000	5166.27600
9.56548	0.00000	5166.27600
9.56931	0.00000	5166.27600
9.57316	0.00000	5166.27600
9.57699	0.00000	5156.25000
9.58083	0.00000	5156.25000
9.58466	0.00000	5156.25000
9.58850	0.00000	5156.25000
9.59234	0.00000	5156.25000
9.59620	0.00000	5156.25000
9.60005	0.00000	5156.25000
9.60389	0.00000	5141.29000
9.60772	0.00000	5141.29000
9.61157	0.00000	5141.29000
9.61541	0.00000	5141.29000
9.61925	0.00000	5141.29000
9.62309	0.00000	5141.29000
9.62692	0.00000	5163.77000
9.63077	0.00000	5163.77000
9.63462	0.00000	5163.77000
9.63847	0.00000	5163.77000
9.64231	0.00000	5163.77000
9.64616	0.00000	5163.77000
9.65001	0.00000	5161.26300
9.65387	0.00000	5161.26300
9.65771	0.00000	5161.26300
9.66154	0.00000	5161.26300
9.66538	0.00000	5161.26300
9.66921	0.00000	5161.26300
9.67305	0.00000	5161.26300
9.67689	0.00000	5133.92800
9.68072	0.00000	5133.92800
9.68456	0.00000	5133.92800
9.68840	0.00000	5133.92800
9.69225	0.00000	5133.92800
9.69610	0.00000	5133.92800
9.69994	0.00000	5128.82300
9.70377	0.00000	5128.82300
9.70761	0.00000	5128.82300
9.71144	0.00000	5128.82300
9.71527	0.00000	5128.82300
9.71910	0.00000	5128.82300
9.72293	0.00000	5153.74300
9.72679	0.00000	5153.74300
9.73062	0.00000	5153.74300
9.73446	0.00000	5153.74300
9.73829	0.00000	5153.74300
9.74214	0.00000	5153.74300
9.74597	0.00000	5153.74300
9.74979	0.00000	5151.26300
9.75363	0.00000	5151.26300
9.75747	0.00000	5151.26300
9.76130	0.00000	5151.26300
9.76515	0.00000	5151.26300
9.76898	0.00000	5151.26300
9.77282	0.00000	5131.31600
9.77666	0.00000	5131.31600
9.78049	0.00000	5131.31600
9.78432	0.00000	5131.31600
9.78816	0.00000	5131.31600
9.79199	0.00000	5131.31600
9.79583	0.00000	5131.31600
9.79966	0.00000	5141.29000
9.80350	0.00000	5141.29000
9.80734	0.00000	5141.29000
9.81118	0.00000	5141.29000
9.81503	0.00000	5141.29000
9.81887	0.00000	5141.29000
9.82272	0.00000	5161.26300
9.82657	0.00000	5161.26300
9.83040	0.00000	5161.26300
9.83425	0.00000	5161.26300
9.83805	0.00000	5161.26300
9.84189	0.00000	5161.26300
9.84572	0.00000	5131.31600
9.84957	0.00000	5131.31600
9.85342	0.00000	5131.31600
9.85726	0.00000	5131.31600
9.86109	0.00000	5131.31600
9.86493	0.00000	5131.31600
9.86877	0.00000	5131.31600
9.87260	0.00000	5136.40800
9.87644	0.00000	5136.40800
9.88028	0.00000	5136.40800
9.88411	0.00000	5136.40800
9.88797	0.00000	5136.40800
9.89179	0.00000	5136.40800
9.89563	0.00000	5133.80900
9.89946	0.00000	5133.80900
9.90331	0.00000	5133.80900
9.90714	0.00000	5133.80900
9.91099	0.00000	5133.80900
9.91482	0.00000	5133.80900
9.91867	0.00000	5163.77000
9.92252	0.00000	5163.77000
9.92636	0.00000	5163.77000
9.93019	0.00000	5163.77000
9.93403	0.00000	5163.77000
9.93787	0.00000	5163.77000
9.94170	0.00000	5163.77000
9.94554	0.00000	5163.73000
9.94938	0.00000	5163.73000
9.95322	0.00000	5163.73000
9.95706	0.00000	5163.73000
9.96090	0.00000	5163.73000
9.96473	0.00000	5163.73000
9.96857	0.00000	5161.26300
9.97240	0.00000	5161.26300
9.97624	0.00000	5161.26300
9.98008	0.00000	5161.26300
9.98393	0.00000	5161.26300
9.98778	0.00000	5161.26300
9.99161	0.00000	5161.26300
9.99546	0.00000	5146.27700
9.99930	0.00000	5146.27700
