Time (s)   Thrust (N)   RPM
0.00029	0.00000	4848.67500
0.00417	0.00000	4848.67500
0.00801	0.00000	4848.67500
0.01186	0.00000	4843.29400
0.01571	0.00000	4843.29400
0.01956	0.00000	4843.29400
0.02341	0.00000	4843.29400
0.02732	0.00000	4843.29400
0.03115	0.00000	4761.94800
0.03498	0.00000	4761.94800
0.03882	0.00000	4761.94800
0.04265	0.00000	4761.94800
0.04648	0.00000	4761.94800
0.05031	0.00000	4761.94800
0.05414	0.00000	4596.31500
0.05797	0.00000	4596.31500
0.06179	0.00000	4596.31500
0.06563	0.00000	4596.31500
0.06946	0.00000	4596.31500
0.07328	0.00000	4456.82200
0.07712	0.00000	4456.82200
0.08095	0.00000	4456.82200
0.08478	0.00000	4456.82200
0.08861	0.00000	4456.82200
0.09243	0.00000	4456.82200
0.09626	0.00000	4314.61300
0.10008	0.00000	4314.61300
0.10390	0.00000	4314.61300
0.10773	0.00000	4314.61300
0.11156	0.00000	4314.61300
0.11539	0.00000	4221.07400
0.11922	0.00000	4221.07400
0.12305	0.00000	4221.07400
0.12688	0.00000	4221.07400
0.13070	0.00000	4221.07400
0.13451	0.00000	4121.84900
0.13834	0.00000	4121.84900
0.14216	0.00000	4121.84900
0.14599	0.00000	4121.84900
0.14982	0.00000	4121.84900
0.15366	0.00000	4051.28200
0.15749	0.00000	4051.28200
0.16132	0.00000	4051.28200
0.16516	0.00000	4051.28200
0.16900	0.00000	4051.28200
0.17282	0.00000	3986.80700
0.17665	0.00000	3986.80700
0.18048	0.00000	3986.80700
0.18431	0.00000	3986.80700
0.18814	0.00000	3986.80700
0.19196	0.00000	3930.28800
0.19579	0.00000	3930.28800
0.19962	0.00000	3930.28800
0.20345	0.00000	3930.28800
0.20728	0.00000	3930.28800
0.21109	0.00000	3886.30300
0.21492	0.00000	3886.30300
0.21874	0.00000	3886.30300
0.22256	0.00000	3886.30300
0.22639	0.00000	3844.08600
0.23022	0.00000	3844.08600
0.23404	0.00000	3844.08600
0.23787	0.00000	3844.08600
0.24170	0.00000	3844.08600
0.24552	0.00000	3800.40300
0.24935	0.00000	3800.40300
0.25318	0.00000	3800.40300
0.25701	0.00000	3800.40300
0.26083	0.00000	3800.40300
0.26466	0.00000	3763.51300
0.26851	0.00000	3763.51300
0.27235	0.00000	3763.51300
0.27619	0.00000	3763.51300
0.28002	0.00000	3763.51300
0.28384	0.00000	3743.18200
0.28766	0.00000	3743.18200
0.29149	0.00000	3743.18200
0.29533	0.00000	3743.18200
0.29915	0.00000	3712.15600
0.30298	0.00000	3712.15600
0.30680	0.00000	3712.15600
0.31063	0.00000	3712.15600
0.31445	0.00000	3712.15600
0.31829	0.00000	3681.44400
0.32211	0.00000	3681.44400
0.32596	0.00000	3681.44400
0.32980	0.00000	3681.44400
0.33363	0.00000	3681.44400
0.33745	0.00000	3670.58000
0.34128	0.00000	3670.58000
0.34513	0.00000	3670.58000
0.34896	0.00000	3670.58000
0.35279	0.00000	3645.44600
0.35661	0.00000	3645.44600
0.36044	0.00000	3645.44600
0.36427	0.00000	3645.44600
0.36809	0.00000	3645.44600
0.37192	0.00000	3635.41600
0.37575	0.00000	3635.41600
0.37958	0.00000	3635.41600
0.38341	0.00000	3635.41600
0.38723	0.00000	3627.56500
0.39106	0.00000	3627.56500
0.39490	0.00000	3627.56500
0.39872	0.00000	3627.56500
0.40255	0.00000	3627.56500
0.40638	0.00000	3610.59500
0.41021	0.00000	3610.59500
0.41405	0.00000	3610.59500
0.41788	0.00000	3610.59500
0.42170	0.00000	3610.59500
0.42553	0.00000	3600.13900
0.42937	0.00000	3600.13900
0.43320	0.00000	3600.13900
0.43703	0.00000	3600.13900
0.44085	0.00000	3598.73300
0.44468	0.00000	3598.73300
0.44851	0.00000	3598.73300
0.45234	0.00000	3598.73300
0.45617	0.00000	3598.73300
0.46000	0.00000	3585.58700
0.46383	0.00000	3585.58700
0.46765	0.00000	3585.58700
0.47148	0.00000	3585.58700
0.47530	0.00000	3580.82700
0.47914	0.00000	3580.82700
0.48298	0.00000	3580.82700
0.48681	0.00000	3580.82700
0.49063	0.00000	3580.82700
0.49446	0.00000	3564.59900
0.49829	0.00000	3564.59900
0.50211	0.00000	3564.59900
0.50594	0.00000	3564.59900
0.50977	0.00000	3566.38400
0.51354	0.00000	3566.38400
0.51736	0.00000	3566.38400
0.52119	0.00000	3566.38400
0.52502	0.00000	3566.38400
0.52885	0.00000	3559.32200
0.53269	0.00000	3559.32200
0.53652	0.00000	3559.32200
0.54034	0.00000	3559.32200
0.54417	0.00000	3559.32200
0.54800	0.00000	3549.85900
0.55183	0.00000	3549.85900
0.55565	0.00000	3549.85900
0.55949	0.00000	3549.85900
0.56331	0.00000	3547.96800
0.56714	0.00000	3547.96800
0.57098	0.00000	3547.96800
0.57480	0.00000	3547.96800
0.57863	0.00000	3547.96800
0.58246	0.00000	3535.41200
0.58628	0.00000	3535.41200
0.59011	0.00000	3535.41200
0.59395	0.00000	3535.41200
0.59778	0.00000	3540.87900
0.60161	0.00000	3540.87900
0.60544	0.00000	3540.87900
0.60925	0.00000	3540.87900
0.61308	0.00000	3540.87900
0.61691	0.00000	3538.53300
0.62075	0.00000	3538.53300
0.62458	0.00000	3538.53300
0.62841	0.00000	3538.53300
0.63224	0.00000	3533.79000
0.63608	0.00000	3533.79000
0.63991	0.00000	3533.79000
0.64374	0.00000	3533.79000
0.64756	0.00000	3533.79000
0.65139	0.00000	3534.60400
0.65521	0.00000	3534.60400
0.65905	0.00000	3534.60400
0.66287	0.00000	3534.60400
0.66671	0.00000	3533.38000
0.67054	0.00000	3533.38000
0.67437	0.00000	3533.38000
0.67820	0.00000	3533.38000
0.68203	0.00000	3533.38000
0.68585	0.00000	3530.66000
0.68969	0.00000	3530.66000
0.69351	0.00000	3530.66000
0.69735	0.00000	3530.66000
0.70118	0.00000	3526.27800
0.70500	0.00000	3526.27800
0.70882	0.00000	3526.27800
0.71265	0.00000	3526.27800
0.71648	0.00000	3526.27800
0.72032	0.00000	3526.27800
0.72414	0.00000	3526.27800
0.72797	0.00000	3526.27800
0.73179	0.00000	3526.27800
0.73562	0.00000	3526.27800
0.73945	0.00000	3526.70100
0.74327	0.00000	3526.70100
0.74710	0.00000	3526.70100
0.75094	0.00000	3526.70100
0.75477	0.00000	3519.17600
0.75860	0.00000	3519.17600
0.76243	0.00000	3519.17600
0.76626	0.00000	3519.17600
0.77008	0.00000	3519.17600
0.77390	0.00000	3519.61200
0.77773	0.00000	3519.61200
0.78154	0.00000	3519.61200
0.78537	0.00000	3519.61200
0.78919	0.00000	3518.73800
0.79302	0.00000	3518.73800
0.79684	0.00000	3518.73800
0.80067	0.00000	3518.73800
0.80449	0.00000	3518.73800
0.80831	0.00000	3516.50900
0.81213	0.00000	3516.50900
0.81596	0.00000	3516.50900
0.81978	0.00000	3516.50900
0.82361	0.00000	3511.62200
0.82743	0.00000	3511.62200
0.83126	0.00000	3511.62200
0.83508	0.00000	3511.62200
0.83892	0.00000	3511.62200
0.84273	0.00000	3508.97900
0.84657	0.00000	3508.97900
0.85039	0.00000	3508.97900
0.85423	0.00000	3508.97900
0.85806	0.00000	3511.62200
0.86188	0.00000	3511.62200
0.86571	0.00000	3511.62200
0.86954	0.00000	3511.62200
0.87337	0.00000	3511.62200
0.87719	0.00000	3516.50900
0.88101	0.00000	3516.50900
0.88485	0.00000	3516.50900
0.88867	0.00000	3516.50900
0.89250	0.00000	3511.62200
0.89633	0.00000	3511.62200
0.90016	0.00000	3511.62200
0.90398	0.00000	3511.62200
0.90780	0.00000	3511.62200
0.91163	0.00000	3512.52300
0.91545	0.00000	3512.52300
0.91928	0.00000	3512.52300
0.92311	0.00000	3512.52300
0.92693	0.00000	3504.50600
0.93075	0.00000	3504.50600
0.93458	0.00000	3504.50600
0.93840	0.00000	3504.50600
0.94223	0.00000	3504.50600
0.94605	0.00000	3508.97900
0.94987	0.00000	3508.97900
0.95369	0.00000	3508.97900
0.95751	0.00000	3508.97900
0.96134	0.00000	3507.60400
0.96518	0.00000	3507.60400
0.96900	0.00000	3507.60400
0.97282	0.00000	3507.60400
0.97665	0.00000	3507.60400
0.98048	0.00000	3508.52200
0.98431	0.00000	3508.52200
0.98813	0.00000	3508.52200
0.99197	0.00000	3508.52200
0.99579	0.00000	3504.03900
0.99962	0.00000	3504.03900
1.00343	0.00000	3504.03900
1.00726	0.00000	3504.03900
1.01108	0.00000	3504.03900
1.01490	0.00000	3507.60400
1.01874	0.00000	3507.60400
1.02256	0.00000	3507.60400
1.02639	0.00000	3507.60400
1.03021	0.00000	3507.60400
1.03404	0.00000	3507.60400
1.03786	0.00000	3507.60400
1.04169	0.00000	3507.60400
1.04552	0.00000	3507.60400
1.04935	0.00000	3504.03900
1.05317	0.00000	3504.03900
1.05700	0.00000	3504.03900
1.06082	0.00000	3504.03900
1.06464	0.00000	3504.03900
1.06846	0.00000	3504.50600
1.07230	0.00000	3504.50600
1.07612	0.00000	3504.50600
1.07993	0.00000	3504.50600
1.08376	0.00000	3500.47500
1.08758	0.00000	3500.47500
1.09141	0.00000	3500.47500
1.09523	0.00000	3500.47500
1.09906	0.00000	3500.47500
1.10288	0.00000	3501.42000
1.10670	0.00000	3501.42000
1.11052	0.00000	3501.42000
1.11434	0.00000	3501.42000
1.11817	0.00000	3496.42800
1.12199	0.00000	3496.42800
1.12581	0.00000	3496.42800
1.12964	0.00000	3496.42800
1.13346	0.00000	3496.42800
1.13728	0.00000	3504.50600
1.14110	0.00000	3504.50600
1.14493	0.00000	3504.50600
1.14875	0.00000	3504.50600
1.15258	0.00000	3496.42800
1.15640	0.00000	3496.42800
1.16023	0.00000	3496.42800
1.16406	0.00000	3496.42800
1.16789	0.00000	3496.42800
1.17171	0.00000	3494.80100
1.17553	0.00000	3494.80100
1.17936	0.00000	3494.80100
1.18319	0.00000	3494.80100
1.18703	0.00000	3503.57100
1.19085	0.00000	3503.57100
1.19467	0.00000	3503.57100
1.19850	0.00000	3503.57100
1.20232	0.00000	3503.57100
1.20616	0.00000	3498.34600
1.20998	0.00000	3498.34600
1.21381	0.00000	3498.34600
1.21763	0.00000	3498.34600
1.22145	0.00000	3503.57100
1.22527	0.00000	3503.57100
1.22909	0.00000	3503.57100
1.23291	0.00000	3503.57100
1.23674	0.00000	3503.57100
1.24055	0.00000	3498.34600
1.24438	0.00000	3498.34600
1.24820	0.00000	3498.34600
1.25202	0.00000	3498.34600
1.25585	0.00000	3503.57100
1.25967	0.00000	3503.57100
1.26351	0.00000	3503.57100
1.26734	0.00000	3503.57100
1.27116	0.00000	3503.57100
1.27499	0.00000	3504.97100
1.27881	0.00000	3504.97100
1.28263	0.00000	3504.97100
1.28645	0.00000	3504.97100
1.29028	0.00000	3500.00000
1.29410	0.00000	3500.00000
1.29792	0.00000	3500.00000
1.30175	0.00000	3500.00000
1.30554	0.00000	3500.00000
1.30937	0.00000	3497.86900
1.31319	0.00000	3497.86900
1.31701	0.00000	3497.86900
1.32083	0.00000	3497.86900
1.32466	0.00000	3496.42800
1.32848	0.00000	3496.42800
1.33232	0.00000	3496.42800
1.33614	0.00000	3496.42800
1.33996	0.00000	3496.42800
1.34378	0.00000	3501.42000
1.34761	0.00000	3501.42000
1.35144	0.00000	3501.42000
1.35526	0.00000	3501.42000
1.35909	0.00000	3503.10100
1.36292	0.00000	3503.10100
1.36674	0.00000	3503.10100
1.37057	0.00000	3503.10100
1.37440	0.00000	3503.10100
1.37822	0.00000	3497.86900
1.38205	0.00000	3497.86900
1.38588	0.00000	3497.86900
1.38970	0.00000	3497.86900
1.39352	0.00000	3500.00000
1.39735	0.00000	3500.00000
1.40117	0.00000	3500.00000
1.40499	0.00000	3500.00000
1.40882	0.00000	3500.00000
1.41264	0.00000	3494.80100
1.41646	0.00000	3494.80100
1.42028	0.00000	3494.80100
1.42411	0.00000	3494.80100
1.42793	0.00000	3499.52200
1.43177	0.00000	3499.52200
1.43559	0.00000	3499.52200
1.43941	0.00000	3499.52200
1.44323	0.00000	3499.52200
1.44706	0.00000	3497.39000
1.45089	0.00000	3497.39000
1.45471	0.00000	3497.39000
1.45853	0.00000	3497.39000
1.46236	0.00000	3506.67900
1.46618	0.00000	3506.67900
1.47000	0.00000	3506.67900
1.47383	0.00000	3506.67900
1.47765	0.00000	3506.67900
1.48148	0.00000	3500.47500
1.48530	0.00000	3500.47500
1.48911	0.00000	3500.47500
1.49294	0.00000	3500.47500
1.49677	0.00000	3495.94400
1.50060	0.00000	3495.94400
1.50442	0.00000	3495.94400
1.50824	0.00000	3495.94400
1.51207	0.00000	3495.94400
1.51590	0.00000	3503.57100
1.51973	0.00000	3503.57100
1.52355	0.00000	3503.57100
1.52737	0.00000	3503.57100
1.53119	0.00000	3492.36600
1.53501	0.00000	3492.36600
1.53883	0.00000	3492.36600
1.54266	0.00000	3492.36600
1.54648	0.00000	3492.36600
1.55030	0.00000	3500.00000
1.55412	0.00000	3500.00000
1.55795	0.00000	3500.00000
1.56178	0.00000	3500.00000
1.56561	0.00000	3496.42800
1.56942	0.00000	3496.42800
1.57325	0.00000	3496.42800
1.57707	0.00000	3496.42800
1.58089	0.00000	3496.42800
1.58471	0.00000	3496.42800
1.58854	0.00000	3496.42800
1.59236	0.00000	3496.42800
1.59619	0.00000	3496.42800
1.60000	0.00000	3496.42800
1.60382	0.00000	3496.91000
1.60765	0.00000	3496.91000
1.61147	0.00000	3496.91000
1.61529	0.00000	3496.91000
1.61911	0.00000	3496.42800
1.62294	0.00000	3496.42800
1.62676	0.00000	3496.42800
1.63059	0.00000	3496.42800
1.63442	0.00000	3496.42800
1.63823	0.00000	3500.94800
1.64206	0.00000	3500.94800
1.64589	0.00000	3500.94800
1.64972	0.00000	3500.94800
1.65354	0.00000	3489.28500
1.65736	0.00000	3489.28500
1.66118	0.00000	3489.28500
1.66501	0.00000	3489.28500
1.66884	0.00000	3489.28500
1.67266	0.00000	3497.39000
1.67648	0.00000	3497.39000
1.68030	0.00000	3497.39000
1.68413	0.00000	3497.39000
1.68795	0.00000	3496.42800
1.69177	0.00000	3496.42800
1.69560	0.00000	3496.42800
1.69942	0.00000	3496.42800
1.70325	0.00000	3496.42800
1.70707	0.00000	3494.31800
1.71089	0.00000	3494.31800
1.71471	0.00000	3494.31800
1.71854	0.00000	3494.31800
1.72236	0.00000	3485.21000
1.72618	0.00000	3485.21000
1.73001	0.00000	3485.21000
1.73384	0.00000	3485.21000
1.73767	0.00000	3485.21000
1.74149	0.00000	3494.31800
1.74533	0.00000	3494.31800
1.74915	0.00000	3494.31800
1.75297	0.00000	3494.31800
1.75680	0.00000	3492.85700
1.76062	0.00000	3492.85700
1.76445	0.00000	3492.85700
1.76827	0.00000	3492.85700
1.77209	0.00000	3492.85700
1.77592	0.00000	3497.86900
1.77974	0.00000	3497.86900
1.78356	0.00000	3497.86900
1.78739	0.00000	3497.86900
1.79121	0.00000	3496.42800
1.79504	0.00000	3496.42800
1.79886	0.00000	3496.42800
1.80269	0.00000	3496.42800
1.80651	0.00000	3496.42800
1.81033	0.00000	3494.80100
1.81416	0.00000	3494.80100
1.81797	0.00000	3494.80100
1.82180	0.00000	3494.80100
1.82562	0.00000	3500.00000
1.82944	0.00000	3500.00000
1.83327	0.00000	3500.00000
1.83709	0.00000	3500.00000
1.84092	0.00000	3500.00000
1.84474	0.00000	3494.80100
1.84857	0.00000	3494.80100
1.85239	0.00000	3494.80100
1.85621	0.00000	3494.80100
1.86005	0.00000	3495.94400
1.86387	0.00000	3495.94400
1.86770	0.00000	3495.94400
1.87152	0.00000	3495.94400
1.87535	0.00000	3495.94400
1.87917	0.00000	3494.80100
1.88300	0.00000	3494.80100
1.88682	0.00000	3494.80100
1.89065	0.00000	3494.80100
1.89447	0.00000	3503.10100
1.89830	0.00000	3503.10100
1.90213	0.00000	3503.10100
1.90596	0.00000	3503.10100
1.90979	0.00000	3503.10100
1.91361	0.00000	3501.42000
1.91744	0.00000	3501.42000
1.92126	0.00000	3501.42000
1.92508	0.00000	3501.42000
1.92891	0.00000	3499.52200
1.93273	0.00000	3499.52200
1.93656	0.00000	3499.52200
1.94039	0.00000	3499.52200
1.94421	0.00000	3499.52200
1.94803	0.00000	3494.80100
1.95186	0.00000	3494.80100
1.95569	0.00000	3494.80100
1.95951	0.00000	3494.80100
1.96334	0.00000	3496.42800
1.96717	0.00000	3496.42800
1.97099	0.00000	3496.42800
1.97482	0.00000	3496.42800
1.97865	0.00000	3496.42800
1.98248	0.00000	3494.31800
1.98630	0.00000	3494.31800
1.99012	0.00000	3494.31800
1.99395	0.00000	3494.31800
1.99777	0.00000	3499.52200
2.00161	0.00000	3499.52200
2.00543	0.00000	3499.52200
2.00926	0.00000	3499.52200
2.01308	0.00000	3499.52200
2.01691	0.00000	3494.31800
2.02074	0.00000	3494.31800
2.02456	0.00000	3494.31800
2.02839	0.00000	3494.31800
2.03221	0.00000	3492.85700
2.03604	0.00000	3492.85700
2.03986	0.00000	3492.85700
2.04368	0.00000	3492.85700
2.04751	0.00000	3492.85700
2.05133	0.00000	3497.39000
2.05516	0.00000	3497.39000
2.05898	0.00000	3497.39000
2.06280	0.00000	3497.39000
2.06663	0.00000	3503.10100
2.07047	0.00000	3503.10100
2.07430	0.00000	3503.10100
2.07813	0.00000	3503.10100
2.08196	0.00000	3503.10100
2.08578	0.00000	3496.91000
2.08959	0.00000	3496.91000
2.09342	0.00000	3496.91000
2.09724	0.00000	3496.91000
2.10106	0.00000	3492.85700
2.10488	0.00000	3492.85700
2.10870	0.00000	3492.85700
2.11252	0.00000	3492.85700
2.11634	0.00000	3492.85700
2.12016	0.00000	3492.85700
2.12398	0.00000	3492.85700
2.12780	0.00000	3492.85700
2.13163	0.00000	3492.85700
2.13545	0.00000	3496.42800
2.13927	0.00000	3496.42800
2.14310	0.00000	3496.42800
2.14692	0.00000	3496.42800
2.15075	0.00000	3496.42800
2.15457	0.00000	3495.94400
2.15840	0.00000	3495.94400
2.16222	0.00000	3495.94400
2.16605	0.00000	3495.94400
2.16986	0.00000	3499.52200
2.17369	0.00000	3499.52200
2.17751	0.00000	3499.52200
2.18135	0.00000	3499.52200
2.18516	0.00000	3499.52200
2.18899	0.00000	3496.42800
2.19281	0.00000	3496.42800
2.19663	0.00000	3496.42800
2.20046	0.00000	3496.42800
2.20428	0.00000	3496.42800
2.20810	0.00000	3496.42800
2.21192	0.00000	3496.42800
2.21574	0.00000	3496.42800
2.21956	0.00000	3496.42800
2.22338	0.00000	3499.52200
2.22720	0.00000	3499.52200
2.23102	0.00000	3499.52200
2.23485	0.00000	3499.52200
2.23867	0.00000	3499.52200
2.24249	0.00000	3496.91000
2.24632	0.00000	3496.91000
2.25014	0.00000	3496.91000
2.25396	0.00000	3496.91000
2.25778	0.00000	3492.85700
2.26161	0.00000	3492.85700
2.26544	0.00000	3492.85700
2.26927	0.00000	3492.85700
2.27310	0.00000	3492.85700
2.27692	0.00000	3493.83300
2.28073	0.00000	3493.83300
2.28454	0.00000	3493.83300
2.28836	0.00000	3493.83300
2.29217	0.00000	3500.00000
2.29599	0.00000	3500.00000
2.29980	0.00000	3500.00000
2.30362	0.00000	3500.00000
2.30743	0.00000	3500.00000
2.31125	0.00000	3497.86900
2.31506	0.00000	3497.86900
2.31887	0.00000	3497.86900
2.32268	0.00000	3497.86900
2.32650	0.00000	3492.85700
2.33031	0.00000	3492.85700
2.33412	0.00000	3492.85700
2.33794	0.00000	3492.85700
2.34175	0.00000	3492.85700
2.34554	0.00000	3494.31800
2.34936	0.00000	3494.31800
2.35316	0.00000	3494.31800
2.35698	0.00000	3494.31800
2.36079	0.00000	3492.85700
2.36460	0.00000	3492.85700
2.36841	0.00000	3492.85700
2.37222	0.00000	3492.85700
2.37599	0.00000	3492.85700
2.37982	0.00000	3497.86900
2.38365	0.00000	3497.86900
2.38747	0.00000	3497.86900
2.39130	0.00000	3497.86900
2.39513	0.00000	3495.94400
2.39896	0.00000	3495.94400
2.40278	0.00000	3495.94400
2.40662	0.00000	3495.94400
2.41044	0.00000	3495.94400
2.41426	0.00000	3490.76600
2.41809	0.00000	3490.76600
2.42193	0.00000	3490.76600
2.42575	0.00000	3490.76600
2.42954	0.00000	3492.85700
2.43338	0.00000	3492.85700
2.43719	0.00000	3492.85700
2.44101	0.00000	3492.85700
2.44483	0.00000	3492.85700
2.44866	0.00000	3494.31800
2.45248	0.00000	3494.31800
2.45630	0.00000	3494.31800
2.46013	0.00000	3494.31800
2.46395	0.00000	3495.94400
2.46777	0.00000	3495.94400
2.47159	0.00000	3495.94400
2.47542	0.00000	3495.94400
2.47925	0.00000	3495.94400
2.48308	0.00000	3493.83300
2.48691	0.00000	3493.83300
2.49074	0.00000	3493.83300
2.49456	0.00000	3493.83300
2.49838	0.00000	3492.36600
2.50220	0.00000	3492.36600
2.50602	0.00000	3492.36600
2.50984	0.00000	3492.36600
2.51367	0.00000	3492.36600
2.51749	0.00000	3494.31800
2.52132	0.00000	3494.31800
2.52514	0.00000	3494.31800
2.52897	0.00000	3494.31800
2.53279	0.00000	3496.42800
2.53664	0.00000	3496.42800
2.54046	0.00000	3496.42800
2.54429	0.00000	3496.42800
2.54811	0.00000	3496.42800
2.55193	0.00000	3490.76600
2.55576	0.00000	3490.76600
2.55958	0.00000	3490.76600
2.56340	0.00000	3490.76600
2.56722	0.00000	3495.94400
2.57106	0.00000	3495.94400
2.57489	0.00000	3495.94400
2.57871	0.00000	3495.94400
2.58253	0.00000	3495.94400
2.58634	0.00000	3497.39000
2.59017	0.00000	3497.39000
2.59400	0.00000	3497.39000
2.59782	0.00000	3497.39000
2.60164	0.00000	3489.28500
2.60546	0.00000	3489.28500
2.60928	0.00000	3489.28500
2.61310	0.00000	3489.28500
2.61692	0.00000	3489.28500
2.62074	0.00000	3489.78100
2.62457	0.00000	3489.78100
2.62839	0.00000	3489.78100
2.63221	0.00000	3489.78100
2.63604	0.00000	3492.85700
2.63986	0.00000	3492.85700
2.64369	0.00000	3492.85700
2.64751	0.00000	3492.85700
2.65134	0.00000	3492.85700
2.65516	0.00000	3496.91000
2.65899	0.00000	3496.91000
2.66281	0.00000	3496.91000
2.66663	0.00000	3496.91000
2.67045	0.00000	3496.42800
2.67428	0.00000	3496.42800
2.67810	0.00000	3496.42800
2.68192	0.00000	3496.42800
2.68575	0.00000	3496.42800
2.68954	0.00000	3493.34600
2.69337	0.00000	3493.34600
2.69719	0.00000	3493.34600
2.70101	0.00000	3493.34600
2.70483	0.00000	3493.34600
2.70865	0.00000	3500.00000
2.71247	0.00000	3500.00000
2.71630	0.00000	3500.00000
2.72013	0.00000	3500.00000
2.72395	0.00000	3496.42800
2.72778	0.00000	3496.42800
2.73160	0.00000	3496.42800
2.73542	0.00000	3496.42800
2.73924	0.00000	3496.42800
2.74307	0.00000	3493.34600
2.74691	0.00000	3493.34600
2.75073	0.00000	3493.34600
2.75456	0.00000	3493.34600
2.75838	0.00000	3496.42800
2.76220	0.00000	3496.42800
2.76603	0.00000	3496.42800
2.76985	0.00000	3496.42800
2.77367	0.00000	3496.42800
2.77749	0.00000	3497.39000
2.78132	0.00000	3497.39000
2.78514	0.00000	3497.39000
2.78897	0.00000	3497.39000
2.79280	0.00000	3500.00000
2.79662	0.00000	3500.00000
2.80045	0.00000	3500.00000
2.80427	0.00000	3500.00000
2.80810	0.00000	3500.00000
2.81193	0.00000	3497.39000
2.81575	0.00000	3497.39000
2.81958	0.00000	3497.39000
2.82341	0.00000	3497.39000
2.82722	0.00000	3503.10100
2.83105	0.00000	3503.10100
2.83488	0.00000	3503.10100
2.83871	0.00000	3503.10100
2.84254	0.00000	3503.10100
2.84636	0.00000	3501.42000
2.85018	0.00000	3501.42000
2.85401	0.00000	3501.42000
2.85784	0.00000	3501.42000
2.86166	0.00000	3492.85700
2.86549	0.00000	3492.85700
2.86931	0.00000	3492.85700
2.87313	0.00000	3492.85700
2.87696	0.00000	3492.85700
2.88079	0.00000	3494.80100
2.88461	0.00000	3494.80100
2.88843	0.00000	3494.80100
2.89226	0.00000	3494.80100
2.89608	0.00000	3489.28500
2.89990	0.00000	3489.28500
2.90372	0.00000	3489.28500
2.90754	0.00000	3489.28500
2.91137	0.00000	3489.28500
2.91519	0.00000	3494.80100
2.91902	0.00000	3494.80100
2.92284	0.00000	3494.80100
2.92666	0.00000	3494.80100
2.93049	0.00000	3499.52200
2.93431	0.00000	3499.52200
2.93813	0.00000	3499.52200
2.94196	0.00000	3499.52200
2.94579	0.00000	3499.52200
2.94962	0.00000	3491.25700
2.95344	0.00000	3491.25700
2.95726	0.00000	3491.25700
2.96108	0.00000	3491.25700
2.96490	0.00000	3495.94400
2.96872	0.00000	3495.94400
2.97255	0.00000	3495.94400
2.97637	0.00000	3495.94400
2.98019	0.00000	3495.94400
2.98402	0.00000	3491.25700
2.98785	0.00000	3491.25700
2.99166	0.00000	3491.25700
2.99549	0.00000	3491.25700
2.99931	0.00000	3495.94400
3.00313	0.00000	3495.94400
3.00696	0.00000	3495.94400
3.01078	0.00000	3495.94400
3.01461	0.00000	3495.94400
3.01843	0.00000	3491.25700
3.02225	0.00000	3491.25700
3.02607	0.00000	3491.25700
3.02990	0.00000	3491.25700
3.03372	0.00000	3496.42800
3.03754	0.00000	3496.42800
3.04137	0.00000	3496.42800
3.04519	0.00000	3496.42800
3.04901	0.00000	3496.42800
3.05284	0.00000	3501.42000
3.05666	0.00000	3501.42000
3.06048	0.00000	3501.42000
3.06431	0.00000	3501.42000
3.06814	0.00000	3492.85700
3.07196	0.00000	3492.85700
3.07579	0.00000	3492.85700
3.07962	0.00000	3492.85700
3.08344	0.00000	3492.85700
3.08727	0.00000	3494.31800
3.09110	0.00000	3494.31800
3.09492	0.00000	3494.31800
3.09874	0.00000	3494.31800
3.10256	0.00000	3489.28500
3.10638	0.00000	3489.28500
3.11021	0.00000	3489.28500
3.11404	0.00000	3489.28500
3.11787	0.00000	3489.28500
3.12169	0.00000	3501.42000
3.12552	0.00000	3501.42000
3.12935	0.00000	3501.42000
3.13317	0.00000	3501.42000
3.13700	0.00000	3493.34600
3.14085	0.00000	3493.34600
3.14467	0.00000	3493.34600
3.14850	0.00000	3493.34600
3.15232	0.00000	3493.34600
3.15614	0.00000	3497.86900
3.15997	0.00000	3497.86900
3.16379	0.00000	3497.86900
3.16761	0.00000	3497.86900
3.17144	0.00000	3496.42800
3.17526	0.00000	3496.42800
3.17908	0.00000	3496.42800
3.18291	0.00000	3496.42800
3.18674	0.00000	3496.42800
3.19057	0.00000	3496.91000
3.19439	0.00000	3496.91000
3.19821	0.00000	3496.91000
3.20203	0.00000	3496.91000
3.20586	0.00000	3495.94400
3.20967	0.00000	3495.94400
3.21349	0.00000	3495.94400
3.21733	0.00000	3495.94400
3.22115	0.00000	3495.94400
3.22498	0.00000	3500.00000
3.22880	0.00000	3500.00000
3.23263	0.00000	3500.00000
3.23645	0.00000	3500.00000
3.24027	0.00000	3499.52200
3.24409	0.00000	3499.52200
3.24792	0.00000	3499.52200
3.25174	0.00000	3499.52200
3.25556	0.00000	3499.52200
3.25939	0.00000	3496.91000
3.26321	0.00000	3496.91000
3.26703	0.00000	3496.91000
3.27087	0.00000	3496.91000
3.27469	0.00000	3496.42800
3.27851	0.00000	3496.42800
3.28235	0.00000	3496.42800
3.28617	0.00000	3496.42800
3.29000	0.00000	3496.42800
3.29383	0.00000	3503.57100
3.29766	0.00000	3503.57100
3.30148	0.00000	3503.57100
3.30530	0.00000	3503.57100
3.30913	0.00000	3503.57100
3.31295	0.00000	3500.47500
3.31677	0.00000	3500.47500
3.32060	0.00000	3500.47500
3.32443	0.00000	3500.47500
3.32825	0.00000	3496.42800
3.33207	0.00000	3496.42800
3.33590	0.00000	3496.42800
3.33972	0.00000	3496.42800
3.34354	0.00000	3496.42800
3.34736	0.00000	3493.83300
3.35119	0.00000	3493.83300
3.35501	0.00000	3493.83300
3.35884	0.00000	3493.83300
3.36265	0.00000	3496.42800
3.36648	0.00000	3496.42800
3.37031	0.00000	3496.42800
3.37414	0.00000	3496.42800
3.37796	0.00000	3496.42800
3.38179	0.00000	3497.39000
3.38561	0.00000	3497.39000
3.38944	0.00000	3497.39000
3.39326	0.00000	3497.39000
3.39708	0.00000	3492.85700
3.40090	0.00000	3492.85700
3.40473	0.00000	3492.85700
3.40855	0.00000	3492.85700
3.41238	0.00000	3492.85700
3.41620	0.00000	3501.42000
3.42003	0.00000	3501.42000
3.42385	0.00000	3501.42000
3.42768	0.00000	3501.42000
3.43151	0.00000	3499.52200
3.43533	0.00000	3499.52200
3.43916	0.00000	3499.52200
3.44299	0.00000	3499.52200
3.44681	0.00000	3499.52200
3.45064	0.00000	3494.31800
3.45446	0.00000	3494.31800
3.45828	0.00000	3494.31800
3.46210	0.00000	3494.31800
3.46593	0.00000	3496.42800
3.46976	0.00000	3496.42800
3.47354	0.00000	3496.42800
3.47736	0.00000	3496.42800
3.48119	0.00000	3496.42800
3.48502	0.00000	3494.31800
3.48885	0.00000	3494.31800
3.49267	0.00000	3494.31800
3.49649	0.00000	3494.31800
3.50031	0.00000	3489.28500
3.50413	0.00000	3489.28500
3.50796	0.00000	3489.28500
3.51179	0.00000	3489.28500
3.51561	0.00000	3489.28500
3.51944	0.00000	3494.80100
3.52325	0.00000	3494.80100
3.52708	0.00000	3494.80100
3.53090	0.00000	3494.80100
3.53472	0.00000	3499.52200
3.53855	0.00000	3499.52200
3.54237	0.00000	3499.52200
3.54620	0.00000	3499.52200
3.55002	0.00000	3499.52200
3.55384	0.00000	3494.80100
3.55767	0.00000	3494.80100
3.56149	0.00000	3494.80100
3.56532	0.00000	3494.80100
3.56915	0.00000	3496.42800
3.57297	0.00000	3496.42800
3.57680	0.00000	3496.42800
3.58062	0.00000	3496.42800
3.58445	0.00000	3496.42800
3.58827	0.00000	3490.76600
3.59209	0.00000	3490.76600
3.59593	0.00000	3490.76600
3.59975	0.00000	3490.76600
3.60357	0.00000	3495.94400
3.60740	0.00000	3495.94400
3.61122	0.00000	3495.94400
3.61504	0.00000	3495.94400
3.61887	0.00000	3495.94400
3.62270	0.00000	3494.31800
3.62653	0.00000	3494.31800
3.63035	0.00000	3494.31800
3.63417	0.00000	3494.31800
3.63799	0.00000	3499.52200
3.64181	0.00000	3499.52200
3.64563	0.00000	3499.52200
3.64946	0.00000	3499.52200
3.65328	0.00000	3499.52200
3.65710	0.00000	3491.25700
3.66093	0.00000	3491.25700
3.66476	0.00000	3491.25700
3.66858	0.00000	3491.25700
3.67240	0.00000	3496.42800
3.67623	0.00000	3496.42800
3.68005	0.00000	3496.42800
3.68388	0.00000	3496.42800
3.68771	0.00000	3496.42800
3.69153	0.00000	3494.31800
3.69536	0.00000	3494.31800
3.69918	0.00000	3494.31800
3.70300	0.00000	3494.31800
3.70683	0.00000	3496.42800
3.71065	0.00000	3496.42800
3.71448	0.00000	3496.42800
3.71831	0.00000	3496.42800
3.72214	0.00000	3496.42800
3.72598	0.00000	3487.21500
3.72980	0.00000	3487.21500
3.73362	0.00000	3487.21500
3.73744	0.00000	3487.21500
3.74126	0.00000	3499.52200
3.74508	0.00000	3499.52200
3.74891	0.00000	3499.52200
3.75274	0.00000	3499.52200
3.75656	0.00000	3499.52200
3.76039	0.00000	3497.86900
3.76421	0.00000	3497.86900
3.76804	0.00000	3497.86900
3.77186	0.00000	3497.86900
3.77568	0.00000	3500.00000
3.77951	0.00000	3500.00000
3.78332	0.00000	3500.00000
3.78715	0.00000	3500.00000
3.79097	0.00000	3500.00000
3.79481	0.00000	3493.83300
3.79863	0.00000	3493.83300
3.80245	0.00000	3493.83300
3.80627	0.00000	3493.83300
3.81009	0.00000	3495.94400
3.81392	0.00000	3495.94400
3.81775	0.00000	3495.94400
3.82154	0.00000	3495.94400
3.82536	0.00000	3495.94400
3.82919	0.00000	3500.47500
3.83301	0.00000	3500.47500
3.83683	0.00000	3500.47500
3.84067	0.00000	3500.47500
3.84449	0.00000	3506.67900
3.84831	0.00000	3506.67900
3.85213	0.00000	3506.67900
3.85596	0.00000	3506.67900
3.85978	0.00000	3506.67900
3.86361	0.00000	3496.42800
3.86744	0.00000	3496.42800
3.87126	0.00000	3496.42800
3.87509	0.00000	3496.42800
3.87891	0.00000	3496.42800
3.88273	0.00000	3496.91000
3.88655	0.00000	3496.91000
3.89038	0.00000	3496.91000
3.89420	0.00000	3496.91000
3.89803	0.00000	3500.00000
3.90186	0.00000	3500.00000
3.90568	0.00000	3500.00000
3.90950	0.00000	3500.00000
3.91334	0.00000	3500.00000
3.91716	0.00000	3507.60400
3.92099	0.00000	3507.60400
3.92480	0.00000	3507.60400
3.92863	0.00000	3507.60400
3.93245	0.00000	3503.10100
3.93628	0.00000	3503.10100
3.94011	0.00000	3503.10100
3.94393	0.00000	3503.10100
3.94775	0.00000	3503.10100
3.95157	0.00000	3501.42000
3.95540	0.00000	3501.42000
3.95922	0.00000	3501.42000
3.96304	0.00000	3501.42000
3.96686	0.00000	3496.42800
3.97069	0.00000	3496.42800
3.97452	0.00000	3496.42800
3.97834	0.00000	3496.42800
3.98216	0.00000	3496.42800
3.98599	0.00000	3497.86900
3.98981	0.00000	3497.86900
3.99364	0.00000	3497.86900
3.99746	0.00000	3497.86900
4.00128	0.00000	3503.57100
4.00511	0.00000	3503.57100
4.00893	0.00000	3503.57100
4.01275	0.00000	3503.57100
4.01657	0.00000	3503.57100
4.02040	0.00000	3498.34600
4.02422	0.00000	3498.34600
4.02804	0.00000	3498.34600
4.03187	0.00000	3498.34600
4.03568	0.00000	3496.42800
4.03951	0.00000	3496.42800
4.04334	0.00000	3496.42800
4.04717	0.00000	3496.42800
4.05099	0.00000	3496.42800
4.05482	0.00000	3504.97100
4.05865	0.00000	3504.97100
4.06247	0.00000	3504.97100
4.06629	0.00000	3504.97100
4.07011	0.00000	3499.52200
4.07393	0.00000	3499.52200
4.07775	0.00000	3499.52200
4.08154	0.00000	3499.52200
4.08537	0.00000	3499.52200
4.08919	0.00000	3494.80100
4.09302	0.00000	3494.80100
4.09685	0.00000	3494.80100
4.10068	0.00000	3494.80100
4.10450	0.00000	3496.42800
4.10833	0.00000	3496.42800
4.11216	0.00000	3496.42800
4.11598	0.00000	3496.42800
4.11980	0.00000	3496.42800
4.12362	0.00000	3504.97100
4.12745	0.00000	3504.97100
4.13127	0.00000	3504.97100
4.13510	0.00000	3504.97100
4.13892	0.00000	3503.57100
4.14275	0.00000	3503.57100
4.14657	0.00000	3503.57100
4.15039	0.00000	3503.57100
4.15421	0.00000	3503.57100
4.15804	0.00000	3494.80100
4.16186	0.00000	3494.80100
4.16568	0.00000	3494.80100
4.16950	0.00000	3494.80100
4.17333	0.00000	3503.57100
4.17716	0.00000	3503.57100
4.18099	0.00000	3503.57100
4.18481	0.00000	3503.57100
4.18864	0.00000	3503.57100
4.19246	0.00000	3498.34600
4.19628	0.00000	3498.34600
4.20012	0.00000	3498.34600
4.20394	0.00000	3498.34600
4.20777	0.00000	3496.42800
4.21160	0.00000	3496.42800
4.21543	0.00000	3496.42800
4.21926	0.00000	3496.42800
4.22308	0.00000	3496.42800
4.22690	0.00000	3501.42000
4.23074	0.00000	3501.42000
4.23457	0.00000	3501.42000
4.23839	0.00000	3501.42000
4.24221	0.00000	3506.67900
4.24605	0.00000	3506.67900
4.24987	0.00000	3506.67900
4.25369	0.00000	3506.67900
4.25752	0.00000	3506.67900
4.26135	0.00000	3504.97100
4.26518	0.00000	3504.97100
4.26902	0.00000	3504.97100
4.27286	0.00000	3504.97100
4.27670	0.00000	3496.91000
4.28054	0.00000	3496.91000
4.28437	0.00000	3496.91000
4.28820	0.00000	3496.91000
4.29203	0.00000	3496.91000
4.29586	0.00000	3508.06400
4.29968	0.00000	3508.06400
4.30351	0.00000	3508.06400
4.30734	0.00000	3508.06400
4.31116	0.00000	3507.14300
4.31499	0.00000	3507.14300
4.31882	0.00000	3507.14300
4.32265	0.00000	3507.14300
4.32651	0.00000	3507.14300
4.33035	0.00000	3496.91000
4.33419	0.00000	3496.91000
4.33802	0.00000	3496.91000
4.34185	0.00000	3496.91000
4.34568	0.00000	3500.00000
4.34950	0.00000	3500.00000
4.35334	0.00000	3500.00000
4.35718	0.00000	3500.00000
4.36103	0.00000	3500.00000
4.36485	0.00000	3504.03900
4.36868	0.00000	3504.03900
4.37251	0.00000	3504.03900
4.37632	0.00000	3504.03900
4.38015	0.00000	3492.85700
4.38397	0.00000	3492.85700
4.38780	0.00000	3492.85700
4.39162	0.00000	3492.85700
4.39545	0.00000	3492.85700
4.39928	0.00000	3500.94800
4.40311	0.00000	3500.94800
4.40694	0.00000	3500.94800
4.41076	0.00000	3500.94800
4.41460	0.00000	3504.03900
4.41841	0.00000	3504.03900
4.42225	0.00000	3504.03900
4.42608	0.00000	3504.03900
4.42990	0.00000	3504.03900
4.43373	0.00000	3503.57100
4.43754	0.00000	3503.57100
4.44137	0.00000	3503.57100
4.44519	0.00000	3503.57100
4.44902	0.00000	3503.57100
4.45284	0.00000	3497.39000
4.45667	0.00000	3497.39000
4.46049	0.00000	3497.39000
4.46432	0.00000	3497.39000
4.46814	0.00000	3510.25700
4.47197	0.00000	3510.25700
4.47579	0.00000	3510.25700
4.47962	0.00000	3510.25700
4.48344	0.00000	3510.25700
4.48726	0.00000	3501.42000
4.49109	0.00000	3501.42000
4.49491	0.00000	3501.42000
4.49875	0.00000	3501.42000
4.50258	0.00000	3506.67900
4.50640	0.00000	3506.67900
4.51023	0.00000	3506.67900
4.51406	0.00000	3506.67900
4.51789	0.00000	3506.67900
4.52171	0.00000	3504.50600
4.52553	0.00000	3504.50600
4.52937	0.00000	3504.50600
4.53319	0.00000	3504.50600
4.53702	0.00000	3500.00000
4.54084	0.00000	3500.00000
4.54467	0.00000	3500.00000
4.54850	0.00000	3500.00000
4.55232	0.00000	3500.00000
4.55615	0.00000	3494.80100
4.55997	0.00000	3494.80100
4.56380	0.00000	3494.80100
4.56763	0.00000	3494.80100
4.57145	0.00000	3500.00000
4.57527	0.00000	3500.00000
4.57910	0.00000	3500.00000
4.58292	0.00000	3500.00000
4.58675	0.00000	3500.00000
4.59058	0.00000	3498.34600
4.59441	0.00000	3498.34600
4.59824	0.00000	3498.34600
4.60206	0.00000	3498.34600
4.60588	0.00000	3500.00000
4.60970	0.00000	3500.00000
4.61353	0.00000	3500.00000
4.61736	0.00000	3500.00000
4.62118	0.00000	3500.00000
4.62502	0.00000	3501.89000
4.62885	0.00000	3501.89000
4.63268	0.00000	3501.89000
4.63650	0.00000	3501.89000
4.64033	0.00000	3500.00000
4.64416	0.00000	3500.00000
4.64798	0.00000	3500.00000
4.65180	0.00000	3500.00000
4.65563	0.00000	3500.00000
4.65945	0.00000	3501.89000
4.66328	0.00000	3501.89000
4.66712	0.00000	3501.89000
4.67094	0.00000	3501.89000
4.67476	0.00000	3496.42800
4.67859	0.00000	3496.42800
4.68241	0.00000	3496.42800
4.68623	0.00000	3496.42800
4.69006	0.00000	3496.42800
4.69388	0.00000	3501.89000
4.69771	0.00000	3501.89000
4.70154	0.00000	3501.89000
4.70537	0.00000	3501.89000
4.70920	0.00000	3496.91000
4.71302	0.00000	3496.91000
4.71685	0.00000	3496.91000
4.72074	0.00000	3496.91000
4.72460	0.00000	3496.91000
4.72845	0.00000	3504.97100
4.73227	0.00000	3504.97100
4.73610	0.00000	3504.97100
4.73992	0.00000	3504.97100
4.74376	0.00000	3503.57100
4.74758	0.00000	3503.57100
4.75140	0.00000	3503.57100
4.75523	0.00000	3503.57100
4.75906	0.00000	3503.57100
4.76289	0.00000	3501.89000
4.76672	0.00000	3501.89000
4.77054	0.00000	3501.89000
4.77436	0.00000	3501.89000
4.77818	0.00000	3500.00000
4.78200	0.00000	3500.00000
4.78583	0.00000	3500.00000
4.78965	0.00000	3500.00000
4.79348	0.00000	3500.00000
4.79731	0.00000	3501.89000
4.80113	0.00000	3501.89000
4.80496	0.00000	3501.89000
4.80878	0.00000	3501.89000
4.81260	0.00000	3500.00000
4.81643	0.00000	3500.00000
4.82024	0.00000	3500.00000
4.82407	0.00000	3500.00000
4.82789	0.00000	3500.00000
4.83173	0.00000	3494.80100
4.83555	0.00000	3494.80100
4.83937	0.00000	3494.80100
4.84320	0.00000	3494.80100
4.84703	0.00000	3500.00000
4.85085	0.00000	3500.00000
4.85468	0.00000	3500.00000
4.85851	0.00000	3500.00000
4.86232	0.00000	3500.00000
4.86616	0.00000	3498.34600
4.86999	0.00000	3498.34600
4.87382	0.00000	3498.34600
4.87765	0.00000	3498.34600
4.88148	0.00000	3500.00000
4.88530	0.00000	3500.00000
4.88912	0.00000	3500.00000
4.89295	0.00000	3500.00000
4.89677	0.00000	3500.00000
4.90060	0.00000	3501.42000
4.90443	0.00000	3501.42000
4.90825	0.00000	3501.42000
4.91208	0.00000	3501.42000
4.91591	0.00000	3507.14300
4.91973	0.00000	3507.14300
4.92355	0.00000	3507.14300
4.92737	0.00000	3507.14300
4.93121	0.00000	3507.14300
4.93504	0.00000	3496.91000
4.93886	0.00000	3496.91000
4.94268	0.00000	3496.91000
4.94651	0.00000	3496.91000
4.95033	0.00000	3503.57100
4.95416	0.00000	3503.57100
4.95798	0.00000	3503.57100
4.96181	0.00000	3503.57100
4.96564	0.00000	3503.57100
4.96946	0.00000	3496.91000
4.97328	0.00000	3496.91000
4.97711	0.00000	3496.91000
4.98093	0.00000	3496.91000
4.98475	0.00000	3496.91000
4.98857	0.00000	3500.94800
4.99239	0.00000	3500.94800
4.99622	0.00000	3500.94800
5.00052	0.00000	3500.94800
5.00439	0.00000	3500.00000
5.00822	0.00000	3500.00000
5.01206	0.00000	3500.00000
5.01591	0.00000	3500.00000
5.01977	0.00000	3551.13600
5.02362	0.00000	3551.13600
5.02745	0.00000	3551.13600
5.03133	0.00000	3551.13600
5.03518	0.00000	3551.13600
5.03905	0.00000	3866.56300
5.04289	0.00000	3866.56300
5.04673	0.00000	3866.56300
5.05056	0.00000	3866.56300
5.05440	0.00000	3866.56300
5.05823	0.00000	4140.10000
5.06206	0.00000	4140.10000
5.06589	0.00000	4140.10000
5.06972	0.00000	4140.10000
5.07355	0.00000	4140.10000
5.07738	0.00000	4140.10000
5.08122	0.00000	4352.03600
5.08505	0.00000	4352.03600
5.08888	0.00000	4352.03600
5.09272	0.00000	4352.03600
5.09655	0.00000	4352.03600
5.10040	0.00000	4518.63300
5.10423	0.00000	4518.63300
5.10807	0.00000	4518.63300
5.11191	0.00000	4518.63300
5.11575	0.00000	4518.63300
5.11958	0.00000	4518.63300
5.12341	0.00000	4631.02400
5.12725	0.00000	4631.02400
5.13108	0.00000	4631.02400
5.13492	0.00000	4631.02400
5.13876	0.00000	4631.02400
5.14260	0.00000	4719.53900
5.14642	0.00000	4719.53900
5.15026	0.00000	4719.53900
5.15410	0.00000	4719.53900
5.15793	0.00000	4719.53900
5.16177	0.00000	4719.53900
5.16566	0.00000	4779.46600
5.16955	0.00000	4779.46600
5.17341	0.00000	4779.46600
5.17726	0.00000	4779.46600
5.18110	0.00000	4779.46600
5.18495	0.00000	4779.46600
5.18879	0.00000	4822.58600
5.19262	0.00000	4822.58600
5.19646	0.00000	4822.58600
5.20030	0.00000	4822.58600
5.20414	0.00000	4822.58600
5.20798	0.00000	4822.58600
5.21182	0.00000	4856.73300
5.21565	0.00000	4856.73300
5.21950	0.00000	4856.73300
5.22334	0.00000	4856.73300
5.22717	0.00000	4856.73300
5.23101	0.00000	4856.73300
5.23484	0.00000	4878.20000
5.23868	0.00000	4878.20000
5.24252	0.00000	4878.20000
5.24635	0.00000	4878.20000
5.25019	0.00000	4878.20000
5.25402	0.00000	4878.20000
5.25786	0.00000	4891.99700
5.26169	0.00000	4891.99700
5.26553	0.00000	4891.99700
5.26937	0.00000	4891.99700
5.27321	0.00000	4891.99700
5.27704	0.00000	4891.99700
5.28088	0.00000	4912.60600
5.28471	0.00000	4912.60600
5.28854	0.00000	4912.60600
5.29237	0.00000	4912.60600
5.29620	0.00000	4912.60600
5.30004	0.00000	4912.60600
5.30387	0.00000	4930.45700
5.30770	0.00000	4930.45700
5.31154	0.00000	4930.45700
5.31537	0.00000	4930.45700
5.31921	0.00000	4930.45700
5.32304	0.00000	4930.45700
5.32687	0.00000	4940.30900
5.33069	0.00000	4940.30900
5.33452	0.00000	4940.30900
5.33835	0.00000	4940.30900
5.34219	0.00000	4940.30900
5.34601	0.00000	4940.30900
5.34985	0.00000	4938.63900
5.35368	0.00000	4938.63900
5.35751	0.00000	4938.63900
5.36135	0.00000	4938.63900
5.36518	0.00000	4938.63900
5.36902	0.00000	4938.63900
5.37285	0.00000	4939.60000
5.37671	0.00000	4939.60000
5.38054	0.00000	4939.60000
5.38437	0.00000	4939.60000
5.38820	0.00000	4939.60000
5.39204	0.00000	4939.60000
5.39587	0.00000	4947.47900
5.39972	0.00000	4947.47900
5.40354	0.00000	4947.47900
5.40737	0.00000	4947.47900
5.41121	0.00000	4947.47900
5.41504	0.00000	4947.47900
5.41887	0.00000	4951.04900
5.42270	0.00000	4951.04900
5.42653	0.00000	4951.04900
5.43036	0.00000	4951.04900
5.43419	0.00000	4951.04900
5.43803	0.00000	4951.04900
5.44186	0.00000	4951.04900
5.44569	0.00000	4952.73100
5.44953	0.00000	4952.73100
5.45336	0.00000	4952.73100
5.45719	0.00000	4952.73100
5.46103	0.00000	4952.73100
5.46486	0.00000	4952.73100
5.46869	0.00000	4956.29300
5.47252	0.00000	4956.29300
5.47636	0.00000	4956.29300
5.48019	0.00000	4956.29300
5.48401	0.00000	4956.29300
5.48785	0.00000	4956.29300
5.49168	0.00000	4958.91600
5.49551	0.00000	4958.91600
5.49934	0.00000	4958.91600
5.50317	0.00000	4958.91600
5.50700	0.00000	4958.91600
5.51084	0.00000	4958.91600
5.51467	0.00000	4954.60900
5.51850	0.00000	4954.60900
5.52233	0.00000	4954.60900
5.52616	0.00000	4954.60900
5.52999	0.00000	4954.60900
5.53382	0.00000	4954.60900
5.53765	0.00000	4962.46500
5.54148	0.00000	4962.46500
5.54530	0.00000	4962.46500
5.54913	0.00000	4962.46500
5.55295	0.00000	4962.46500
5.55679	0.00000	4962.46500
5.56063	0.00000	4956.29300
5.56445	0.00000	4956.29300
5.56828	0.00000	4956.29300
5.57212	0.00000	4956.29300
5.57594	0.00000	4956.29300
5.57977	0.00000	4956.29300
5.58360	0.00000	4952.92800
5.58744	0.00000	4952.92800
5.59127	0.00000	4952.92800
5.59510	0.00000	4952.92800
5.59893	0.00000	4952.92800
5.60277	0.00000	4952.92800
5.60660	0.00000	4957.22800
5.61043	0.00000	4957.22800
5.61427	0.00000	4957.22800
5.61810	0.00000	4957.22800
5.62193	0.00000	4957.22800
5.62577	0.00000	4957.22800
5.62960	0.00000	4957.22800
5.63344	0.00000	4957.22800
5.63727	0.00000	4957.22800
5.64110	0.00000	4957.22800
5.64493	0.00000	4957.22800
5.64876	0.00000	4957.22800
5.65259	0.00000	4958.91600
5.65643	0.00000	4958.91600
5.66026	0.00000	4958.91600
5.66409	0.00000	4958.91600
5.66792	0.00000	4958.91600
5.67175	0.00000	4958.91600
5.67557	0.00000	4958.91600
5.67940	0.00000	4958.91600
5.68322	0.00000	4958.91600
5.68705	0.00000	4958.91600
5.69088	0.00000	4958.91600
5.69471	0.00000	4958.91600
5.69854	0.00000	4958.91600
5.70237	0.00000	4956.29300
5.70620	0.00000	4956.29300
5.71002	0.00000	4956.29300
5.71385	0.00000	4956.29300
5.71769	0.00000	4956.29300
5.72152	0.00000	4956.29300
5.72536	0.00000	4951.99000
5.72920	0.00000	4951.99000
5.73302	0.00000	4951.99000
5.73685	0.00000	4951.99000
5.74068	0.00000	4951.99000
5.74451	0.00000	4951.99000
5.74835	0.00000	4962.46500
5.75218	0.00000	4962.46500
5.75601	0.00000	4962.46500
5.75984	0.00000	4962.46500
5.76368	0.00000	4962.46500
5.76751	0.00000	4962.46500
5.77134	0.00000	4956.29300
5.77517	0.00000	4956.29300
5.77901	0.00000	4956.29300
5.78285	0.00000	4956.29300
5.78668	0.00000	4956.29300
5.79051	0.00000	4956.29300
5.79434	0.00000	4951.99000
5.79817	0.00000	4951.99000
5.80200	0.00000	4951.99000
5.80583	0.00000	4951.99000
5.80967	0.00000	4951.99000
5.81351	0.00000	4951.99000
5.81734	0.00000	4953.67100
5.82117	0.00000	4953.67100
5.82500	0.00000	4953.67100
5.82883	0.00000	4953.67100
5.83266	0.00000	4953.67100
5.83650	0.00000	4953.67100
5.84032	0.00000	4963.23500
5.84415	0.00000	4963.23500
5.84798	0.00000	4963.23500
5.85182	0.00000	4963.23500
5.85565	0.00000	4963.23500
5.85948	0.00000	4963.23500
5.86331	0.00000	4953.67100
5.86714	0.00000	4953.67100
5.87098	0.00000	4953.67100
5.87480	0.00000	4953.67100
5.87863	0.00000	4953.67100
5.88247	0.00000	4953.67100
5.88631	0.00000	4956.29300
5.89014	0.00000	4956.29300
5.89397	0.00000	4956.29300
5.89780	0.00000	4956.29300
5.90163	0.00000	4956.29300
5.90546	0.00000	4956.29300
5.90930	0.00000	4951.99000
5.91313	0.00000	4951.99000
5.91696	0.00000	4951.99000
5.92080	0.00000	4951.99000
5.92463	0.00000	4951.99000
5.92846	0.00000	4951.99000
5.93230	0.00000	4945.80400
5.93613	0.00000	4945.80400
5.93996	0.00000	4945.80400
5.94380	0.00000	4945.80400
5.94764	0.00000	4945.80400
5.95147	0.00000	4945.80400
5.95530	0.00000	4953.47600
5.95913	0.00000	4953.47600
5.96296	0.00000	4953.47600
5.96678	0.00000	4953.47600
5.97061	0.00000	4953.47600
5.97444	0.00000	4953.47600
5.97826	0.00000	4953.47600
5.98209	0.00000	4946.52900
5.98591	0.00000	4946.52900
5.98975	0.00000	4946.52900
5.99355	0.00000	4946.52900
5.99737	0.00000	4946.52900
6.00121	0.00000	4946.52900
6.00503	0.00000	4940.55900
6.00887	0.00000	4940.55900
6.01270	0.00000	4940.55900
6.01654	0.00000	4940.55900
6.02037	0.00000	4940.55900
6.02420	0.00000	4940.55900
6.02803	0.00000	4950.10500
6.03186	0.00000	4950.10500
6.03569	0.00000	4950.10500
6.03951	0.00000	4950.10500
6.04335	0.00000	4950.10500
6.04718	0.00000	4950.10500
6.05100	0.00000	4951.78800
6.05483	0.00000	4951.78800
6.05867	0.00000	4951.78800
6.06252	0.00000	4951.78800
6.06634	0.00000	4951.78800
6.07018	0.00000	4951.78800
6.07401	0.00000	4939.60000
6.07784	0.00000	4939.60000
6.08167	0.00000	4939.60000
6.08550	0.00000	4939.60000
6.08934	0.00000	4939.60000
6.09317	0.00000	4939.60000
6.09700	0.00000	4947.47900
6.10083	0.00000	4947.47900
6.10465	0.00000	4947.47900
6.10850	0.00000	4947.47900
6.11234	0.00000	4947.47900
6.11618	0.00000	4947.47900
6.12002	0.00000	4947.47900
6.12384	0.00000	4947.47900
6.12768	0.00000	4947.47900
6.13153	0.00000	4947.47900
6.13535	0.00000	4947.47900
6.13918	0.00000	4947.47900
6.14301	0.00000	4946.52900
6.14683	0.00000	4946.52900
6.15066	0.00000	4946.52900
6.15448	0.00000	4946.52900
6.15831	0.00000	4946.52900
6.16215	0.00000	4946.52900
6.16597	0.00000	4942.22600
6.16981	0.00000	4942.22600
6.17364	0.00000	4942.22600
6.17746	0.00000	4942.22600
6.18130	0.00000	4942.22600
6.18513	0.00000	4942.22600
6.18895	0.00000	4939.60000
6.19279	0.00000	4939.60000
6.19661	0.00000	4939.60000
6.20044	0.00000	4939.60000
6.20428	0.00000	4939.60000
6.20812	0.00000	4939.60000
6.21194	0.00000	4946.52900
6.21579	0.00000	4946.52900
6.21962	0.00000	4946.52900
6.22345	0.00000	4946.52900
6.22727	0.00000	4946.52900
6.23110	0.00000	4946.52900
6.23492	0.00000	4946.52900
6.23877	0.00000	4946.52900
6.24261	0.00000	4946.52900
6.24644	0.00000	4946.52900
6.25026	0.00000	4946.52900
6.25411	0.00000	4946.52900
6.25794	0.00000	4951.78800
6.26178	0.00000	4951.78800
6.26561	0.00000	4951.78800
6.26944	0.00000	4951.78800
6.27327	0.00000	4951.78800
6.27710	0.00000	4951.78800
6.28094	0.00000	4949.89400
6.28476	0.00000	4949.89400
6.28860	0.00000	4949.89400
6.29243	0.00000	4949.89400
6.29627	0.00000	4949.89400
6.30009	0.00000	4949.89400
6.30392	0.00000	4949.89400
6.30775	0.00000	4950.84300
6.31157	0.00000	4950.84300
6.31541	0.00000	4950.84300
6.31924	0.00000	4950.84300
6.32307	0.00000	4950.84300
6.32690	0.00000	4950.84300
6.33074	0.00000	4942.22600
6.33457	0.00000	4942.22600
6.33839	0.00000	4942.22600
6.34222	0.00000	4942.22600
6.34605	0.00000	4942.22600
6.34989	0.00000	4942.22600
6.35371	0.00000	4941.26900
6.35754	0.00000	4941.26900
6.36137	0.00000	4941.26900
6.36520	0.00000	4941.26900
6.36903	0.00000	4941.26900
6.37285	0.00000	4941.26900
6.37668	0.00000	4945.80400
6.38051	0.00000	4945.80400
6.38433	0.00000	4945.80400
6.38817	0.00000	4945.80400
6.39201	0.00000	4945.80400
6.39584	0.00000	4945.80400
6.39966	0.00000	4946.52900
6.40349	0.00000	4946.52900
6.40732	0.00000	4946.52900
6.41115	0.00000	4946.52900
6.41497	0.00000	4946.52900
6.41880	0.00000	4946.52900
6.42264	0.00000	4942.22600
6.42647	0.00000	4942.22600
6.43030	0.00000	4942.22600
6.43412	0.00000	4942.22600
6.43795	0.00000	4942.22600
6.44178	0.00000	4942.22600
6.44562	0.00000	4949.15800
6.44945	0.00000	4949.15800
6.45327	0.00000	4949.15800
6.45710	0.00000	4949.15800
6.46094	0.00000	4949.15800
6.46476	0.00000	4949.15800
6.46860	0.00000	4936.97500
6.47244	0.00000	4936.97500
6.47627	0.00000	4936.97500
6.48010	0.00000	4936.97500
6.48393	0.00000	4936.97500
6.48776	0.00000	4936.97500
6.49160	0.00000	4949.15800
6.49544	0.00000	4949.15800
6.49926	0.00000	4949.15800
6.50309	0.00000	4949.15800
6.50693	0.00000	4949.15800
6.51076	0.00000	4949.15800
6.51460	0.00000	4951.78800
6.51843	0.00000	4951.78800
6.52227	0.00000	4951.78800
6.52609	0.00000	4951.78800
6.52992	0.00000	4951.78800
6.53374	0.00000	4951.78800
6.53754	0.00000	4946.52900
6.54139	0.00000	4946.52900
6.54522	0.00000	4946.52900
6.54905	0.00000	4946.52900
6.55288	0.00000	4946.52900
6.55671	0.00000	4946.52900
6.56054	0.00000	4944.85300
6.56438	0.00000	4944.85300
6.56821	0.00000	4944.85300
6.57204	0.00000	4944.85300
6.57588	0.00000	4944.85300
6.57971	0.00000	4944.85300
6.58354	0.00000	4939.60000
6.58737	0.00000	4939.60000
6.59120	0.00000	4939.60000
6.59503	0.00000	4939.60000
6.59886	0.00000	4939.60000
6.60269	0.00000	4939.60000
6.60652	0.00000	4939.60000
6.61035	0.00000	4950.84300
6.61417	0.00000	4950.84300
6.61801	0.00000	4950.84300
6.62185	0.00000	4950.84300
6.62568	0.00000	4950.84300
6.62951	0.00000	4950.84300
6.63335	0.00000	4948.20900
6.63717	0.00000	4948.20900
6.64100	0.00000	4948.20900
6.64483	0.00000	4948.20900
6.64865	0.00000	4948.20900
6.65248	0.00000	4948.20900
6.65630	0.00000	4944.85300
6.66013	0.00000	4944.85300
6.66397	0.00000	4944.85300
6.66781	0.00000	4944.85300
6.67164	0.00000	4944.85300
6.67547	0.00000	4944.85300
6.67931	0.00000	4947.47900
6.68314	0.00000	4947.47900
6.68696	0.00000	4947.47900
6.69079	0.00000	4947.47900
6.69461	0.00000	4947.47900
6.69844	0.00000	4947.47900
6.70227	0.00000	4939.60000
6.70610	0.00000	4939.60000
6.70993	0.00000	4939.60000
6.71376	0.00000	4939.60000
6.71754	0.00000	4939.60000
6.72137	0.00000	4939.60000
6.72520	0.00000	4942.22600
6.72903	0.00000	4942.22600
6.73285	0.00000	4942.22600
6.73669	0.00000	4942.22600
6.74052	0.00000	4942.22600
6.74435	0.00000	4942.22600
6.74818	0.00000	4944.85300
6.75202	0.00000	4944.85300
6.75585	0.00000	4944.85300
6.75968	0.00000	4944.85300
6.76351	0.00000	4944.85300
6.76735	0.00000	4944.85300
6.77118	0.00000	4944.85300
6.77500	0.00000	4944.85300
6.77882	0.00000	4944.85300
6.78265	0.00000	4944.85300
6.78648	0.00000	4944.85300
6.79031	0.00000	4944.85300
6.79414	0.00000	4942.22600
6.79797	0.00000	4942.22600
6.80180	0.00000	4942.22600
6.80563	0.00000	4942.22600
6.80946	0.00000	4942.22600
6.81328	0.00000	4942.22600
6.81711	0.00000	4945.80400
6.82094	0.00000	4945.80400
6.82477	0.00000	4945.80400
6.82861	0.00000	4945.80400
6.83243	0.00000	4945.80400
6.83627	0.00000	4945.80400
6.84009	0.00000	4950.10500
6.84392	0.00000	4950.10500
6.84775	0.00000	4950.10500
6.85158	0.00000	4950.10500
6.85541	0.00000	4950.10500
6.85925	0.00000	4950.10500
6.86308	0.00000	4947.47900
6.86692	0.00000	4947.47900
6.87075	0.00000	4947.47900
6.87458	0.00000	4947.47900
6.87840	0.00000	4947.47900
6.88224	0.00000	4947.47900
6.88607	0.00000	4947.47900
6.88991	0.00000	4947.47900
6.89373	0.00000	4947.47900
6.89754	0.00000	4947.47900
6.90138	0.00000	4947.47900
6.90520	0.00000	4947.47900
6.90904	0.00000	4947.47900
6.91286	0.00000	4954.41800
6.91670	0.00000	4954.41800
6.92053	0.00000	4954.41800
6.92436	0.00000	4954.41800
6.92819	0.00000	4954.41800
6.93203	0.00000	4954.41800
6.93585	0.00000	4944.85300
6.93968	0.00000	4944.85300
6.94352	0.00000	4944.85300
6.94736	0.00000	4944.85300
6.95120	0.00000	4944.85300
6.95503	0.00000	4944.85300
6.95888	0.00000	4940.55900
6.96270	0.00000	4940.55900
6.96653	0.00000	4940.55900
6.97037	0.00000	4940.55900
6.97421	0.00000	4940.55900
6.97804	0.00000	4940.55900
6.98187	0.00000	4947.47900
6.98570	0.00000	4947.47900
6.98953	0.00000	4947.47900
6.99337	0.00000	4947.47900
6.99720	0.00000	4947.47900
7.00103	0.00000	4947.47900
7.00486	0.00000	4947.47900
7.00869	0.00000	4947.47900
7.01252	0.00000	4947.47900
7.01635	0.00000	4947.47900
7.02019	0.00000	4947.47900
7.02402	0.00000	4947.47900
7.02786	0.00000	4947.47900
7.03169	0.00000	4947.47900
7.03552	0.00000	4947.47900
7.03935	0.00000	4947.47900
7.04318	0.00000	4947.47900
7.04700	0.00000	4947.47900
7.05084	0.00000	4950.10500
7.05467	0.00000	4950.10500
7.05851	0.00000	4950.10500
7.06234	0.00000	4950.10500
7.06617	0.00000	4950.10500
7.07000	0.00000	4950.10500
7.07383	0.00000	4945.80400
7.07767	0.00000	4945.80400
7.08150	0.00000	4945.80400
7.08534	0.00000	4945.80400
7.08917	0.00000	4945.80400
7.09300	0.00000	4945.80400
7.09684	0.00000	4956.29300
7.10067	0.00000	4956.29300
7.10450	0.00000	4956.29300
7.10833	0.00000	4956.29300
7.11216	0.00000	4956.29300
7.11599	0.00000	4956.29300
7.11982	0.00000	4955.35700
7.12366	0.00000	4955.35700
7.12749	0.00000	4955.35700
7.13132	0.00000	4955.35700
7.13516	0.00000	4955.35700
7.13899	0.00000	4955.35700
7.14281	0.00000	4953.67100
7.14666	0.00000	4953.67100
7.15049	0.00000	4953.67100
7.15432	0.00000	4953.67100
7.15815	0.00000	4953.67100
7.16198	0.00000	4953.67100
7.16580	0.00000	4952.73100
7.16965	0.00000	4952.73100
7.17348	0.00000	4952.73100
7.17732	0.00000	4952.73100
7.18115	0.00000	4952.73100
7.18500	0.00000	4952.73100
7.18883	0.00000	4955.35700
7.19265	0.00000	4955.35700
7.19648	0.00000	4955.35700
7.20031	0.00000	4955.35700
7.20414	0.00000	4955.35700
7.20797	0.00000	4955.35700
7.21181	0.00000	4955.35700
7.21564	0.00000	4951.78800
7.21947	0.00000	4951.78800
7.22330	0.00000	4951.78800
7.22714	0.00000	4951.78800
7.23098	0.00000	4951.78800
7.23481	0.00000	4951.78800
7.23865	0.00000	4952.73100
7.24247	0.00000	4952.73100
7.24630	0.00000	4952.73100
7.25014	0.00000	4952.73100
7.25397	0.00000	4952.73100
7.25780	0.00000	4952.73100
7.26164	0.00000	4943.18200
7.26549	0.00000	4943.18200
7.26935	0.00000	4943.18200
7.27318	0.00000	4943.18200
7.27701	0.00000	4943.18200
7.28085	0.00000	4943.18200
7.28468	0.00000	4945.80400
7.28853	0.00000	4945.80400
7.29236	0.00000	4945.80400
7.29619	0.00000	4945.80400
7.30003	0.00000	4945.80400
7.30386	0.00000	4945.80400
7.30770	0.00000	4952.73100
7.31152	0.00000	4952.73100
7.31535	0.00000	4952.73100
7.31919	0.00000	4952.73100
7.32302	0.00000	4952.73100
7.32685	0.00000	4952.73100
7.33068	0.00000	4943.18200
7.33451	0.00000	4943.18200
7.33833	0.00000	4943.18200
7.34217	0.00000	4943.18200
7.34600	0.00000	4943.18200
7.34984	0.00000	4943.18200
7.35367	0.00000	4951.04900
7.35750	0.00000	4951.04900
7.36134	0.00000	4951.04900
7.36517	0.00000	4951.04900
7.36900	0.00000	4951.04900
7.37283	0.00000	4951.04900
7.37666	0.00000	4948.42700
7.38050	0.00000	4948.42700
7.38433	0.00000	4948.42700
7.38815	0.00000	4948.42700
7.39198	0.00000	4948.42700
7.39580	0.00000	4948.42700
7.39964	0.00000	4952.73100
7.40347	0.00000	4952.73100
7.40731	0.00000	4952.73100
7.41114	0.00000	4952.73100
7.41497	0.00000	4952.73100
7.41881	0.00000	4952.73100
7.42263	0.00000	4952.73100
7.42646	0.00000	4952.73100
7.43029	0.00000	4952.73100
7.43412	0.00000	4952.73100
7.43795	0.00000	4952.73100
7.44178	0.00000	4952.73100
7.44561	0.00000	4948.42700
7.44946	0.00000	4948.42700
7.45330	0.00000	4948.42700
7.45713	0.00000	4948.42700
7.46097	0.00000	4948.42700
7.46480	0.00000	4948.42700
7.46864	0.00000	4945.80400
7.47247	0.00000	4945.80400
7.47630	0.00000	4945.80400
7.48014	0.00000	4945.80400
7.48397	0.00000	4945.80400
7.48780	0.00000	4945.80400
7.49162	0.00000	4951.78800
7.49544	0.00000	4951.78800
7.49929	0.00000	4951.78800
7.50312	0.00000	4951.78800
7.50694	0.00000	4951.78800
7.51078	0.00000	4951.78800
7.51461	0.00000	4951.78800
7.51843	0.00000	4954.41800
7.52226	0.00000	4954.41800
7.52611	0.00000	4954.41800
7.52994	0.00000	4954.41800
7.53377	0.00000	4954.41800
7.53760	0.00000	4954.41800
7.54144	0.00000	4958.91600
7.54527	0.00000	4958.91600
7.54911	0.00000	4958.91600
7.55293	0.00000	4958.91600
7.55676	0.00000	4958.91600
7.56059	0.00000	4958.91600
7.56442	0.00000	4954.60900
7.56825	0.00000	4954.60900
7.57210	0.00000	4954.60900
7.57593	0.00000	4954.60900
7.57976	0.00000	4954.60900
7.58359	0.00000	4954.60900
7.58742	0.00000	4951.04900
7.59126	0.00000	4951.04900
7.59509	0.00000	4951.04900
7.59893	0.00000	4951.04900
7.60276	0.00000	4951.04900
7.60659	0.00000	4951.04900
7.61042	0.00000	4951.04900
7.61426	0.00000	4951.04900
7.61809	0.00000	4951.04900
7.62192	0.00000	4951.04900
7.62575	0.00000	4951.04900
7.62954	0.00000	4951.04900
7.63338	0.00000	4956.29300
7.63721	0.00000	4956.29300
7.64104	0.00000	4956.29300
7.64487	0.00000	4956.29300
7.64870	0.00000	4956.29300
7.65254	0.00000	4956.29300
7.65637	0.00000	4956.29300
7.66020	0.00000	4956.29300
7.66402	0.00000	4956.29300
7.66785	0.00000	4956.29300
7.67169	0.00000	4956.29300
7.67553	0.00000	4956.29300
7.67937	0.00000	4953.67100
7.68320	0.00000	4953.67100
7.68702	0.00000	4953.67100
7.69085	0.00000	4953.67100
7.69469	0.00000	4953.67100
7.69852	0.00000	4953.67100
7.70236	0.00000	4948.42700
7.70619	0.00000	4948.42700
7.71002	0.00000	4948.42700
7.71385	0.00000	4948.42700
7.71768	0.00000	4948.42700
7.72151	0.00000	4948.42700
7.72535	0.00000	4952.73100
7.72918	0.00000	4952.73100
7.73301	0.00000	4952.73100
7.73685	0.00000	4952.73100
7.74068	0.00000	4952.73100
7.74451	0.00000	4952.73100
7.74835	0.00000	4944.13400
7.75218	0.00000	4944.13400
7.75601	0.00000	4944.13400
7.75984	0.00000	4944.13400
7.76367	0.00000	4944.13400
7.76750	0.00000	4944.13400
7.77133	0.00000	4952.73100
7.77515	0.00000	4952.73100
7.77898	0.00000	4952.73100
7.78282	0.00000	4952.73100
7.78665	0.00000	4952.73100
7.79048	0.00000	4952.73100
7.79432	0.00000	4952.73100
7.79814	0.00000	4947.47900
7.80197	0.00000	4947.47900
7.80580	0.00000	4947.47900
7.80963	0.00000	4947.47900
7.81346	0.00000	4947.47900
7.81729	0.00000	4947.47900
7.82112	0.00000	4952.73100
7.82495	0.00000	4952.73100
7.82879	0.00000	4952.73100
7.83262	0.00000	4952.73100
7.83645	0.00000	4952.73100
7.84029	0.00000	4952.73100
7.84412	0.00000	4955.35700
7.84795	0.00000	4955.35700
7.85178	0.00000	4955.35700
7.85561	0.00000	4955.35700
7.85946	0.00000	4955.35700
7.86331	0.00000	4955.35700
7.86716	0.00000	4956.29300
7.87101	0.00000	4956.29300
7.87485	0.00000	4956.29300
7.87868	0.00000	4956.29300
7.88252	0.00000	4956.29300
7.88635	0.00000	4956.29300
7.89018	0.00000	4959.84600
7.89402	0.00000	4959.84600
7.89785	0.00000	4959.84600
7.90168	0.00000	4959.84600
7.90551	0.00000	4959.84600
7.90935	0.00000	4959.84600
7.91318	0.00000	4951.04900
7.91701	0.00000	4951.04900
7.92084	0.00000	4951.04900
7.92468	0.00000	4951.04900
7.92851	0.00000	4951.04900
7.93235	0.00000	4951.04900
7.93619	0.00000	4945.80400
7.94004	0.00000	4945.80400
7.94387	0.00000	4945.80400
7.94770	0.00000	4945.80400
7.95154	0.00000	4945.80400
7.95537	0.00000	4945.80400
7.95920	0.00000	4951.04900
7.96304	0.00000	4951.04900
7.96686	0.00000	4951.04900
7.97070	0.00000	4951.04900
7.97453	0.00000	4951.04900
7.97835	0.00000	4951.04900
7.98219	0.00000	4952.73100
7.98603	0.00000	4952.73100
7.98986	0.00000	4952.73100
7.99369	0.00000	4952.73100
7.99753	0.00000	4952.73100
8.00138	0.00000	4952.73100
8.00521	0.00000	4947.47900
8.00905	0.00000	4947.47900
8.01288	0.00000	4947.47900
8.01671	0.00000	4947.47900
8.02054	0.00000	4947.47900
8.02436	0.00000	4947.47900
8.02819	0.00000	4943.18200
8.03204	0.00000	4943.18200
8.03587	0.00000	4943.18200
8.03971	0.00000	4943.18200
8.04354	0.00000	4943.18200
8.04738	0.00000	4943.18200
8.05122	0.00000	4947.47900
8.05507	0.00000	4947.47900
8.05891	0.00000	4947.47900
8.06274	0.00000	4947.47900
8.06657	0.00000	4947.47900
8.07040	0.00000	4947.47900
8.07423	0.00000	4946.52900
8.07806	0.00000	4946.52900
8.08190	0.00000	4946.52900
8.08573	0.00000	4946.52900
8.08955	0.00000	4946.52900
8.09337	0.00000	4946.52900
8.09720	0.00000	4946.52900
8.10102	0.00000	4949.15800
8.10486	0.00000	4949.15800
8.10868	0.00000	4949.15800
8.11251	0.00000	4949.15800
8.11634	0.00000	4949.15800
8.12018	0.00000	4949.15800
8.12402	0.00000	4950.10500
8.12784	0.00000	4950.10500
8.13166	0.00000	4950.10500
8.13549	0.00000	4950.10500
8.13934	0.00000	4950.10500
8.14317	0.00000	4950.10500
8.14700	0.00000	4942.22600
8.15082	0.00000	4942.22600
8.15466	0.00000	4942.22600
8.15848	0.00000	4942.22600
8.16231	0.00000	4942.22600
8.16614	0.00000	4942.22600
8.16997	0.00000	4951.78800
8.17380	0.00000	4951.78800
8.17764	0.00000	4951.78800
8.18147	0.00000	4951.78800
8.18530	0.00000	4951.78800
8.18914	0.00000	4951.78800
8.19303	0.00000	4951.78800
8.19702	0.00000	4951.78800
8.20110	0.00000	4951.78800
8.20509	0.00000	4951.78800
8.20897	0.00000	4951.78800
8.21283	0.00000	4951.78800
8.21669	0.00000	4950.10500
8.22055	0.00000	4950.10500
8.22439	0.00000	4950.10500
8.22823	0.00000	4950.10500
8.23207	0.00000	4950.10500
8.23591	0.00000	4950.10500
8.23976	0.00000	4950.10500
8.24359	0.00000	4950.10500
8.24742	0.00000	4950.10500
8.25126	0.00000	4950.10500
8.25510	0.00000	4950.10500
8.25894	0.00000	4950.10500
8.26277	0.00000	4946.52900
8.26662	0.00000	4946.52900
8.27045	0.00000	4946.52900
8.27428	0.00000	4946.52900
8.27812	0.00000	4946.52900
8.28197	0.00000	4946.52900
8.28581	0.00000	4940.55900
8.28964	0.00000	4940.55900
8.29347	0.00000	4940.55900
8.29731	0.00000	4940.55900
8.30115	0.00000	4940.55900
8.30501	0.00000	4940.55900
8.30886	0.00000	4949.15800
8.31270	0.00000	4949.15800
8.31653	0.00000	4949.15800
8.32037	0.00000	4949.15800
8.32421	0.00000	4949.15800
8.32806	0.00000	4949.15800
8.33190	0.00000	4947.47900
8.33573	0.00000	4947.47900
8.33956	0.00000	4947.47900
8.34340	0.00000	4947.47900
8.34725	0.00000	4947.47900
8.35108	0.00000	4947.47900
8.35491	0.00000	4943.89900
8.35875	0.00000	4943.89900
8.36259	0.00000	4943.89900
8.36642	0.00000	4943.89900
8.37025	0.00000	4943.89900
8.37407	0.00000	4943.89900
8.37790	0.00000	4949.15800
8.38174	0.00000	4949.15800
8.38555	0.00000	4949.15800
8.38937	0.00000	4949.15800
8.39321	0.00000	4949.15800
8.39705	0.00000	4949.15800
8.40088	0.00000	4936.97500
8.40474	0.00000	4936.97500
8.40860	0.00000	4936.97500
8.41244	0.00000	4936.97500
8.41627	0.00000	4936.97500
8.42011	0.00000	4936.97500
8.42393	0.00000	4941.26900
8.42776	0.00000	4941.26900
8.43160	0.00000	4941.26900
8.43543	0.00000	4941.26900
8.43927	0.00000	4941.26900
8.44311	0.00000	4941.26900
8.44696	0.00000	4942.22600
8.45080	0.00000	4942.22600
8.45465	0.00000	4942.22600
8.45849	0.00000	4942.22600
8.46232	0.00000	4942.22600
8.46615	0.00000	4942.22600
8.47002	0.00000	4946.52900
8.47387	0.00000	4946.52900
8.47771	0.00000	4946.52900
8.48154	0.00000	4946.52900
8.48538	0.00000	4946.52900
8.48921	0.00000	4946.52900
8.49304	0.00000	4949.89400
8.49689	0.00000	4949.89400
8.50071	0.00000	4949.89400
8.50454	0.00000	4949.89400
8.50837	0.00000	4949.89400
8.51221	0.00000	4949.89400
8.51606	0.00000	4949.89400
8.51989	0.00000	4940.30900
8.52374	0.00000	4940.30900
8.52756	0.00000	4940.30900
8.53139	0.00000	4940.30900
8.53522	0.00000	4940.30900
8.53905	0.00000	4940.30900
8.54288	0.00000	4943.89900
8.54672	0.00000	4943.89900
8.55055	0.00000	4943.89900
8.55439	0.00000	4943.89900
8.55822	0.00000	4943.89900
8.56206	0.00000	4943.89900
8.56590	0.00000	4944.85300
8.56974	0.00000	4944.85300
8.57354	0.00000	4944.85300
8.57738	0.00000	4944.85300
8.58121	0.00000	4944.85300
8.58505	0.00000	4944.85300
8.58887	0.00000	4946.52900
8.59271	0.00000	4946.52900
8.59654	0.00000	4946.52900
8.60039	0.00000	4946.52900
8.60423	0.00000	4946.52900
8.60806	0.00000	4946.52900
8.61189	0.00000	4951.78800
8.61572	0.00000	4951.78800
8.61956	0.00000	4951.78800
8.62339	0.00000	4951.78800
8.62723	0.00000	4951.78800
8.63106	0.00000	4951.78800
8.63489	0.00000	4941.26900
8.63872	0.00000	4941.26900
8.64255	0.00000	4941.26900
8.64638	0.00000	4941.26900
8.65022	0.00000	4941.26900
8.65405	0.00000	4941.26900
8.65788	0.00000	4938.63900
8.66170	0.00000	4938.63900
8.66553	0.00000	4938.63900
8.66937	0.00000	4938.63900
8.67321	0.00000	4938.63900
8.67704	0.00000	4938.63900
8.68088	0.00000	4939.60000
8.68471	0.00000	4939.60000
8.68855	0.00000	4939.60000
8.69238	0.00000	4939.60000
8.69620	0.00000	4939.60000
8.70004	0.00000	4939.60000
8.70388	0.00000	4944.85300
8.70771	0.00000	4944.85300
8.71154	0.00000	4944.85300
8.71538	0.00000	4944.85300
8.71921	0.00000	4944.85300
8.72303	0.00000	4944.85300
8.72686	0.00000	4943.89900
8.73069	0.00000	4943.89900
8.73453	0.00000	4943.89900
8.73836	0.00000	4943.89900
8.74219	0.00000	4943.89900
8.74603	0.00000	4943.89900
8.74987	0.00000	4949.15800
8.75370	0.00000	4949.15800
8.75754	0.00000	4949.15800
8.76138	0.00000	4949.15800
8.76521	0.00000	4949.15800
8.76904	0.00000	4949.15800
8.77287	0.00000	4939.60000
8.77670	0.00000	4939.60000
8.78053	0.00000	4939.60000
8.78436	0.00000	4939.60000
8.78819	0.00000	4939.60000
8.79202	0.00000	4939.60000
8.79585	0.00000	4941.26900
8.79970	0.00000	4941.26900
8.80353	0.00000	4941.26900
8.80738	0.00000	4941.26900
8.81122	0.00000	4941.26900
8.81505	0.00000	4941.26900
8.81888	0.00000	4938.63900
8.82274	0.00000	4938.63900
8.82658	0.00000	4938.63900
8.83041	0.00000	4938.63900
8.83424	0.00000	4938.63900
8.83807	0.00000	4938.63900
8.84190	0.00000	4938.63900
8.84572	0.00000	4938.63900
8.84955	0.00000	4938.63900
8.85337	0.00000	4938.63900
8.85721	0.00000	4938.63900
8.86104	0.00000	4938.63900
8.86487	0.00000	4938.63900
8.86869	0.00000	4948.20900
8.87253	0.00000	4948.20900
8.87636	0.00000	4948.20900
8.88019	0.00000	4948.20900
8.88403	0.00000	4948.20900
8.88786	0.00000	4948.20900
8.89169	0.00000	4944.62000
8.89552	0.00000	4944.62000
8.89935	0.00000	4944.62000
8.90319	0.00000	4944.62000
8.90702	0.00000	4944.62000
8.91086	0.00000	4944.62000
8.91469	0.00000	4936.01000
8.91852	0.00000	4936.01000
8.92235	0.00000	4936.01000
8.92619	0.00000	4936.01000
8.93002	0.00000	4936.01000
8.93385	0.00000	4936.01000
8.93768	0.00000	4943.89900
8.94152	0.00000	4943.89900
8.94536	0.00000	4943.89900
8.94919	0.00000	4943.89900
8.95302	0.00000	4943.89900
8.95685	0.00000	4943.89900
8.96068	0.00000	4936.97500
8.96451	0.00000	4936.97500
8.96834	0.00000	4936.97500
8.97217	0.00000	4936.97500
8.97600	0.00000	4936.97500
8.97983	0.00000	4936.97500
8.98366	0.00000	4941.26900
8.98749	0.00000	4941.26900
8.99132	0.00000	4941.26900
8.99515	0.00000	4941.26900
8.99898	0.00000	4941.26900
9.00281	0.00000	4941.26900
9.00664	0.00000	4943.89900
9.01047	0.00000	4943.89900
9.01430	0.00000	4943.89900
9.01812	0.00000	4943.89900
9.02196	0.00000	4943.89900
9.02579	0.00000	4943.89900
9.02963	0.00000	4945.57500
9.03346	0.00000	4945.57500
9.03729	0.00000	4945.57500
9.04112	0.00000	4945.57500
9.04496	0.00000	4945.57500
9.04879	0.00000	4945.57500
9.05261	0.00000	4941.26900
9.05645	0.00000	4941.26900
9.06028	0.00000	4941.26900
9.06411	0.00000	4941.26900
9.06794	0.00000	4941.26900
9.07177	0.00000	4941.26900
9.07561	0.00000	4943.89900
9.07944	0.00000	4943.89900
9.08328	0.00000	4943.89900
9.08712	0.00000	4943.89900
9.09095	0.00000	4943.89900
9.09479	0.00000	4943.89900
9.09862	0.00000	4937.67500
9.10245	0.00000	4937.67500
9.10629	0.00000	4937.67500
9.11012	0.00000	4937.67500
9.11395	0.00000	4937.67500
9.11778	0.00000	4937.67500
9.12162	0.00000	4942.94200
9.12545	0.00000	4942.94200
9.12928	0.00000	4942.94200
9.13311	0.00000	4942.94200
9.13694	0.00000	4942.94200
9.14078	0.00000	4942.94200
9.14462	0.00000	4945.57500
9.14846	0.00000	4945.57500
9.15230	0.00000	4945.57500
9.15614	0.00000	4945.57500
9.15997	0.00000	4945.57500
9.16380	0.00000	4945.57500
9.16763	0.00000	4942.94200
9.17147	0.00000	4942.94200
9.17530	0.00000	4942.94200
9.17914	0.00000	4942.94200
9.18296	0.00000	4942.94200
9.18679	0.00000	4942.94200
9.19063	0.00000	4942.94200
9.19446	0.00000	4942.94200
9.19829	0.00000	4942.94200
9.20212	0.00000	4942.94200
9.20595	0.00000	4942.94200
9.20980	0.00000	4942.94200
9.21364	0.00000	4937.67500
9.21746	0.00000	4937.67500
9.22128	0.00000	4937.67500
9.22511	0.00000	4937.67500
9.22894	0.00000	4937.67500
9.23277	0.00000	4937.67500
9.23661	0.00000	4937.67500
9.24043	0.00000	4937.67500
9.24426	0.00000	4937.67500
9.24810	0.00000	4937.67500
9.25193	0.00000	4937.67500
9.25577	0.00000	4937.67500
9.25959	0.00000	4937.67500
9.26343	0.00000	4946.52900
9.26726	0.00000	4946.52900
9.27109	0.00000	4946.52900
9.27492	0.00000	4946.52900
9.27875	0.00000	4946.52900
9.28257	0.00000	4946.52900
9.28641	0.00000	4936.01000
9.29024	0.00000	4936.01000
9.29407	0.00000	4936.01000
9.29790	0.00000	4936.01000
9.30173	0.00000	4936.01000
9.30554	0.00000	4936.01000
9.30938	0.00000	4941.26900
9.31322	0.00000	4941.26900
9.31705	0.00000	4941.26900
9.32088	0.00000	4941.26900
9.32471	0.00000	4941.26900
9.32854	0.00000	4941.26900
9.33238	0.00000	4936.01000
9.33621	0.00000	4936.01000
9.34004	0.00000	4936.01000
9.34387	0.00000	4936.01000
9.34770	0.00000	4936.01000
9.35153	0.00000	4936.01000
9.35536	0.00000	4938.63900
9.35921	0.00000	4938.63900
9.36304	0.00000	4938.63900
9.36687	0.00000	4938.63900
9.37070	0.00000	4938.63900
9.37453	0.00000	4938.63900
9.37837	0.00000	4933.38000
9.38220	0.00000	4933.38000
9.38603	0.00000	4933.38000
9.38986	0.00000	4933.38000
9.39369	0.00000	4933.38000
9.39752	0.00000	4933.38000
9.40136	0.00000	4941.26900
9.40519	0.00000	4941.26900
9.40902	0.00000	4941.26900
9.41285	0.00000	4941.26900
9.41669	0.00000	4941.26900
9.42053	0.00000	4941.26900
9.42436	0.00000	4941.26900
9.42818	0.00000	4941.26900
9.43203	0.00000	4941.26900
9.43586	0.00000	4941.26900
9.43969	0.00000	4941.26900
9.44352	0.00000	4941.26900
9.44736	0.00000	4933.38000
9.45119	0.00000	4933.38000
9.45502	0.00000	4933.38000
9.45885	0.00000	4933.38000
9.46269	0.00000	4933.38000
9.46654	0.00000	4933.38000
9.47037	0.00000	4941.26900
9.47420	0.00000	4941.26900
9.47803	0.00000	4941.26900
9.48187	0.00000	4941.26900
9.48570	0.00000	4941.26900
9.48952	0.00000	4941.26900
9.49336	0.00000	4941.26900
9.49718	0.00000	4941.26900
9.50101	0.00000	4941.26900
9.50484	0.00000	4941.26900
9.50867	0.00000	4941.26900
9.51250	0.00000	4941.26900
9.51633	0.00000	4942.22600
9.52017	0.00000	4942.22600
9.52401	0.00000	4942.22600
9.52784	0.00000	4942.22600
9.53167	0.00000	4942.22600
9.53550	0.00000	4942.22600
9.53934	0.00000	4941.26900
9.54317	0.00000	4941.26900
9.54701	0.00000	4941.26900
9.55084	0.00000	4941.26900
9.55467	0.00000	4941.26900
9.55851	0.00000	4941.26900
9.56234	0.00000	4940.30900
9.56616	0.00000	4940.30900
9.57000	0.00000	4940.30900
9.57383	0.00000	4940.30900
9.57766	0.00000	4940.30900
9.58148	0.00000	4940.30900
9.58532	0.00000	4947.25700
9.58915	0.00000	4947.25700
9.59298	0.00000	4947.25700
9.59681	0.00000	4947.25700
9.60064	0.00000	4947.25700
9.60447	0.00000	4947.25700
9.60830	0.00000	4947.25700
9.61213	0.00000	4946.52900
9.61596	0.00000	4946.52900
9.61978	0.00000	4946.52900
9.62361	0.00000	4946.52900
9.62744	0.00000	4946.52900
9.63128	0.00000	4946.52900
9.63510	0.00000	4946.52900
9.63893	0.00000	4946.52900
9.64277	0.00000	4946.52900
9.64660	0.00000	4946.52900
9.65043	0.00000	4946.52900
9.65425	0.00000	4946.52900
9.65809	0.00000	4944.85300
9.66192	0.00000	4944.85300
9.66575	0.00000	4944.85300
9.66954	0.00000	4944.85300
9.67337	0.00000	4944.85300
9.67720	0.00000	4944.85300
9.68103	0.00000	4949.15800
9.68485	0.00000	4949.15800
9.68868	0.00000	4949.15800
9.69251	0.00000	4949.15800
9.69633	0.00000	4949.15800
9.70016	0.00000	4949.15800
9.70400	0.00000	4943.18200
9.70784	0.00000	4943.18200
9.71169	0.00000	4943.18200
9.71553	0.00000	4943.18200
9.71937	0.00000	4943.18200
9.72319	0.00000	4943.18200
9.72702	0.00000	4944.85300
9.73085	0.00000	4944.85300
9.73468	0.00000	4944.85300
9.73850	0.00000	4944.85300
9.74233	0.00000	4944.85300
9.74616	0.00000	4944.85300
9.74998	0.00000	4941.26900
9.75381	0.00000	4941.26900
9.75764	0.00000	4941.26900
9.76147	0.00000	4941.26900
9.76530	0.00000	4941.26900
9.76913	0.00000	4941.26900
9.77296	0.00000	4942.22600
9.77679	0.00000	4942.22600
9.78062	0.00000	4942.22600
9.78445	0.00000	4942.22600
9.78829	0.00000	4942.22600
9.79213	0.00000	4942.22600
9.79597	0.00000	4943.89900
9.79980	0.00000	4943.89900
9.80362	0.00000	4943.89900
9.80748	0.00000	4943.89900
9.81131	0.00000	4943.89900
9.81514	0.00000	4943.89900
9.81897	0.00000	4948.20900
9.82280	0.00000	4948.20900
9.82662	0.00000	4948.20900
9.83045	0.00000	4948.20900
9.83428	0.00000	4948.20900
9.83811	0.00000	4948.20900
9.84194	0.00000	4947.47900
9.84578	0.00000	4947.47900
9.84963	0.00000	4947.47900
9.85346	0.00000	4947.47900
9.85729	0.00000	4947.47900
9.86113	0.00000	4947.47900
9.86496	0.00000	4939.60000
9.86880	0.00000	4939.60000
9.87263	0.00000	4939.60000
9.87647	0.00000	4939.60000
9.88030	0.00000	4939.60000
9.88414	0.00000	4939.60000
9.88797	0.00000	4946.52900
9.89180	0.00000	4946.52900
9.89563	0.00000	4946.52900
9.89947	0.00000	4946.52900
9.90330	0.00000	4946.52900
9.90712	0.00000	4946.52900
9.91095	0.00000	4946.52900
9.91478	0.00000	4945.57500
9.91861	0.00000	4945.57500
9.92244	0.00000	4945.57500
9.92627	0.00000	4945.57500
9.93010	0.00000	4945.57500
9.93393	0.00000	4945.57500
9.93775	0.00000	4943.89900
9.94154	0.00000	4943.89900
9.94538	0.00000	4943.89900
9.94921	0.00000	4943.89900
9.95304	0.00000	4943.89900
9.95687	0.00000	4943.89900
9.96070	0.00000	4939.60000
9.96453	0.00000	4939.60000
9.96836	0.00000	4939.60000
9.97219	0.00000	4939.60000
9.97602	0.00000	4939.60000
9.97985	0.00000	4939.60000
9.98369	0.00000	4946.52900
9.98751	0.00000	4946.52900
9.99135	0.00000	4946.52900
9.99517	0.00000	4946.52900
9.99900	0.00000	4946.52900
