Time (s)   Thrust (N)   RPM
0.00031	0.00000	3736.31300
0.00420	0.00000	3736.08500
0.00804	0.00000	3736.08500
0.01188	0.00000	3736.08500
0.01568	0.00000	3736.08500
0.01951	0.00000	3736.08500
0.02340	0.00000	3736.31300
0.02723	0.00000	3736.31300
0.03106	0.00000	3736.31300
0.03489	0.00000	3736.31300
0.03873	0.00000	3736.31300
0.04257	0.00000	3705.60100
0.04639	0.00000	3705.60100
0.05021	0.00000	3705.60100
0.05406	0.00000	3705.60100
0.05790	0.00000	3687.84500
0.06173	0.00000	3687.84500
0.06555	0.00000	3687.84500
0.06938	0.00000	3687.84500
0.07321	0.00000	3687.84500
0.07704	0.00000	3666.82000
0.08087	0.00000	3666.82000
0.08469	0.00000	3666.82000
0.08851	0.00000	3666.82000
0.09234	0.00000	3666.82000
0.09617	0.00000	3642.95500
0.09999	0.00000	3642.95500
0.10383	0.00000	3642.95500
0.10765	0.00000	3642.95500
0.11149	0.00000	3631.28500
0.11532	0.00000	3631.28500
0.11914	0.00000	3631.28500
0.12296	0.00000	3631.28500
0.12679	0.00000	3631.28500
0.13061	0.00000	3614.20600
0.13445	0.00000	3614.20600
0.13827	0.00000	3614.20600
0.14210	0.00000	3614.20600
0.14592	0.00000	3614.20600
0.14975	0.00000	3600.00000
0.15358	0.00000	3600.00000
0.15742	0.00000	3600.00000
0.16125	0.00000	3600.00000
0.16508	0.00000	3588.02800
0.16891	0.00000	3588.02800
0.17274	0.00000	3588.02800
0.17656	0.00000	3588.02800
0.18039	0.00000	3588.02800
0.18422	0.00000	3574.93000
0.18804	0.00000	3574.93000
0.19188	0.00000	3574.93000
0.19567	0.00000	3574.93000
0.19951	0.00000	3566.38400
0.20334	0.00000	3566.38400
0.20716	0.00000	3566.38400
0.21099	0.00000	3566.38400
0.21483	0.00000	3566.38400
0.21866	0.00000	3556.88200
0.22249	0.00000	3556.88200
0.22632	0.00000	3556.88200
0.23015	0.00000	3556.88200
0.23398	0.00000	3551.69900
0.23780	0.00000	3551.69900
0.24164	0.00000	3551.69900
0.24546	0.00000	3551.69900
0.24930	0.00000	3551.69900
0.25313	0.00000	3541.27300
0.25695	0.00000	3541.27300
0.26078	0.00000	3541.27300
0.26461	0.00000	3541.27300
0.26845	0.00000	3541.27300
0.27227	0.00000	3541.07600
0.27611	0.00000	3541.07600
0.27994	0.00000	3541.07600
0.28377	0.00000	3541.07600
0.28759	0.00000	3533.38000
0.29143	0.00000	3533.38000
0.29525	0.00000	3533.38000
0.29910	0.00000	3533.38000
0.30295	0.00000	3533.38000
0.30679	0.00000	3526.91200
0.31062	0.00000	3526.91200
0.31445	0.00000	3526.91200
0.31828	0.00000	3526.91200
0.32211	0.00000	3526.06600
0.32595	0.00000	3526.06600
0.32977	0.00000	3526.06600
0.33360	0.00000	3526.06600
0.33743	0.00000	3526.06600
0.34126	0.00000	3520.04700
0.34508	0.00000	3520.04700
0.34892	0.00000	3520.04700
0.35275	0.00000	3520.04700
0.35657	0.00000	3514.95700
0.36040	0.00000	3514.95700
0.36424	0.00000	3514.95700
0.36806	0.00000	3514.95700
0.37188	0.00000	3514.95700
0.37568	0.00000	3509.20600
0.37951	0.00000	3509.20600
0.38333	0.00000	3509.20600
0.38716	0.00000	3509.20600
0.39098	0.00000	3514.51000
0.39480	0.00000	3514.51000
0.39863	0.00000	3514.51000
0.40245	0.00000	3514.51000
0.40628	0.00000	3514.51000
0.41011	0.00000	3505.66500
0.41394	0.00000	3505.66500
0.41778	0.00000	3505.66500
0.42161	0.00000	3505.66500
0.42544	0.00000	3507.14300
0.42927	0.00000	3507.14300
0.43309	0.00000	3507.14300
0.43692	0.00000	3507.14300
0.44074	0.00000	3507.14300
0.44457	0.00000	3501.65500
0.44840	0.00000	3501.65500
0.45223	0.00000	3501.65500
0.45605	0.00000	3501.65500
0.45987	0.00000	3496.18600
0.46368	0.00000	3496.18600
0.46751	0.00000	3496.18600
0.47133	0.00000	3496.18600
0.47516	0.00000	3496.18600
0.47898	0.00000	3497.86900
0.48281	0.00000	3497.86900
0.48663	0.00000	3497.86900
0.49047	0.00000	3497.86900
0.49430	0.00000	3492.61200
0.49812	0.00000	3492.61200
0.50194	0.00000	3492.61200
0.50577	0.00000	3492.61200
0.50960	0.00000	3492.61200
0.51342	0.00000	3497.63000
0.51725	0.00000	3497.63000
0.52107	0.00000	3497.63000
0.52489	0.00000	3497.63000
0.52871	0.00000	3489.03700
0.53254	0.00000	3489.03700
0.53637	0.00000	3489.03700
0.54019	0.00000	3489.03700
0.54401	0.00000	3489.03700
0.54783	0.00000	3486.96600
0.55166	0.00000	3486.96600
0.55549	0.00000	3486.96600
0.55932	0.00000	3486.96600
0.56314	0.00000	3484.95700
0.56697	0.00000	3484.95700
0.57080	0.00000	3484.95700
0.57463	0.00000	3484.95700
0.57846	0.00000	3484.95700
0.58228	0.00000	3486.96600
0.58612	0.00000	3486.96600
0.58994	0.00000	3486.96600
0.59377	0.00000	3486.96600
0.59759	0.00000	3485.21000
0.60142	0.00000	3485.21000
0.60524	0.00000	3485.21000
0.60906	0.00000	3485.21000
0.61289	0.00000	3485.21000
0.61671	0.00000	3490.27500
0.62054	0.00000	3490.27500
0.62436	0.00000	3490.27500
0.62819	0.00000	3490.27500
0.63201	0.00000	3488.53800
0.63585	0.00000	3488.53800
0.63967	0.00000	3488.53800
0.64351	0.00000	3488.53800
0.64733	0.00000	3488.53800
0.65115	0.00000	3486.96600
0.65498	0.00000	3486.96600
0.65880	0.00000	3486.96600
0.66264	0.00000	3486.96600
0.66647	0.00000	3484.95700
0.67029	0.00000	3484.95700
0.67412	0.00000	3484.95700
0.67794	0.00000	3484.95700
0.68176	0.00000	3484.95700
0.68560	0.00000	3483.15900
0.68942	0.00000	3483.15900
0.69325	0.00000	3483.15900
0.69708	0.00000	3483.15900
0.70090	0.00000	3481.63100
0.70473	0.00000	3481.63100
0.70856	0.00000	3481.63100
0.71239	0.00000	3481.63100
0.71622	0.00000	3481.63100
0.72004	0.00000	3486.71700
0.72387	0.00000	3486.71700
0.72768	0.00000	3486.71700
0.73150	0.00000	3486.71700
0.73532	0.00000	3484.95700
0.73915	0.00000	3484.95700
0.74297	0.00000	3484.95700
0.74680	0.00000	3484.95700
0.75062	0.00000	3484.95700
0.75445	0.00000	3486.71700
0.75828	0.00000	3486.71700
0.76211	0.00000	3486.71700
0.76593	0.00000	3486.71700
0.76977	0.00000	3484.95700
0.77362	0.00000	3484.95700
0.77745	0.00000	3484.95700
0.78128	0.00000	3484.95700
0.78510	0.00000	3484.95700
0.78892	0.00000	3482.90600
0.79274	0.00000	3482.90600
0.79657	0.00000	3482.90600
0.80044	0.00000	3482.90600
0.80428	0.00000	3488.28800
0.80813	0.00000	3488.28800
0.81195	0.00000	3488.28800
0.81579	0.00000	3488.28800
0.81961	0.00000	3488.28800
0.82344	0.00000	3483.15900
0.82726	0.00000	3483.15900
0.83108	0.00000	3483.15900
0.83491	0.00000	3483.15900
0.83873	0.00000	3484.95700
0.84257	0.00000	3484.95700
0.84640	0.00000	3484.95700
0.85023	0.00000	3484.95700
0.85405	0.00000	3484.95700
0.85788	0.00000	3476.04300
0.86171	0.00000	3476.04300
0.86554	0.00000	3476.04300
0.86936	0.00000	3476.04300
0.87320	0.00000	3484.70300
0.87703	0.00000	3484.70300
0.88086	0.00000	3484.70300
0.88468	0.00000	3484.70300
0.88851	0.00000	3484.70300
0.89234	0.00000	3482.90600
0.89616	0.00000	3482.90600
0.89999	0.00000	3482.90600
0.90383	0.00000	3482.90600
0.90766	0.00000	3481.11800
0.91150	0.00000	3481.11800
0.91532	0.00000	3481.11800
0.91915	0.00000	3481.11800
0.92298	0.00000	3481.11800
0.92680	0.00000	3483.15900
0.93063	0.00000	3483.15900
0.93446	0.00000	3483.15900
0.93829	0.00000	3483.15900
0.94212	0.00000	3481.37500
0.94595	0.00000	3481.37500
0.94977	0.00000	3481.37500
0.95360	0.00000	3481.37500
0.95743	0.00000	3481.37500
0.96125	0.00000	3486.46700
0.96508	0.00000	3486.46700
0.96892	0.00000	3486.46700
0.97274	0.00000	3486.46700
0.97656	0.00000	3481.37500
0.98039	0.00000	3481.37500
0.98422	0.00000	3481.37500
0.98805	0.00000	3481.37500
0.99187	0.00000	3481.37500
0.99567	0.00000	3483.15900
0.99950	0.00000	3483.15900
1.00332	0.00000	3483.15900
1.00714	0.00000	3483.15900
1.01097	0.00000	3481.37500
1.01482	0.00000	3481.37500
1.01864	0.00000	3481.37500
1.02247	0.00000	3481.37500
1.02630	0.00000	3481.37500
1.03012	0.00000	3486.46700
1.03395	0.00000	3486.46700
1.03778	0.00000	3486.46700
1.04160	0.00000	3486.46700
1.04543	0.00000	3481.37500
1.04926	0.00000	3481.37500
1.05309	0.00000	3481.37500
1.05691	0.00000	3481.37500
1.06073	0.00000	3481.37500
1.06455	0.00000	3479.60100
1.06838	0.00000	3479.60100
1.07220	0.00000	3479.60100
1.07603	0.00000	3479.60100
1.07985	0.00000	3481.37500
1.08368	0.00000	3481.37500
1.08750	0.00000	3481.37500
1.09132	0.00000	3481.37500
1.09514	0.00000	3481.37500
1.09896	0.00000	3475.52300
1.10279	0.00000	3475.52300
1.10661	0.00000	3475.52300
1.11044	0.00000	3475.52300
1.11427	0.00000	3477.53300
1.11811	0.00000	3477.53300
1.12193	0.00000	3477.53300
1.12576	0.00000	3477.53300
1.12958	0.00000	3477.53300
1.13341	0.00000	3482.90600
1.13724	0.00000	3482.90600
1.14107	0.00000	3482.90600
1.14489	0.00000	3482.90600
1.14871	0.00000	3481.37500
1.15254	0.00000	3481.37500
1.15637	0.00000	3481.37500
1.16019	0.00000	3481.37500
1.16403	0.00000	3481.37500
1.16786	0.00000	3486.21600
1.17167	0.00000	3486.21600
1.17550	0.00000	3486.21600
1.17932	0.00000	3486.21600
1.18315	0.00000	3481.37500
1.18698	0.00000	3481.37500
1.19081	0.00000	3481.37500
1.19463	0.00000	3481.37500
1.19845	0.00000	3481.37500
1.20228	0.00000	3479.34400
1.20610	0.00000	3479.34400
1.20992	0.00000	3479.34400
1.21375	0.00000	3479.34400
1.21758	0.00000	3481.37500
1.22141	0.00000	3481.37500
1.22523	0.00000	3481.37500
1.22906	0.00000	3481.37500
1.23288	0.00000	3481.37500
1.23671	0.00000	3486.46700
1.24054	0.00000	3486.46700
1.24436	0.00000	3486.46700
1.24820	0.00000	3486.46700
1.25202	0.00000	3477.79300
1.25585	0.00000	3477.79300
1.25967	0.00000	3477.79300
1.26351	0.00000	3477.79300
1.26733	0.00000	3477.79300
1.27116	0.00000	3482.65200
1.27499	0.00000	3482.65200
1.27881	0.00000	3482.65200
1.28264	0.00000	3482.65200
1.28646	0.00000	3481.11800
1.29031	0.00000	3481.11800
1.29413	0.00000	3481.11800
1.29795	0.00000	3481.11800
1.30180	0.00000	3481.11800
1.30565	0.00000	3483.15900
1.30948	0.00000	3483.15900
1.31331	0.00000	3483.15900
1.31714	0.00000	3483.15900
1.32097	0.00000	3481.11800
1.32480	0.00000	3481.11800
1.32863	0.00000	3481.11800
1.33246	0.00000	3481.11800
1.33628	0.00000	3481.11800
1.34010	0.00000	3486.46700
1.34392	0.00000	3486.46700
1.34775	0.00000	3486.46700
1.35157	0.00000	3486.46700
1.35540	0.00000	3477.79300
1.35922	0.00000	3477.79300
1.36305	0.00000	3477.79300
1.36688	0.00000	3477.79300
1.37069	0.00000	3477.79300
1.37452	0.00000	3482.65200
1.37835	0.00000	3482.65200
1.38217	0.00000	3482.65200
1.38600	0.00000	3482.65200
1.38982	0.00000	3481.11800
1.39365	0.00000	3481.11800
1.39748	0.00000	3481.11800
1.40130	0.00000	3481.11800
1.40513	0.00000	3481.11800
1.40896	0.00000	3482.65200
1.41278	0.00000	3482.65200
1.41661	0.00000	3482.65200
1.42043	0.00000	3482.65200
1.42425	0.00000	3477.79300
1.42809	0.00000	3477.79300
1.43191	0.00000	3477.79300
1.43573	0.00000	3477.79300
1.43956	0.00000	3477.79300
1.44337	0.00000	3475.52300
1.44720	0.00000	3475.52300
1.45102	0.00000	3475.52300
1.45484	0.00000	3475.52300
1.45867	0.00000	3481.11800
1.46250	0.00000	3481.11800
1.46633	0.00000	3481.11800
1.47016	0.00000	3481.11800
1.47399	0.00000	3481.11800
1.47781	0.00000	3479.34400
1.48163	0.00000	3479.34400
1.48546	0.00000	3479.34400
1.48928	0.00000	3479.34400
1.49311	0.00000	3481.11800
1.49694	0.00000	3481.11800
1.50075	0.00000	3481.11800
1.50458	0.00000	3481.11800
1.50841	0.00000	3481.11800
1.51223	0.00000	3486.21600
1.51605	0.00000	3486.21600
1.51988	0.00000	3486.21600
1.52367	0.00000	3486.21600
1.52750	0.00000	3477.53300
1.53134	0.00000	3477.53300
1.53516	0.00000	3477.53300
1.53898	0.00000	3477.53300
1.54280	0.00000	3477.53300
1.54663	0.00000	3479.08700
1.55045	0.00000	3479.08700
1.55428	0.00000	3479.08700
1.55810	0.00000	3479.08700
1.56192	0.00000	3473.94800
1.56576	0.00000	3473.94800
1.56959	0.00000	3473.94800
1.57341	0.00000	3473.94800
1.57724	0.00000	3473.94800
1.58107	0.00000	3479.08700
1.58489	0.00000	3479.08700
1.58872	0.00000	3479.08700
1.59254	0.00000	3479.08700
1.59636	0.00000	3474.21200
1.60019	0.00000	3474.21200
1.60402	0.00000	3474.21200
1.60785	0.00000	3474.21200
1.61167	0.00000	3474.21200
1.61549	0.00000	3475.78300
1.61932	0.00000	3475.78300
1.62314	0.00000	3475.78300
1.62697	0.00000	3475.78300
1.63080	0.00000	3477.53300
1.63464	0.00000	3477.53300
1.63846	0.00000	3477.53300
1.64229	0.00000	3477.53300
1.64611	0.00000	3477.53300
1.64994	0.00000	3478.82900
1.65377	0.00000	3478.82900
1.65759	0.00000	3478.82900
1.66141	0.00000	3478.82900
1.66523	0.00000	3480.86100
1.66906	0.00000	3480.86100
1.67288	0.00000	3480.86100
1.67671	0.00000	3480.86100
1.68054	0.00000	3480.86100
1.68436	0.00000	3482.65200
1.68818	0.00000	3482.65200
1.69201	0.00000	3482.65200
1.69584	0.00000	3482.65200
1.69966	0.00000	3473.94800
1.70349	0.00000	3473.94800
1.70732	0.00000	3473.94800
1.71114	0.00000	3473.94800
1.71497	0.00000	3473.94800
1.71879	0.00000	3478.82900
1.72262	0.00000	3478.82900
1.72645	0.00000	3478.82900
1.73028	0.00000	3478.82900
1.73409	0.00000	3473.68400
1.73793	0.00000	3473.68400
1.74175	0.00000	3473.68400
1.74557	0.00000	3473.68400
1.74940	0.00000	3473.68400
1.75323	0.00000	3471.95800
1.75706	0.00000	3471.95800
1.76088	0.00000	3471.95800
1.76470	0.00000	3471.95800
1.76853	0.00000	3470.36300
1.77237	0.00000	3470.36300
1.77619	0.00000	3470.36300
1.78002	0.00000	3470.36300
1.78384	0.00000	3470.36300
1.78766	0.00000	3475.78300
1.79149	0.00000	3475.78300
1.79532	0.00000	3475.78300
1.79914	0.00000	3475.78300
1.80300	0.00000	3477.53300
1.80685	0.00000	3477.53300
1.81069	0.00000	3477.53300
1.81452	0.00000	3477.53300
1.81835	0.00000	3477.53300
1.82218	0.00000	3479.08700
1.82600	0.00000	3479.08700
1.82984	0.00000	3479.08700
1.83366	0.00000	3479.08700
1.83749	0.00000	3480.86100
1.84132	0.00000	3480.86100
1.84515	0.00000	3480.86100
1.84898	0.00000	3480.86100
1.85280	0.00000	3480.86100
1.85662	0.00000	3475.78300
1.86044	0.00000	3475.78300
1.86427	0.00000	3475.78300
1.86809	0.00000	3475.78300
1.87191	0.00000	3474.21200
1.87574	0.00000	3474.21200
1.87957	0.00000	3474.21200
1.88338	0.00000	3474.21200
1.88721	0.00000	3474.21200
1.89104	0.00000	3471.95800
1.89486	0.00000	3471.95800
1.89868	0.00000	3471.95800
1.90251	0.00000	3471.95800
1.90633	0.00000	3477.27200
1.91016	0.00000	3477.27200
1.91398	0.00000	3477.27200
1.91781	0.00000	3477.27200
1.92164	0.00000	3477.27200
1.92546	0.00000	3479.08700
1.92929	0.00000	3479.08700
1.93311	0.00000	3479.08700
1.93693	0.00000	3479.08700
1.94076	0.00000	3474.21200
1.94460	0.00000	3474.21200
1.94843	0.00000	3474.21200
1.95225	0.00000	3474.21200
1.95607	0.00000	3474.21200
1.95989	0.00000	3475.78300
1.96367	0.00000	3475.78300
1.96750	0.00000	3475.78300
1.97131	0.00000	3475.78300
1.97514	0.00000	3477.27200
1.97898	0.00000	3477.27200
1.98279	0.00000	3477.27200
1.98662	0.00000	3477.27200
1.99044	0.00000	3477.27200
1.99427	0.00000	3471.95800
1.99810	0.00000	3471.95800
2.00192	0.00000	3471.95800
2.00574	0.00000	3471.95800
2.00957	0.00000	3473.94800
2.01340	0.00000	3473.94800
2.01723	0.00000	3473.94800
2.02106	0.00000	3473.94800
2.02488	0.00000	3473.94800
2.02871	0.00000	3475.78300
2.03254	0.00000	3475.78300
2.03636	0.00000	3475.78300
2.04018	0.00000	3475.78300
2.04402	0.00000	3466.50700
2.04784	0.00000	3466.50700
2.05167	0.00000	3466.50700
2.05550	0.00000	3466.50700
2.05932	0.00000	3466.50700
2.06315	0.00000	3479.08700
2.06697	0.00000	3479.08700
2.07079	0.00000	3479.08700
2.07462	0.00000	3479.08700
2.07846	0.00000	3477.27200
2.08229	0.00000	3477.27200
2.08611	0.00000	3477.27200
2.08994	0.00000	3477.27200
2.09376	0.00000	3477.27200
2.09758	0.00000	3472.22200
2.10140	0.00000	3472.22200
2.10522	0.00000	3472.22200
2.10905	0.00000	3472.22200
2.11287	0.00000	3473.68400
2.11670	0.00000	3473.68400
2.12052	0.00000	3473.68400
2.12434	0.00000	3473.68400
2.12817	0.00000	3473.68400
2.13200	0.00000	3471.95800
2.13583	0.00000	3471.95800
2.13966	0.00000	3471.95800
2.14349	0.00000	3471.95800
2.14731	0.00000	3480.86100
2.15114	0.00000	3480.86100
2.15496	0.00000	3480.86100
2.15878	0.00000	3480.86100
2.16261	0.00000	3480.86100
2.16643	0.00000	3479.08700
2.17025	0.00000	3479.08700
2.17407	0.00000	3479.08700
2.17790	0.00000	3479.08700
2.18173	0.00000	3477.27200
2.18555	0.00000	3477.27200
2.18937	0.00000	3477.27200
2.19320	0.00000	3477.27200
2.19702	0.00000	3477.27200
2.20085	0.00000	3475.78300
2.20467	0.00000	3475.78300
2.20850	0.00000	3475.78300
2.21233	0.00000	3475.78300
2.21615	0.00000	3477.53300
2.21998	0.00000	3477.53300
2.22380	0.00000	3477.53300
2.22762	0.00000	3477.53300
2.23145	0.00000	3477.53300
2.23528	0.00000	3475.52300
2.23910	0.00000	3475.52300
2.24292	0.00000	3475.52300
2.24674	0.00000	3475.52300
2.25058	0.00000	3477.01100
2.25441	0.00000	3477.01100
2.25823	0.00000	3477.01100
2.26206	0.00000	3477.01100
2.26589	0.00000	3477.01100
2.26971	0.00000	3471.69300
2.27354	0.00000	3471.69300
2.27736	0.00000	3471.69300
2.28118	0.00000	3471.69300
2.28501	0.00000	3470.09500
2.28883	0.00000	3470.09500
2.29266	0.00000	3470.09500
2.29648	0.00000	3470.09500
2.30031	0.00000	3470.09500
2.30416	0.00000	3479.08700
2.30800	0.00000	3479.08700
2.31182	0.00000	3479.08700
2.31565	0.00000	3479.08700
2.31948	0.00000	3473.68400
2.32331	0.00000	3473.68400
2.32714	0.00000	3473.68400
2.33097	0.00000	3473.68400
2.33487	0.00000	3473.68400
2.33873	0.00000	3475.52300
2.34256	0.00000	3475.52300
2.34639	0.00000	3475.52300
2.35022	0.00000	3475.52300
2.35405	0.00000	3473.68400
2.35788	0.00000	3473.68400
2.36170	0.00000	3473.68400
2.36553	0.00000	3473.68400
2.36935	0.00000	3473.68400
2.37317	0.00000	3475.78300
2.37700	0.00000	3475.78300
2.38082	0.00000	3475.78300
2.38465	0.00000	3475.78300
2.38847	0.00000	3473.68400
2.39229	0.00000	3473.68400
2.39611	0.00000	3473.68400
2.39993	0.00000	3473.68400
2.40376	0.00000	3473.68400
2.40758	0.00000	3479.08700
2.41140	0.00000	3479.08700
2.41522	0.00000	3479.08700
2.41905	0.00000	3479.08700
2.42288	0.00000	3477.27200
2.42670	0.00000	3477.27200
2.43053	0.00000	3477.27200
2.43435	0.00000	3477.27200
2.43818	0.00000	3477.27200
2.44201	0.00000	3475.52300
2.44584	0.00000	3475.52300
2.44967	0.00000	3475.52300
2.45350	0.00000	3475.52300
2.45732	0.00000	3477.27200
2.46114	0.00000	3477.27200
2.46496	0.00000	3477.27200
2.46880	0.00000	3477.27200
2.47263	0.00000	3477.27200
2.47645	0.00000	3475.78300
2.48028	0.00000	3475.78300
2.48410	0.00000	3475.78300
2.48792	0.00000	3475.78300
2.49174	0.00000	3473.68400
2.49557	0.00000	3473.68400
2.49939	0.00000	3473.68400
2.50322	0.00000	3473.68400
2.50704	0.00000	3473.68400
2.51087	0.00000	3468.39300
2.51469	0.00000	3468.39300
2.51851	0.00000	3468.39300
2.52233	0.00000	3468.39300
2.52615	0.00000	3466.23500
2.52998	0.00000	3466.23500
2.53380	0.00000	3466.23500
2.53763	0.00000	3466.23500
2.54145	0.00000	3466.23500
2.54528	0.00000	3472.22200
2.54910	0.00000	3472.22200
2.55292	0.00000	3472.22200
2.55674	0.00000	3472.22200
2.56056	0.00000	3473.41900
2.56439	0.00000	3473.41900
2.56821	0.00000	3473.41900
2.57204	0.00000	3473.41900
2.57587	0.00000	3473.41900
2.57968	0.00000	3471.69300
2.58351	0.00000	3471.69300
2.58733	0.00000	3471.69300
2.59115	0.00000	3471.69300
2.59497	0.00000	3477.27200
2.59879	0.00000	3477.27200
2.60262	0.00000	3477.27200
2.60644	0.00000	3477.27200
2.61026	0.00000	3477.27200
2.61408	0.00000	3475.78300
2.61790	0.00000	3475.78300
2.62173	0.00000	3475.78300
2.62555	0.00000	3475.78300
2.62938	0.00000	3480.86100
2.63319	0.00000	3480.86100
2.63702	0.00000	3480.86100
2.64084	0.00000	3480.86100
2.64466	0.00000	3480.86100
2.64848	0.00000	3475.52300
2.65230	0.00000	3475.52300
2.65612	0.00000	3475.52300
2.65995	0.00000	3475.52300
2.66378	0.00000	3473.68400
2.66760	0.00000	3473.68400
2.67142	0.00000	3473.68400
2.67524	0.00000	3473.68400
2.67906	0.00000	3473.68400
2.68289	0.00000	3475.26100
2.68672	0.00000	3475.26100
2.69054	0.00000	3475.26100
2.69436	0.00000	3475.26100
2.69818	0.00000	3473.94800
2.70200	0.00000	3473.94800
2.70583	0.00000	3473.94800
2.70966	0.00000	3473.94800
2.71349	0.00000	3473.94800
2.71731	0.00000	3475.52300
2.72114	0.00000	3475.52300
2.72497	0.00000	3475.52300
2.72880	0.00000	3475.52300
2.73262	0.00000	3473.41900
2.73645	0.00000	3473.41900
2.74027	0.00000	3473.41900
2.74410	0.00000	3473.41900
2.74792	0.00000	3473.41900
2.75174	0.00000	3471.69300
2.75556	0.00000	3471.69300
2.75938	0.00000	3471.69300
2.76320	0.00000	3471.69300
2.76702	0.00000	3477.27200
2.77084	0.00000	3477.27200
2.77466	0.00000	3477.27200
2.77849	0.00000	3477.27200
2.78232	0.00000	3477.27200
2.78614	0.00000	3475.78300
2.78996	0.00000	3475.78300
2.79379	0.00000	3475.78300
2.79763	0.00000	3475.78300
2.80146	0.00000	3473.94800
2.80530	0.00000	3473.94800
2.80914	0.00000	3473.94800
2.81296	0.00000	3473.94800
2.81680	0.00000	3473.94800
2.82062	0.00000	3475.52300
2.82445	0.00000	3475.52300
2.82827	0.00000	3475.52300
2.83211	0.00000	3475.52300
2.83596	0.00000	3473.41900
2.83980	0.00000	3473.41900
2.84363	0.00000	3473.41900
2.84746	0.00000	3473.41900
2.85129	0.00000	3473.41900
2.85511	0.00000	3467.85700
2.85894	0.00000	3467.85700
2.86277	0.00000	3467.85700
2.86661	0.00000	3467.85700
2.87044	0.00000	3473.68400
2.87427	0.00000	3473.68400
2.87810	0.00000	3473.68400
2.88192	0.00000	3473.68400
2.88574	0.00000	3473.68400
2.88957	0.00000	3471.95800
2.89339	0.00000	3471.95800
2.89722	0.00000	3471.95800
2.90104	0.00000	3471.95800
2.90487	0.00000	3470.09500
2.90869	0.00000	3470.09500
2.91253	0.00000	3470.09500
2.91636	0.00000	3470.09500
2.92019	0.00000	3470.09500
2.92402	0.00000	3475.00000
2.92785	0.00000	3475.00000
2.93167	0.00000	3475.00000
2.93550	0.00000	3475.00000
2.93933	0.00000	3473.68400
2.94316	0.00000	3473.68400
2.94699	0.00000	3473.68400
2.95081	0.00000	3473.68400
2.95464	0.00000	3473.68400
2.95847	0.00000	3471.69300
2.96231	0.00000	3471.69300
2.96614	0.00000	3471.69300
2.96996	0.00000	3471.69300
2.97378	0.00000	3473.68400
2.97761	0.00000	3473.68400
2.98143	0.00000	3473.68400
2.98526	0.00000	3473.68400
2.98909	0.00000	3473.68400
2.99291	0.00000	3475.00000
2.99673	0.00000	3475.00000
3.00055	0.00000	3475.00000
3.00438	0.00000	3475.00000
3.00821	0.00000	3473.94800
3.01204	0.00000	3473.94800
3.01586	0.00000	3473.94800
3.01968	0.00000	3473.94800
3.02349	0.00000	3473.94800
3.02732	0.00000	3475.00000
3.03114	0.00000	3475.00000
3.03497	0.00000	3475.00000
3.03878	0.00000	3475.00000
3.04261	0.00000	3473.68400
3.04643	0.00000	3473.68400
3.05026	0.00000	3473.68400
3.05408	0.00000	3473.68400
3.05791	0.00000	3473.68400
3.06173	0.00000	3474.73700
3.06555	0.00000	3474.73700
3.06937	0.00000	3474.73700
3.07320	0.00000	3474.73700
3.07703	0.00000	3473.68400
3.08085	0.00000	3473.68400
3.08467	0.00000	3473.68400
3.08849	0.00000	3473.68400
3.09231	0.00000	3473.68400
3.09613	0.00000	3470.89700
3.09996	0.00000	3470.89700
3.10379	0.00000	3470.89700
3.10761	0.00000	3470.89700
3.11143	0.00000	3473.94800
3.11525	0.00000	3473.94800
3.11907	0.00000	3473.94800
3.12289	0.00000	3473.94800
3.12672	0.00000	3473.94800
3.13054	0.00000	3474.21200
3.13437	0.00000	3474.21200
3.13819	0.00000	3474.21200
3.14201	0.00000	3474.21200
3.14584	0.00000	3470.09500
3.14966	0.00000	3470.09500
3.15349	0.00000	3470.09500
3.15731	0.00000	3470.09500
3.16114	0.00000	3470.09500
3.16496	0.00000	3477.79300
3.16879	0.00000	3477.79300
3.17261	0.00000	3477.79300
3.17644	0.00000	3477.79300
3.18026	0.00000	3473.94800
3.18409	0.00000	3473.94800
3.18792	0.00000	3473.94800
3.19174	0.00000	3473.94800
3.19556	0.00000	3477.53300
3.19938	0.00000	3477.53300
3.20320	0.00000	3477.53300
3.20702	0.00000	3477.53300
3.21084	0.00000	3477.53300
3.21466	0.00000	3474.21200
3.21849	0.00000	3474.21200
3.22231	0.00000	3474.21200
3.22614	0.00000	3474.21200
3.22995	0.00000	3477.53300
3.23378	0.00000	3477.53300
3.23760	0.00000	3477.53300
3.24142	0.00000	3477.53300
3.24526	0.00000	3477.53300
3.24908	0.00000	3473.94800
3.25291	0.00000	3473.94800
3.25674	0.00000	3473.94800
3.26056	0.00000	3473.94800
3.26439	0.00000	3477.01100
3.26821	0.00000	3477.01100
3.27203	0.00000	3477.01100
3.27586	0.00000	3477.01100
3.27968	0.00000	3477.01100
3.28350	0.00000	3474.21200
3.28734	0.00000	3474.21200
3.29117	0.00000	3474.21200
3.29501	0.00000	3474.21200
3.29884	0.00000	3480.60300
3.30269	0.00000	3480.60300
3.30653	0.00000	3480.60300
3.31036	0.00000	3480.60300
3.31419	0.00000	3480.60300
3.31801	0.00000	3474.21200
3.32183	0.00000	3474.21200
3.32565	0.00000	3474.21200
3.32947	0.00000	3474.21200
3.33331	0.00000	3473.68400
3.33713	0.00000	3473.68400
3.34095	0.00000	3473.68400
3.34478	0.00000	3473.68400
3.34860	0.00000	3473.68400
3.35243	0.00000	3481.63100
3.35625	0.00000	3481.63100
3.36009	0.00000	3481.63100
3.36391	0.00000	3481.63100
3.36774	0.00000	3474.21200
3.37157	0.00000	3474.21200
3.37539	0.00000	3474.21200
3.37922	0.00000	3474.21200
3.38304	0.00000	3474.21200
3.38686	0.00000	3481.63100
3.39069	0.00000	3481.63100
3.39451	0.00000	3481.63100
3.39834	0.00000	3481.63100
3.40216	0.00000	3473.94800
3.40599	0.00000	3473.94800
3.40981	0.00000	3473.94800
3.41364	0.00000	3473.94800
3.41746	0.00000	3473.94800
3.42130	0.00000	3478.57100
3.42513	0.00000	3478.57100
3.42895	0.00000	3478.57100
3.43277	0.00000	3478.57100
3.43659	0.00000	3473.94800
3.44042	0.00000	3473.94800
3.44424	0.00000	3473.94800
3.44807	0.00000	3473.94800
3.45189	0.00000	3473.94800
3.45568	0.00000	3478.82900
3.45950	0.00000	3478.82900
3.46332	0.00000	3478.82900
3.46714	0.00000	3478.82900
3.47097	0.00000	3477.27200
3.47480	0.00000	3477.27200
3.47863	0.00000	3477.27200
3.48245	0.00000	3477.27200
3.48628	0.00000	3477.27200
3.49010	0.00000	3481.63100
3.49393	0.00000	3481.63100
3.49775	0.00000	3481.63100
3.50158	0.00000	3481.63100
3.50540	0.00000	3480.86100
3.50924	0.00000	3480.86100
3.51306	0.00000	3480.86100
3.51688	0.00000	3480.86100
3.52070	0.00000	3480.86100
3.52452	0.00000	3475.00000
3.52835	0.00000	3475.00000
3.53216	0.00000	3475.00000
3.53599	0.00000	3475.00000
3.53982	0.00000	3473.94800
3.54365	0.00000	3473.94800
3.54748	0.00000	3473.94800
3.55131	0.00000	3473.94800
3.55514	0.00000	3473.94800
3.55896	0.00000	3478.57100
3.56279	0.00000	3478.57100
3.56662	0.00000	3478.57100
3.57044	0.00000	3478.57100
3.57426	0.00000	3473.94800
3.57810	0.00000	3473.94800
3.58193	0.00000	3473.94800
3.58576	0.00000	3473.94800
3.58958	0.00000	3473.94800
3.59341	0.00000	3478.82900
3.59724	0.00000	3478.82900
3.60107	0.00000	3478.82900
3.60488	0.00000	3478.82900
3.60871	0.00000	3477.53300
3.61254	0.00000	3477.53300
3.61636	0.00000	3477.53300
3.62018	0.00000	3477.53300
3.62400	0.00000	3477.53300
3.62783	0.00000	3479.08700
3.63165	0.00000	3479.08700
3.63547	0.00000	3479.08700
3.63930	0.00000	3479.08700
3.64312	0.00000	3473.94800
3.64694	0.00000	3473.94800
3.65077	0.00000	3473.94800
3.65460	0.00000	3473.94800
3.65842	0.00000	3473.94800
3.66225	0.00000	3475.52300
3.66607	0.00000	3475.52300
3.66990	0.00000	3475.52300
3.67373	0.00000	3475.52300
3.67756	0.00000	3477.27200
3.68140	0.00000	3477.27200
3.68522	0.00000	3477.27200
3.68904	0.00000	3477.27200
3.69287	0.00000	3477.27200
3.69669	0.00000	3479.08700
3.70052	0.00000	3479.08700
3.70435	0.00000	3479.08700
3.70817	0.00000	3479.08700
3.71200	0.00000	3473.68400
3.71583	0.00000	3473.68400
3.71966	0.00000	3473.68400
3.72350	0.00000	3473.68400
3.72733	0.00000	3473.68400
3.73115	0.00000	3482.39700
3.73497	0.00000	3482.39700
3.73880	0.00000	3482.39700
3.74262	0.00000	3482.39700
3.74645	0.00000	3477.27200
3.75029	0.00000	3477.27200
3.75412	0.00000	3477.27200
3.75794	0.00000	3477.27200
3.76177	0.00000	3477.27200
3.76559	0.00000	3475.52300
3.76942	0.00000	3475.52300
3.77324	0.00000	3475.52300
3.77706	0.00000	3475.52300
3.78088	0.00000	3473.94800
3.78471	0.00000	3473.94800
3.78854	0.00000	3473.94800
3.79237	0.00000	3473.94800
3.79620	0.00000	3473.94800
3.80002	0.00000	3475.78300
3.80388	0.00000	3475.78300
3.80768	0.00000	3475.78300
3.81151	0.00000	3475.78300
3.81534	0.00000	3477.27200
3.81917	0.00000	3477.27200
3.82299	0.00000	3477.27200
3.82683	0.00000	3477.27200
3.83065	0.00000	3477.27200
3.83447	0.00000	3475.52300
3.83829	0.00000	3475.52300
3.84212	0.00000	3475.52300
3.84594	0.00000	3475.52300
3.84976	0.00000	3477.01100
3.85358	0.00000	3477.01100
3.85740	0.00000	3477.01100
3.86122	0.00000	3477.01100
3.86505	0.00000	3477.01100
3.86887	0.00000	3476.04300
3.87269	0.00000	3476.04300
3.87651	0.00000	3476.04300
3.88034	0.00000	3476.04300
3.88417	0.00000	3477.53300
3.88801	0.00000	3477.53300
3.89183	0.00000	3477.53300
3.89564	0.00000	3477.53300
3.89947	0.00000	3477.53300
3.90328	0.00000	3479.34400
3.90710	0.00000	3479.34400
3.91090	0.00000	3479.34400
3.91472	0.00000	3479.34400
3.91853	0.00000	3477.53300
3.92235	0.00000	3477.53300
3.92616	0.00000	3477.53300
3.92997	0.00000	3477.53300
3.93378	0.00000	3477.53300
3.93760	0.00000	3479.34400
3.94142	0.00000	3479.34400
3.94524	0.00000	3479.34400
3.94905	0.00000	3479.34400
3.95287	0.00000	3481.11800
3.95669	0.00000	3481.11800
3.96050	0.00000	3481.11800
3.96432	0.00000	3481.11800
3.96812	0.00000	3481.11800
3.97195	0.00000	3471.95800
3.97576	0.00000	3471.95800
3.97957	0.00000	3471.95800
3.98338	0.00000	3471.95800
3.98721	0.00000	3480.86100
3.99104	0.00000	3480.86100
3.99486	0.00000	3480.86100
3.99869	0.00000	3480.86100
4.00251	0.00000	3480.86100
4.00633	0.00000	3478.57100
4.01015	0.00000	3478.57100
4.01398	0.00000	3478.57100
4.01780	0.00000	3478.57100
4.02162	0.00000	3473.68400
4.02544	0.00000	3473.68400
4.02927	0.00000	3473.68400
4.03309	0.00000	3473.68400
4.03691	0.00000	3473.68400
4.04073	0.00000	3478.82900
4.04456	0.00000	3478.82900
4.04838	0.00000	3478.82900
4.05220	0.00000	3478.82900
4.05602	0.00000	3477.27200
4.05985	0.00000	3477.27200
4.06367	0.00000	3477.27200
4.06750	0.00000	3477.27200
4.07132	0.00000	3477.27200
4.07515	0.00000	3481.88700
4.07897	0.00000	3481.88700
4.08279	0.00000	3481.88700
4.08662	0.00000	3481.88700
4.09044	0.00000	3477.27200
4.09427	0.00000	3477.27200
4.09811	0.00000	3477.27200
4.10193	0.00000	3477.27200
4.10576	0.00000	3477.27200
4.10959	0.00000	3482.14200
4.11341	0.00000	3482.14200
4.11723	0.00000	3482.14200
4.12105	0.00000	3482.14200
4.12489	0.00000	3477.53300
4.12873	0.00000	3477.53300
4.13255	0.00000	3477.53300
4.13637	0.00000	3477.53300
4.14019	0.00000	3477.53300
4.14402	0.00000	3482.65200
4.14784	0.00000	3482.65200
4.15166	0.00000	3482.65200
4.15549	0.00000	3482.65200
4.15932	0.00000	3473.94800
4.16314	0.00000	3473.94800
4.16697	0.00000	3473.94800
4.17079	0.00000	3473.94800
4.17462	0.00000	3473.94800
4.17845	0.00000	3479.08700
4.18228	0.00000	3479.08700
4.18610	0.00000	3479.08700
4.18992	0.00000	3479.08700
4.19375	0.00000	3480.86100
4.19758	0.00000	3480.86100
4.20140	0.00000	3480.86100
4.20521	0.00000	3480.86100
4.20904	0.00000	3480.86100
4.21287	0.00000	3479.34400
4.21670	0.00000	3479.34400
4.22053	0.00000	3479.34400
4.22436	0.00000	3479.34400
4.22819	0.00000	3477.53300
4.23203	0.00000	3477.53300
4.23585	0.00000	3477.53300
4.23967	0.00000	3477.53300
4.24349	0.00000	3477.53300
4.24731	0.00000	3479.08700
4.25114	0.00000	3479.08700
4.25498	0.00000	3479.08700
4.25880	0.00000	3479.08700
4.26262	0.00000	3473.94800
4.26646	0.00000	3473.94800
4.27028	0.00000	3473.94800
4.27411	0.00000	3473.94800
4.27793	0.00000	3473.94800
4.28176	0.00000	3478.82900
4.28558	0.00000	3478.82900
4.28940	0.00000	3478.82900
4.29322	0.00000	3478.82900
4.29704	0.00000	3477.53300
4.30088	0.00000	3477.53300
4.30473	0.00000	3477.53300
4.30857	0.00000	3477.53300
4.31240	0.00000	3477.53300
4.31622	0.00000	3475.52300
4.32005	0.00000	3475.52300
4.32387	0.00000	3475.52300
4.32767	0.00000	3475.52300
4.33150	0.00000	3473.41900
4.33532	0.00000	3473.41900
4.33914	0.00000	3473.41900
4.34297	0.00000	3473.41900
4.34680	0.00000	3473.41900
4.35063	0.00000	3475.52300
4.35445	0.00000	3475.52300
4.35827	0.00000	3475.52300
4.36210	0.00000	3475.52300
4.36591	0.00000	3477.27200
4.36974	0.00000	3477.27200
4.37356	0.00000	3477.27200
4.37739	0.00000	3477.27200
4.38121	0.00000	3477.27200
4.38504	0.00000	3475.78300
4.38886	0.00000	3475.78300
4.39269	0.00000	3475.78300
4.39651	0.00000	3475.78300
4.40034	0.00000	3473.94800
4.40416	0.00000	3473.94800
4.40798	0.00000	3473.94800
4.41180	0.00000	3473.94800
4.41562	0.00000	3473.94800
4.41944	0.00000	3475.52300
4.42326	0.00000	3475.52300
4.42708	0.00000	3475.52300
4.43090	0.00000	3475.52300
4.43472	0.00000	3473.41900
4.43854	0.00000	3473.41900
4.44237	0.00000	3473.41900
4.44620	0.00000	3473.41900
4.45002	0.00000	3473.41900
4.45385	0.00000	3479.08700
4.45768	0.00000	3479.08700
4.46150	0.00000	3479.08700
4.46532	0.00000	3479.08700
4.46915	0.00000	3470.36300
4.47299	0.00000	3470.36300
4.47682	0.00000	3470.36300
4.48064	0.00000	3470.36300
4.48448	0.00000	3470.36300
4.48831	0.00000	3475.52300
4.49213	0.00000	3475.52300
4.49595	0.00000	3475.52300
4.49978	0.00000	3475.52300
4.50360	0.00000	3473.41900
4.50743	0.00000	3473.41900
4.51126	0.00000	3473.41900
4.51507	0.00000	3473.41900
4.51890	0.00000	3473.41900
4.52272	0.00000	3475.52300
4.52654	0.00000	3475.52300
4.53036	0.00000	3475.52300
4.53419	0.00000	3475.52300
4.53801	0.00000	3477.27200
4.54184	0.00000	3477.27200
4.54567	0.00000	3477.27200
4.54949	0.00000	3477.27200
4.55332	0.00000	3477.27200
4.55714	0.00000	3475.52300
4.56097	0.00000	3475.52300
4.56479	0.00000	3475.52300
4.56862	0.00000	3475.52300
4.57245	0.00000	3470.36300
4.57628	0.00000	3470.36300
4.58011	0.00000	3470.36300
4.58393	0.00000	3470.36300
4.58775	0.00000	3470.36300
4.59157	0.00000	3468.39300
4.59539	0.00000	3468.39300
4.59923	0.00000	3468.39300
4.60306	0.00000	3468.39300
4.60689	0.00000	3477.27200
4.61073	0.00000	3477.27200
4.61455	0.00000	3477.27200
4.61837	0.00000	3477.27200
4.62220	0.00000	3477.27200
4.62602	0.00000	3475.52300
4.62984	0.00000	3475.52300
4.63366	0.00000	3475.52300
4.63748	0.00000	3475.52300
4.64131	0.00000	3470.36300
4.64513	0.00000	3470.36300
4.64896	0.00000	3470.36300
4.65279	0.00000	3470.36300
4.65661	0.00000	3470.36300
4.66043	0.00000	3475.52300
4.66426	0.00000	3475.52300
4.66808	0.00000	3475.52300
4.67190	0.00000	3475.52300
4.67568	0.00000	3477.01100
4.67951	0.00000	3477.01100
4.68333	0.00000	3477.01100
4.68716	0.00000	3477.01100
4.69099	0.00000	3477.01100
4.69481	0.00000	3471.95800
4.69864	0.00000	3471.95800
4.70246	0.00000	3471.95800
4.70629	0.00000	3471.95800
4.71012	0.00000	3470.09500
4.71394	0.00000	3470.09500
4.71777	0.00000	3470.09500
4.72160	0.00000	3470.09500
4.72542	0.00000	3470.09500
4.72924	0.00000	3475.52300
4.73306	0.00000	3475.52300
4.73688	0.00000	3475.52300
4.74070	0.00000	3475.52300
4.74453	0.00000	3477.27200
4.74835	0.00000	3477.27200
4.75218	0.00000	3477.27200
4.75601	0.00000	3477.27200
4.75983	0.00000	3477.27200
4.76366	0.00000	3475.52300
4.76749	0.00000	3475.52300
4.77131	0.00000	3475.52300
4.77514	0.00000	3475.52300
4.77896	0.00000	3473.94800
4.78279	0.00000	3473.94800
4.78662	0.00000	3473.94800
4.79044	0.00000	3473.94800
4.79427	0.00000	3473.94800
4.79809	0.00000	3475.52300
4.80192	0.00000	3475.52300
4.80578	0.00000	3475.52300
4.80962	0.00000	3475.52300
4.81345	0.00000	3473.94800
4.81727	0.00000	3473.94800
4.82111	0.00000	3473.94800
4.82493	0.00000	3473.94800
4.82876	0.00000	3473.94800
4.83258	0.00000	3475.52300
4.83641	0.00000	3475.52300
4.84024	0.00000	3475.52300
4.84406	0.00000	3475.52300
4.84789	0.00000	3473.68400
4.85168	0.00000	3473.68400
4.85550	0.00000	3473.68400
4.85932	0.00000	3473.68400
4.86314	0.00000	3473.68400
4.86696	0.00000	3468.39300
4.87078	0.00000	3468.39300
4.87461	0.00000	3468.39300
4.87843	0.00000	3468.39300
4.88226	0.00000	3473.68400
4.88609	0.00000	3473.68400
4.88992	0.00000	3473.68400
4.89374	0.00000	3473.68400
4.89757	0.00000	3473.68400
4.90140	0.00000	3471.95800
4.90523	0.00000	3471.95800
4.90906	0.00000	3471.95800
4.91288	0.00000	3471.95800
4.91670	0.00000	3473.68400
4.92052	0.00000	3473.68400
4.92434	0.00000	3473.68400
4.92817	0.00000	3473.68400
4.93200	0.00000	3473.68400
4.93583	0.00000	3475.52300
4.93965	0.00000	3475.52300
4.94349	0.00000	3475.52300
4.94731	0.00000	3475.52300
4.95113	0.00000	3477.27200
4.95495	0.00000	3477.27200
4.95877	0.00000	3477.27200
4.96259	0.00000	3477.27200
4.96643	0.00000	3477.27200
4.97025	0.00000	3475.52300
4.97408	0.00000	3475.52300
4.97790	0.00000	3475.52300
4.98173	0.00000	3475.52300
4.98556	0.00000	3477.27200
4.98938	0.00000	3477.27200
4.99321	0.00000	3477.27200
4.99704	0.00000	3477.27200
5.00139	0.00000	3477.27200
5.00525	0.00000	3475.52300
5.00909	0.00000	3475.52300
5.01292	0.00000	3475.52300
5.01675	0.00000	3475.52300
5.02058	0.00000	3473.94800
5.02441	0.00000	3473.94800
5.02824	0.00000	3473.94800
5.03213	0.00000	3473.94800
5.03598	0.00000	3473.94800
5.03982	0.00000	3497.63000
5.04365	0.00000	3497.63000
5.04749	0.00000	3497.63000
5.05132	0.00000	3497.63000
5.05516	0.00000	3544.61700
5.05900	0.00000	3544.61700
5.06284	0.00000	3544.61700
5.06667	0.00000	3544.61700
5.07051	0.00000	3544.61700
5.07434	0.00000	3589.23500
5.07818	0.00000	3589.23500
5.08201	0.00000	3589.23500
5.08585	0.00000	3589.23500
5.08968	0.00000	3627.90700
5.09352	0.00000	3627.90700
5.09736	0.00000	3627.90700
5.10119	0.00000	3627.90700
5.10504	0.00000	3627.90700
5.10887	0.00000	3653.31500
5.11270	0.00000	3653.31500
5.11653	0.00000	3653.31500
5.12036	0.00000	3653.31500
5.12418	0.00000	3653.31500
5.12801	0.00000	3684.75200
5.13184	0.00000	3684.75200
5.13568	0.00000	3684.75200
5.13951	0.00000	3684.75200
5.14334	0.00000	3705.23400
5.14717	0.00000	3705.23400
5.15100	0.00000	3705.23400
5.15483	0.00000	3705.23400
5.15866	0.00000	3705.23400
5.16250	0.00000	3722.75200
5.16633	0.00000	3722.75200
5.17016	0.00000	3722.75200
5.17399	0.00000	3722.75200
5.17781	0.00000	3722.75200
5.18164	0.00000	3753.39600
5.18548	0.00000	3753.39600
5.18933	0.00000	3753.39600
5.19318	0.00000	3753.39600
5.19702	0.00000	3760.21700
5.20087	0.00000	3760.21700
5.20471	0.00000	3760.21700
5.20854	0.00000	3760.21700
5.21237	0.00000	3760.21700
5.21621	0.00000	3777.07600
5.22006	0.00000	3777.07600
5.22389	0.00000	3777.07600
5.22773	0.00000	3777.07600
5.23156	0.00000	3777.07600
5.23539	0.00000	3787.06100
5.23922	0.00000	3787.06100
5.24305	0.00000	3787.06100
5.24689	0.00000	3787.06100
5.25072	0.00000	3787.06100
5.25455	0.00000	3800.44800
5.25838	0.00000	3800.44800
5.26220	0.00000	3800.44800
5.26603	0.00000	3800.44800
5.26987	0.00000	3807.48400
5.27370	0.00000	3807.48400
5.27753	0.00000	3807.48400
5.28136	0.00000	3807.48400
5.28520	0.00000	3807.48400
5.28903	0.00000	3813.90100
5.29286	0.00000	3813.90100
5.29669	0.00000	3813.90100
5.30052	0.00000	3813.90100
5.30436	0.00000	3813.90100
5.30822	0.00000	3820.24900
5.31206	0.00000	3820.24900
5.31589	0.00000	3820.24900
5.31973	0.00000	3820.24900
5.32356	0.00000	3820.24900
5.32740	0.00000	3826.87100
5.33124	0.00000	3826.87100
5.33509	0.00000	3826.87100
5.33892	0.00000	3826.87100
5.34276	0.00000	3826.87100
5.34658	0.00000	3830.57300
5.35041	0.00000	3830.57300
5.35424	0.00000	3830.57300
5.35807	0.00000	3830.57300
5.36190	0.00000	3830.71700
5.36574	0.00000	3830.71700
5.36957	0.00000	3830.71700
5.37341	0.00000	3830.71700
5.37725	0.00000	3830.71700
5.38108	0.00000	3836.82000
5.38490	0.00000	3836.82000
5.38874	0.00000	3836.82000
5.39257	0.00000	3836.82000
5.39640	0.00000	3836.82000
5.40023	0.00000	3840.08000
5.40406	0.00000	3840.08000
5.40789	0.00000	3840.08000
5.41173	0.00000	3840.08000
5.41556	0.00000	3840.08000
5.41940	0.00000	3843.33300
5.42323	0.00000	3843.33300
5.42706	0.00000	3843.33300
5.43088	0.00000	3843.33300
5.43472	0.00000	3840.64400
5.43855	0.00000	3840.64400
5.44238	0.00000	3840.64400
5.44620	0.00000	3840.64400
5.45002	0.00000	3840.64400
5.45385	0.00000	3837.28700
5.45769	0.00000	3837.28700
5.46152	0.00000	3837.28700
5.46535	0.00000	3837.28700
5.46918	0.00000	3837.28700
5.47302	0.00000	3833.40700
5.47686	0.00000	3833.40700
5.48070	0.00000	3833.40700
5.48453	0.00000	3833.40700
5.48836	0.00000	3833.40700
5.49219	0.00000	3833.55600
5.49601	0.00000	3833.55600
5.49984	0.00000	3833.55600
5.50368	0.00000	3833.55600
5.50751	0.00000	3833.55600
5.51135	0.00000	3836.82000
5.51519	0.00000	3836.82000
5.51902	0.00000	3836.82000
5.52284	0.00000	3836.82000
5.52667	0.00000	3833.93000
5.53049	0.00000	3833.93000
5.53432	0.00000	3833.93000
5.53815	0.00000	3833.93000
5.54198	0.00000	3833.93000
5.54581	0.00000	3840.40100
5.54965	0.00000	3840.40100
5.55348	0.00000	3840.40100
5.55732	0.00000	3840.40100
5.56115	0.00000	3840.40100
5.56499	0.00000	3840.08000
5.56882	0.00000	3840.08000
5.57266	0.00000	3840.08000
5.57649	0.00000	3840.08000
5.58032	0.00000	3840.08000
5.58415	0.00000	3840.16000
5.58798	0.00000	3840.16000
5.59181	0.00000	3840.16000
5.59564	0.00000	3840.16000
5.59949	0.00000	3840.16000
5.60333	0.00000	3833.40700
5.60717	0.00000	3833.40700
5.61100	0.00000	3833.40700
5.61483	0.00000	3833.40700
5.61866	0.00000	3837.28700
5.62250	0.00000	3837.28700
5.62634	0.00000	3837.28700
5.63016	0.00000	3837.28700
5.63399	0.00000	3837.28700
5.63782	0.00000	3840.40100
5.64165	0.00000	3840.40100
5.64548	0.00000	3840.40100
5.64931	0.00000	3840.40100
5.65315	0.00000	3840.40100
5.65697	0.00000	3836.74400
5.66081	0.00000	3836.74400
5.66465	0.00000	3836.74400
5.66848	0.00000	3836.74400
5.67231	0.00000	3836.74400
5.67615	0.00000	3840.16000
5.67998	0.00000	3840.16000
5.68380	0.00000	3840.16000
5.68763	0.00000	3840.16000
5.69147	0.00000	3840.16000
5.69530	0.00000	3833.48200
5.69913	0.00000	3833.48200
5.70297	0.00000	3833.48200
5.70681	0.00000	3833.48200
5.71063	0.00000	3837.36500
5.71449	0.00000	3837.36500
5.71832	0.00000	3837.36500
5.72216	0.00000	3837.36500
5.72598	0.00000	3837.36500
5.72981	0.00000	3843.58200
5.73365	0.00000	3843.58200
5.73747	0.00000	3843.58200
5.74131	0.00000	3843.58200
5.74514	0.00000	3843.58200
5.74898	0.00000	3836.82000
5.75281	0.00000	3836.82000
5.75665	0.00000	3836.82000
5.76048	0.00000	3836.82000
5.76432	0.00000	3836.82000
5.76815	0.00000	3836.74400
5.77198	0.00000	3836.74400
5.77582	0.00000	3836.74400
5.77965	0.00000	3836.74400
5.78349	0.00000	3836.74400
5.78731	0.00000	3840.32100
5.79114	0.00000	3840.32100
5.79498	0.00000	3840.32100
5.79881	0.00000	3840.32100
5.80266	0.00000	3834.00500
5.80652	0.00000	3834.00500
5.81037	0.00000	3834.00500
5.81420	0.00000	3834.00500
5.81803	0.00000	3834.00500
5.82186	0.00000	3833.40700
5.82570	0.00000	3833.40700
5.82953	0.00000	3833.40700
5.83336	0.00000	3833.40700
5.83719	0.00000	3833.40700
5.84102	0.00000	3840.08000
5.84485	0.00000	3840.08000
5.84868	0.00000	3840.08000
5.85251	0.00000	3840.08000
5.85634	0.00000	3840.08000
5.86018	0.00000	3840.08000
5.86401	0.00000	3840.08000
5.86784	0.00000	3840.08000
5.87166	0.00000	3840.08000
5.87550	0.00000	3840.08000
5.87933	0.00000	3836.97600
5.88317	0.00000	3836.97600
5.88700	0.00000	3836.97600
5.89083	0.00000	3836.97600
5.89467	0.00000	3840.72500
5.89851	0.00000	3840.72500
5.90235	0.00000	3840.72500
5.90619	0.00000	3840.72500
5.91003	0.00000	3840.72500
5.91385	0.00000	3840.08000
5.91769	0.00000	3840.08000
5.92152	0.00000	3840.08000
5.92535	0.00000	3840.08000
5.92918	0.00000	3840.08000
5.93302	0.00000	3840.08000
5.93685	0.00000	3840.08000
5.94069	0.00000	3840.08000
5.94452	0.00000	3840.08000
5.94835	0.00000	3840.08000
5.95218	0.00000	3843.41600
5.95602	0.00000	3843.41600
5.95985	0.00000	3843.41600
5.96368	0.00000	3843.41600
5.96750	0.00000	3837.28700
5.97132	0.00000	3837.28700
5.97516	0.00000	3837.28700
5.97900	0.00000	3837.28700
5.98284	0.00000	3837.28700
5.98667	0.00000	3833.93000
5.99051	0.00000	3833.93000
5.99434	0.00000	3833.93000
5.99818	0.00000	3833.93000
6.00201	0.00000	3833.93000
6.00584	0.00000	3836.82000
6.00967	0.00000	3836.82000
6.01350	0.00000	3836.82000
6.01733	0.00000	3836.82000
6.02115	0.00000	3836.82000
6.02499	0.00000	3836.74400
6.02883	0.00000	3836.74400
6.03266	0.00000	3836.74400
6.03649	0.00000	3836.74400
6.04032	0.00000	3836.74400
6.04416	0.00000	3840.08000
6.04799	0.00000	3840.08000
6.05183	0.00000	3840.08000
6.05565	0.00000	3840.08000
6.05949	0.00000	3840.72500
6.06331	0.00000	3840.72500
6.06715	0.00000	3840.72500
6.07098	0.00000	3840.72500
6.07482	0.00000	3840.72500
6.07866	0.00000	3840.64400
6.08249	0.00000	3840.64400
6.08631	0.00000	3840.64400
6.09014	0.00000	3840.64400
6.09398	0.00000	3840.64400
6.09782	0.00000	3833.48200
6.10164	0.00000	3833.48200
6.10548	0.00000	3833.48200
6.10931	0.00000	3833.48200
6.11315	0.00000	3833.48200
6.11698	0.00000	3840.00000
6.12081	0.00000	3840.00000
6.12465	0.00000	3840.00000
6.12848	0.00000	3840.00000
6.13231	0.00000	3840.00000
6.13614	0.00000	3840.08000
6.13998	0.00000	3840.08000
6.14381	0.00000	3840.08000
6.14764	0.00000	3840.08000
6.15147	0.00000	3844.08600
6.15530	0.00000	3844.08600
6.15913	0.00000	3844.08600
6.16297	0.00000	3844.08600
6.16680	0.00000	3844.08600
6.17064	0.00000	3837.05300
6.17448	0.00000	3837.05300
6.17831	0.00000	3837.05300
6.18214	0.00000	3837.05300
6.18598	0.00000	3837.05300
6.18982	0.00000	3840.08000
6.19365	0.00000	3840.08000
6.19748	0.00000	3840.08000
6.20130	0.00000	3840.08000
6.20513	0.00000	3840.08000
6.20897	0.00000	3840.08000
6.21280	0.00000	3840.08000
6.21663	0.00000	3840.08000
6.22047	0.00000	3840.08000
6.22430	0.00000	3840.08000
6.22813	0.00000	3840.08000
6.23196	0.00000	3840.08000
6.23578	0.00000	3840.08000
6.23962	0.00000	3840.08000
6.24346	0.00000	3834.00500
6.24729	0.00000	3834.00500
6.25112	0.00000	3834.00500
6.25495	0.00000	3834.00500
6.25879	0.00000	3834.00500
6.26262	0.00000	3836.89800
6.26646	0.00000	3836.89800
6.27029	0.00000	3836.89800
6.27413	0.00000	3836.89800
6.27796	0.00000	3836.89800
6.28179	0.00000	3833.40700
6.28563	0.00000	3833.40700
6.28945	0.00000	3833.40700
6.29328	0.00000	3833.40700
6.29711	0.00000	3833.40700
6.30094	0.00000	3836.82000
6.30479	0.00000	3836.82000
6.30865	0.00000	3836.82000
6.31250	0.00000	3836.82000
6.31633	0.00000	3836.82000
6.32016	0.00000	3840.32100
6.32400	0.00000	3840.32100
6.32783	0.00000	3840.32100
6.33168	0.00000	3840.32100
6.33552	0.00000	3840.72500
6.33936	0.00000	3840.72500
6.34318	0.00000	3840.72500
6.34701	0.00000	3840.72500
6.35084	0.00000	3840.72500
6.35467	0.00000	3836.82000
6.35850	0.00000	3836.82000
6.36233	0.00000	3836.82000
6.36616	0.00000	3836.82000
6.37000	0.00000	3836.82000
6.37383	0.00000	3836.74400
6.37767	0.00000	3836.74400
6.38150	0.00000	3836.74400
6.38533	0.00000	3836.74400
6.38916	0.00000	3836.74400
6.39299	0.00000	3836.82000
6.39683	0.00000	3836.82000
6.40066	0.00000	3836.82000
6.40450	0.00000	3836.82000
6.40833	0.00000	3836.82000
6.41216	0.00000	3840.40100
6.41600	0.00000	3840.40100
6.41984	0.00000	3840.40100
6.42368	0.00000	3840.40100
6.42752	0.00000	3837.36500
6.43134	0.00000	3837.36500
6.43517	0.00000	3837.36500
6.43900	0.00000	3837.36500
6.44284	0.00000	3837.36500
6.44667	0.00000	3836.66600
6.45051	0.00000	3836.66600
6.45434	0.00000	3836.66600
6.45818	0.00000	3836.66600
6.46201	0.00000	3836.66600
6.46585	0.00000	3840.08000
6.46969	0.00000	3840.08000
6.47352	0.00000	3840.08000
6.47734	0.00000	3840.08000
6.48117	0.00000	3840.08000
6.48499	0.00000	3836.74400
6.48883	0.00000	3836.74400
6.49266	0.00000	3836.74400
6.49650	0.00000	3836.74400
6.50034	0.00000	3837.28700
6.50416	0.00000	3837.28700
6.50799	0.00000	3837.28700
6.51182	0.00000	3837.28700
6.51565	0.00000	3837.28700
6.51949	0.00000	3837.28700
6.52332	0.00000	3837.28700
6.52715	0.00000	3837.28700
6.53098	0.00000	3837.28700
6.53481	0.00000	3837.28700
6.53864	0.00000	3836.66600
6.54248	0.00000	3836.66600
6.54631	0.00000	3836.66600
6.55014	0.00000	3836.66600
6.55398	0.00000	3836.66600
6.55781	0.00000	3840.08000
6.56164	0.00000	3840.08000
6.56548	0.00000	3840.08000
6.56930	0.00000	3840.08000
6.57313	0.00000	3840.08000
6.57696	0.00000	3833.48200
6.58079	0.00000	3833.48200
6.58462	0.00000	3833.48200
6.58846	0.00000	3833.48200
6.59230	0.00000	3840.80700
6.59612	0.00000	3840.80700
6.59995	0.00000	3840.80700
6.60378	0.00000	3840.80700
6.60761	0.00000	3840.80700
6.61145	0.00000	3837.20900
6.61529	0.00000	3837.20900
6.61911	0.00000	3837.20900
6.62294	0.00000	3837.20900
6.62676	0.00000	3837.20900
6.63061	0.00000	3843.49900
6.63444	0.00000	3843.49900
6.63827	0.00000	3843.49900
6.64211	0.00000	3843.49900
6.64594	0.00000	3843.49900
6.64977	0.00000	3836.74400
6.65360	0.00000	3836.74400
6.65744	0.00000	3836.74400
6.66128	0.00000	3836.74400
6.66510	0.00000	3836.74400
6.66893	0.00000	3836.74400
6.67276	0.00000	3836.74400
6.67659	0.00000	3836.74400
6.68042	0.00000	3836.74400
6.68426	0.00000	3840.80700
6.68808	0.00000	3840.80700
6.69191	0.00000	3840.80700
6.69575	0.00000	3840.80700
6.69958	0.00000	3840.80700
6.70341	0.00000	3840.56300
6.70725	0.00000	3840.56300
6.71108	0.00000	3840.56300
6.71491	0.00000	3840.56300
6.71874	0.00000	3840.56300
6.72258	0.00000	3840.16000
6.72641	0.00000	3840.16000
6.73024	0.00000	3840.16000
6.73408	0.00000	3840.16000
6.73791	0.00000	3840.16000
6.74175	0.00000	3840.16000
6.74557	0.00000	3840.16000
6.74941	0.00000	3840.16000
6.75325	0.00000	3840.16000
6.75708	0.00000	3840.16000
6.76091	0.00000	3833.40700
6.76473	0.00000	3833.40700
6.76856	0.00000	3833.40700
6.77240	0.00000	3833.40700
6.77623	0.00000	3840.72500
6.78008	0.00000	3840.72500
6.78392	0.00000	3840.72500
6.78775	0.00000	3840.72500
6.79159	0.00000	3840.72500
6.79542	0.00000	3843.66600
6.79925	0.00000	3843.66600
6.80307	0.00000	3843.66600
6.80694	0.00000	3843.66600
6.81078	0.00000	3843.66600
6.81461	0.00000	3840.08000
6.81846	0.00000	3840.08000
6.82231	0.00000	3840.08000
6.82614	0.00000	3840.08000
6.82998	0.00000	3840.08000
6.83381	0.00000	3843.41600
6.83764	0.00000	3843.41600
6.84147	0.00000	3843.41600
6.84530	0.00000	3843.41600
6.84913	0.00000	3843.41600
6.85297	0.00000	3840.16000
6.85679	0.00000	3840.16000
6.86062	0.00000	3840.16000
6.86445	0.00000	3840.16000
6.86829	0.00000	3837.28700
6.87213	0.00000	3837.28700
6.87596	0.00000	3837.28700
6.87980	0.00000	3837.28700
6.88363	0.00000	3837.28700
6.88747	0.00000	3836.82000
6.89130	0.00000	3836.82000
6.89514	0.00000	3836.82000
6.89897	0.00000	3836.82000
6.90280	0.00000	3836.82000
6.90663	0.00000	3836.74400
6.91046	0.00000	3836.74400
6.91430	0.00000	3836.74400
6.91813	0.00000	3836.74400
6.92197	0.00000	3836.74400
6.92579	0.00000	3836.74400
6.92963	0.00000	3836.74400
6.93347	0.00000	3836.74400
6.93730	0.00000	3836.74400
6.94114	0.00000	3836.74400
6.94496	0.00000	3836.97600
6.94879	0.00000	3836.97600
6.95262	0.00000	3836.97600
6.95644	0.00000	3836.97600
6.96027	0.00000	3837.36500
6.96411	0.00000	3837.36500
6.96793	0.00000	3837.36500
6.97177	0.00000	3837.36500
6.97560	0.00000	3837.36500
6.97943	0.00000	3836.74400
6.98327	0.00000	3836.74400
6.98710	0.00000	3836.74400
6.99094	0.00000	3836.74400
6.99477	0.00000	3836.74400
6.99859	0.00000	3836.82000
7.00241	0.00000	3836.82000
7.00625	0.00000	3836.82000
7.01008	0.00000	3836.82000
7.01392	0.00000	3836.82000
7.01775	0.00000	3840.16000
7.02159	0.00000	3840.16000
7.02542	0.00000	3840.16000
7.02925	0.00000	3840.16000
7.03310	0.00000	3840.16000
7.03692	0.00000	3837.05300
7.04075	0.00000	3837.05300
7.04458	0.00000	3837.05300
7.04841	0.00000	3837.05300
7.05225	0.00000	3837.28700
7.05608	0.00000	3837.28700
7.05992	0.00000	3837.28700
7.06375	0.00000	3837.28700
7.06759	0.00000	3837.28700
7.07142	0.00000	3840.08000
7.07525	0.00000	3840.08000
7.07907	0.00000	3840.08000
7.08291	0.00000	3840.08000
7.08674	0.00000	3840.08000
7.09057	0.00000	3833.40700
7.09440	0.00000	3833.40700
7.09823	0.00000	3833.40700
7.10207	0.00000	3833.40700
7.10590	0.00000	3833.40700
7.10974	0.00000	3833.48200
7.11357	0.00000	3833.48200
7.11740	0.00000	3833.48200
7.12124	0.00000	3833.48200
7.12507	0.00000	3833.85500
7.12890	0.00000	3833.85500
7.13273	0.00000	3833.85500
7.13656	0.00000	3833.85500
7.14038	0.00000	3833.85500
7.14422	0.00000	3840.64400
7.14805	0.00000	3840.64400
7.15189	0.00000	3840.64400
7.15573	0.00000	3840.64400
7.15956	0.00000	3840.64400
7.16340	0.00000	3840.08000
7.16723	0.00000	3840.08000
7.17106	0.00000	3840.08000
7.17490	0.00000	3840.08000
7.17873	0.00000	3840.08000
7.18256	0.00000	3836.74400
7.18639	0.00000	3836.74400
7.19022	0.00000	3836.74400
7.19406	0.00000	3836.74400
7.19789	0.00000	3836.74400
7.20173	0.00000	3836.74400
7.20556	0.00000	3836.74400
7.20940	0.00000	3836.74400
7.21323	0.00000	3836.74400
7.21706	0.00000	3837.36500
7.22088	0.00000	3837.36500
7.22472	0.00000	3837.36500
7.22855	0.00000	3837.36500
7.23238	0.00000	3837.36500
7.23621	0.00000	3837.20900
7.24004	0.00000	3837.20900
7.24388	0.00000	3837.20900
7.24768	0.00000	3837.20900
7.25152	0.00000	3837.20900
7.25535	0.00000	3840.16000
7.25918	0.00000	3840.16000
7.26301	0.00000	3840.16000
7.26685	0.00000	3840.16000
7.27068	0.00000	3840.16000
7.27450	0.00000	3840.16000
7.27833	0.00000	3840.16000
7.28216	0.00000	3840.16000
7.28600	0.00000	3840.16000
7.28983	0.00000	3840.16000
7.29366	0.00000	3840.16000
7.29750	0.00000	3840.16000
7.30133	0.00000	3840.16000
7.30517	0.00000	3840.16000
7.30903	0.00000	3840.72500
7.31288	0.00000	3840.72500
7.31672	0.00000	3840.72500
7.32055	0.00000	3840.72500
7.32437	0.00000	3840.72500
7.32821	0.00000	3837.05300
7.33204	0.00000	3837.05300
7.33588	0.00000	3837.05300
7.33968	0.00000	3837.05300
7.34352	0.00000	3837.05300
7.34735	0.00000	3836.74400
7.35118	0.00000	3836.74400
7.35501	0.00000	3836.74400
7.35886	0.00000	3836.74400
7.36269	0.00000	3836.74400
7.36652	0.00000	3836.74400
7.37035	0.00000	3836.74400
7.37418	0.00000	3836.74400
7.37802	0.00000	3836.74400
7.38185	0.00000	3836.74400
7.38568	0.00000	3840.16000
7.38951	0.00000	3840.16000
7.39335	0.00000	3840.16000
7.39718	0.00000	3840.16000
7.40101	0.00000	3837.36500
7.40484	0.00000	3837.36500
7.40867	0.00000	3837.36500
7.41249	0.00000	3837.36500
7.41632	0.00000	3837.36500
7.42015	0.00000	3833.55600
7.42399	0.00000	3833.55600
7.42781	0.00000	3833.55600
7.43165	0.00000	3833.55600
7.43549	0.00000	3833.55600
7.43933	0.00000	3840.16000
7.44316	0.00000	3840.16000
7.44699	0.00000	3840.16000
7.45082	0.00000	3840.16000
7.45465	0.00000	3840.16000
7.45848	0.00000	3840.08000
7.46231	0.00000	3840.08000
7.46614	0.00000	3840.08000
7.46997	0.00000	3840.08000
7.47380	0.00000	3840.08000
7.47764	0.00000	3840.16000
7.48147	0.00000	3840.16000
7.48530	0.00000	3840.16000
7.48914	0.00000	3840.16000
7.49297	0.00000	3837.28700
7.49680	0.00000	3837.28700
7.50063	0.00000	3837.28700
7.50448	0.00000	3837.28700
7.50830	0.00000	3837.28700
7.51213	0.00000	3833.40700
7.51596	0.00000	3833.40700
7.51980	0.00000	3833.40700
7.52364	0.00000	3833.40700
7.52749	0.00000	3833.40700
7.53133	0.00000	3836.74400
7.53516	0.00000	3836.74400
7.53899	0.00000	3836.74400
7.54282	0.00000	3836.74400
7.54665	0.00000	3836.74400
7.55048	0.00000	3836.74400
7.55432	0.00000	3836.74400
7.55815	0.00000	3836.74400
7.56198	0.00000	3836.74400
7.56581	0.00000	3836.74400
7.56964	0.00000	3836.82000
7.57347	0.00000	3836.82000
7.57730	0.00000	3836.82000
7.58114	0.00000	3836.82000
7.58498	0.00000	3840.72500
7.58881	0.00000	3840.72500
7.59264	0.00000	3840.72500
7.59646	0.00000	3840.72500
7.60029	0.00000	3840.72500
7.60412	0.00000	3836.82000
7.60795	0.00000	3836.82000
7.61177	0.00000	3836.82000
7.61561	0.00000	3836.82000
7.61944	0.00000	3836.82000
7.62328	0.00000	3836.82000
7.62710	0.00000	3836.82000
7.63093	0.00000	3836.82000
7.63476	0.00000	3836.82000
7.63859	0.00000	3836.82000
7.64243	0.00000	3836.74400
7.64626	0.00000	3836.74400
7.65008	0.00000	3836.74400
7.65391	0.00000	3836.74400
7.65774	0.00000	3836.74400
7.66157	0.00000	3840.32100
7.66541	0.00000	3840.32100
7.66924	0.00000	3840.32100
7.67308	0.00000	3840.32100
7.67691	0.00000	3840.72500
7.68076	0.00000	3840.72500
7.68459	0.00000	3840.72500
7.68841	0.00000	3840.72500
7.69224	0.00000	3840.72500
7.69606	0.00000	3836.82000
7.69990	0.00000	3836.82000
7.70373	0.00000	3836.82000
7.70756	0.00000	3836.82000
7.71139	0.00000	3836.82000
7.71523	0.00000	3840.16000
7.71907	0.00000	3840.16000
7.72290	0.00000	3840.16000
7.72673	0.00000	3840.16000
7.73056	0.00000	3840.16000
7.73440	0.00000	3840.08000
7.73822	0.00000	3840.08000
7.74205	0.00000	3840.08000
7.74588	0.00000	3840.08000
7.74971	0.00000	3840.08000
7.75354	0.00000	3836.89800
7.75738	0.00000	3836.89800
7.76121	0.00000	3836.89800
7.76505	0.00000	3836.89800
7.76889	0.00000	3837.28700
7.77272	0.00000	3837.28700
7.77654	0.00000	3837.28700
7.78037	0.00000	3837.28700
7.78419	0.00000	3837.28700
7.78803	0.00000	3836.74400
7.79186	0.00000	3836.74400
7.79568	0.00000	3836.74400
7.79950	0.00000	3836.74400
7.80334	0.00000	3836.74400
7.80722	0.00000	3836.74400
7.81107	0.00000	3836.74400
7.81491	0.00000	3836.74400
7.81874	0.00000	3836.74400
7.82257	0.00000	3836.74400
7.82640	0.00000	3836.74400
7.83024	0.00000	3836.74400
7.83408	0.00000	3836.74400
7.83790	0.00000	3836.74400
7.84173	0.00000	3837.28700
7.84555	0.00000	3837.28700
7.84939	0.00000	3837.28700
7.85322	0.00000	3837.28700
7.85705	0.00000	3837.28700
7.86089	0.00000	3840.72500
7.86472	0.00000	3840.72500
7.86856	0.00000	3840.72500
7.87238	0.00000	3840.72500
7.87620	0.00000	3840.72500
7.88003	0.00000	3836.66600
7.88386	0.00000	3836.66600
7.88768	0.00000	3836.66600
7.89150	0.00000	3836.66600
7.89534	0.00000	3836.66600
7.89917	0.00000	3836.74400
7.90300	0.00000	3836.74400
7.90684	0.00000	3836.74400
7.91068	0.00000	3836.74400
7.91451	0.00000	3836.74400
7.91833	0.00000	3836.82000
7.92216	0.00000	3836.82000
7.92599	0.00000	3836.82000
7.92982	0.00000	3836.82000
7.93365	0.00000	3837.36500
7.93747	0.00000	3837.36500
7.94130	0.00000	3837.36500
7.94514	0.00000	3837.36500
7.94897	0.00000	3837.36500
7.95281	0.00000	3837.28700
7.95664	0.00000	3837.28700
7.96048	0.00000	3837.28700
7.96430	0.00000	3837.28700
7.96813	0.00000	3837.28700
7.97195	0.00000	3840.16000
7.97579	0.00000	3840.16000
7.97962	0.00000	3840.16000
7.98346	0.00000	3840.16000
7.98729	0.00000	3840.16000
7.99114	0.00000	3836.74400
7.99498	0.00000	3836.74400
7.99881	0.00000	3836.74400
8.00265	0.00000	3836.74400
8.00648	0.00000	3836.74400
8.01030	0.00000	3840.16000
8.01414	0.00000	3840.16000
8.01797	0.00000	3840.16000
8.02180	0.00000	3840.16000
8.02564	0.00000	3837.36500
8.02946	0.00000	3837.36500
8.03329	0.00000	3837.36500
8.03713	0.00000	3837.36500
8.04096	0.00000	3837.36500
8.04479	0.00000	3837.13100
8.04863	0.00000	3837.13100
8.05246	0.00000	3837.13100
8.05629	0.00000	3837.13100
8.06012	0.00000	3837.13100
8.06396	0.00000	3840.00000
8.06779	0.00000	3840.00000
8.07162	0.00000	3840.00000
8.07545	0.00000	3840.00000
8.07928	0.00000	3840.00000
8.08311	0.00000	3840.08000
8.08694	0.00000	3840.08000
8.09078	0.00000	3840.08000
8.09461	0.00000	3840.08000
8.09844	0.00000	3840.08000
8.10227	0.00000	3836.66600
8.10609	0.00000	3836.66600
8.10992	0.00000	3836.66600
8.11375	0.00000	3836.66600
8.11758	0.00000	3837.28700
8.12140	0.00000	3837.28700
8.12524	0.00000	3837.28700
8.12908	0.00000	3837.28700
8.13291	0.00000	3837.28700
8.13674	0.00000	3837.05300
8.14058	0.00000	3837.05300
8.14441	0.00000	3837.05300
8.14825	0.00000	3837.05300
8.15208	0.00000	3837.05300
8.15591	0.00000	3836.74400
8.15974	0.00000	3836.74400
8.16356	0.00000	3836.74400
8.16739	0.00000	3836.74400
8.17123	0.00000	3836.74400
8.17506	0.00000	3840.08000
8.17890	0.00000	3840.08000
8.18273	0.00000	3840.08000
8.18657	0.00000	3840.08000
8.19040	0.00000	3840.08000
8.19423	0.00000	3833.40700
8.19806	0.00000	3833.40700
8.20188	0.00000	3833.40700
8.20570	0.00000	3833.40700
8.20954	0.00000	3840.72500
8.21337	0.00000	3840.72500
8.21721	0.00000	3840.72500
8.22105	0.00000	3840.72500
8.22488	0.00000	3840.72500
8.22871	0.00000	3837.05300
8.23254	0.00000	3837.05300
8.23638	0.00000	3837.05300
8.24022	0.00000	3837.05300
8.24405	0.00000	3837.05300
8.24788	0.00000	3836.74400
8.25168	0.00000	3836.74400
8.25551	0.00000	3836.74400
8.25934	0.00000	3836.74400
8.26317	0.00000	3836.74400
8.26701	0.00000	3836.74400
8.27085	0.00000	3836.74400
8.27468	0.00000	3836.74400
8.27851	0.00000	3836.74400
8.28234	0.00000	3836.74400
8.28618	0.00000	3840.16000
8.29002	0.00000	3840.16000
8.29384	0.00000	3840.16000
8.29766	0.00000	3840.16000
8.30149	0.00000	3837.36500
8.30534	0.00000	3837.36500
8.30921	0.00000	3837.36500
8.31304	0.00000	3837.36500
8.31688	0.00000	3837.36500
8.32073	0.00000	3840.16000
8.32456	0.00000	3840.16000
8.32839	0.00000	3840.16000
8.33223	0.00000	3840.16000
8.33607	0.00000	3840.16000
8.33989	0.00000	3836.74400
8.34373	0.00000	3836.74400
8.34755	0.00000	3836.74400
8.35139	0.00000	3836.74400
8.35522	0.00000	3836.74400
8.35905	0.00000	3836.82000
8.36289	0.00000	3836.82000
8.36673	0.00000	3836.82000
8.37057	0.00000	3836.82000
8.37440	0.00000	3836.82000
8.37824	0.00000	3840.32100
8.38207	0.00000	3840.32100
8.38590	0.00000	3840.32100
8.38974	0.00000	3840.32100
8.39356	0.00000	3837.28700
8.39740	0.00000	3837.28700
8.40123	0.00000	3837.28700
8.40507	0.00000	3837.28700
8.40890	0.00000	3837.28700
8.41273	0.00000	3840.08000
8.41656	0.00000	3840.08000
8.42039	0.00000	3840.08000
8.42423	0.00000	3840.08000
8.42807	0.00000	3840.08000
8.43189	0.00000	3843.41600
8.43573	0.00000	3843.41600
8.43959	0.00000	3843.41600
8.44349	0.00000	3843.41600
8.44734	0.00000	3843.41600
8.45119	0.00000	3840.08000
8.45503	0.00000	3840.08000
8.45886	0.00000	3840.08000
8.46270	0.00000	3840.08000
8.46653	0.00000	3833.93000
8.47035	0.00000	3833.93000
8.47419	0.00000	3833.93000
8.47802	0.00000	3833.93000
8.48186	0.00000	3833.93000
8.48570	0.00000	3837.28700
8.48955	0.00000	3837.28700
8.49337	0.00000	3837.28700
8.49720	0.00000	3837.28700
8.50103	0.00000	3837.28700
8.50487	0.00000	3840.08000
8.50870	0.00000	3840.08000
8.51254	0.00000	3840.08000
8.51637	0.00000	3840.08000
8.52021	0.00000	3840.08000
8.52404	0.00000	3840.08000
8.52787	0.00000	3840.08000
8.53168	0.00000	3840.08000
8.53552	0.00000	3840.08000
8.53936	0.00000	3840.08000
8.54319	0.00000	3836.74400
8.54702	0.00000	3836.74400
8.55085	0.00000	3836.74400
8.55468	0.00000	3836.74400
8.55852	0.00000	3837.36500
8.56234	0.00000	3837.36500
8.56617	0.00000	3837.36500
8.57001	0.00000	3837.36500
8.57384	0.00000	3837.36500
8.57767	0.00000	3840.56300
8.58151	0.00000	3840.56300
8.58533	0.00000	3840.56300
8.58916	0.00000	3840.56300
8.59299	0.00000	3840.56300
8.59682	0.00000	3840.16000
8.60066	0.00000	3840.16000
8.60449	0.00000	3840.16000
8.60832	0.00000	3840.16000
8.61216	0.00000	3840.16000
8.61599	0.00000	3840.16000
8.61982	0.00000	3840.16000
8.62365	0.00000	3840.16000
8.62749	0.00000	3840.16000
8.63132	0.00000	3840.16000
8.63514	0.00000	3840.16000
8.63898	0.00000	3840.16000
8.64280	0.00000	3840.16000
8.64664	0.00000	3840.16000
8.65047	0.00000	3837.36500
8.65429	0.00000	3837.36500
8.65812	0.00000	3837.36500
8.66196	0.00000	3837.36500
8.66580	0.00000	3837.36500
8.66962	0.00000	3840.48200
8.67346	0.00000	3840.48200
8.67728	0.00000	3840.48200
8.68112	0.00000	3840.48200
8.68495	0.00000	3840.48200
8.68878	0.00000	3840.08000
8.69260	0.00000	3840.08000
8.69643	0.00000	3840.08000
8.70027	0.00000	3840.08000
8.70410	0.00000	3840.08000
8.70794	0.00000	3840.08000
8.71176	0.00000	3840.08000
8.71559	0.00000	3840.08000
8.71941	0.00000	3840.08000
8.72324	0.00000	3840.08000
8.72707	0.00000	3840.08000
8.73091	0.00000	3840.08000
8.73474	0.00000	3840.08000
8.73858	0.00000	3840.08000
8.74241	0.00000	3837.28700
8.74625	0.00000	3837.28700
8.75008	0.00000	3837.28700
8.75392	0.00000	3837.28700
8.75775	0.00000	3837.28700
8.76158	0.00000	3836.89800
8.76541	0.00000	3836.89800
8.76923	0.00000	3836.89800
8.77306	0.00000	3836.89800
8.77689	0.00000	3836.89800
8.78072	0.00000	3840.08000
8.78456	0.00000	3840.08000
8.78840	0.00000	3840.08000
8.79223	0.00000	3840.08000
8.79606	0.00000	3840.08000
8.79990	0.00000	3833.40700
8.80373	0.00000	3833.40700
8.80757	0.00000	3833.40700
8.81143	0.00000	3833.40700
8.81526	0.00000	3833.40700
8.81910	0.00000	3840.24000
8.82294	0.00000	3840.24000
8.82677	0.00000	3840.24000
8.83061	0.00000	3840.24000
8.83445	0.00000	3844.08600
8.83828	0.00000	3844.08600
8.84213	0.00000	3844.08600
8.84596	0.00000	3844.08600
8.84980	0.00000	3844.08600
8.85363	0.00000	3840.08000
8.85745	0.00000	3840.08000
8.86128	0.00000	3840.08000
8.86511	0.00000	3840.08000
8.86893	0.00000	3840.08000
8.87277	0.00000	3836.82000
8.87661	0.00000	3836.82000
8.88045	0.00000	3836.82000
8.88428	0.00000	3836.82000
8.88811	0.00000	3836.82000
8.89195	0.00000	3836.82000
8.89579	0.00000	3836.82000
8.89962	0.00000	3836.82000
8.90346	0.00000	3836.82000
8.90730	0.00000	3836.82000
8.91113	0.00000	3833.63000
8.91495	0.00000	3833.63000
8.91879	0.00000	3833.63000
8.92262	0.00000	3833.63000
8.92645	0.00000	3837.28700
8.93030	0.00000	3837.28700
8.93413	0.00000	3837.28700
8.93796	0.00000	3837.28700
8.94180	0.00000	3837.28700
8.94564	0.00000	3836.74400
8.94947	0.00000	3836.74400
8.95329	0.00000	3836.74400
8.95713	0.00000	3836.74400
8.96095	0.00000	3836.74400
8.96478	0.00000	3840.16000
8.96861	0.00000	3840.16000
8.97245	0.00000	3840.16000
8.97628	0.00000	3840.16000
8.98011	0.00000	3840.16000
8.98395	0.00000	3833.40700
8.98779	0.00000	3833.40700
8.99162	0.00000	3833.40700
8.99546	0.00000	3833.40700
8.99928	0.00000	3833.40700
9.00311	0.00000	3837.20900
9.00694	0.00000	3837.20900
9.01078	0.00000	3837.20900
9.01461	0.00000	3837.20900
9.01845	0.00000	3840.72500
9.02229	0.00000	3840.72500
9.02612	0.00000	3840.72500
9.02995	0.00000	3840.72500
9.03378	0.00000	3840.72500
9.03761	0.00000	3840.08000
9.04145	0.00000	3840.08000
9.04528	0.00000	3840.08000
9.04911	0.00000	3840.08000
9.05294	0.00000	3840.08000
9.05677	0.00000	3836.74400
9.06061	0.00000	3836.74400
9.06444	0.00000	3836.74400
9.06828	0.00000	3836.74400
9.07212	0.00000	3836.74400
9.07595	0.00000	3836.74400
9.07979	0.00000	3836.74400
9.08363	0.00000	3836.74400
9.08746	0.00000	3836.74400
9.09130	0.00000	3840.72500
9.09512	0.00000	3840.72500
9.09895	0.00000	3840.72500
9.10278	0.00000	3840.72500
9.10661	0.00000	3840.72500
9.11043	0.00000	3840.56300
9.11427	0.00000	3840.56300
9.11810	0.00000	3840.56300
9.12193	0.00000	3840.56300
9.12577	0.00000	3840.56300
9.12961	0.00000	3840.08000
9.13344	0.00000	3840.08000
9.13726	0.00000	3840.08000
9.14110	0.00000	3840.08000
9.14494	0.00000	3840.08000
9.14877	0.00000	3836.74400
9.15260	0.00000	3836.74400
9.15643	0.00000	3836.74400
9.16027	0.00000	3836.74400
9.16410	0.00000	3836.74400
9.16793	0.00000	3836.74400
9.17177	0.00000	3836.74400
9.17561	0.00000	3836.74400
9.17944	0.00000	3836.74400
9.18327	0.00000	3840.72500
9.18710	0.00000	3840.72500
9.19092	0.00000	3840.72500
9.19475	0.00000	3840.72500
9.19858	0.00000	3840.72500
9.20241	0.00000	3833.78000
9.20625	0.00000	3833.78000
9.21009	0.00000	3833.78000
9.21392	0.00000	3833.78000
9.21775	0.00000	3833.78000
9.22159	0.00000	3836.74400
9.22542	0.00000	3836.74400
9.22926	0.00000	3836.74400
9.23309	0.00000	3836.74400
9.23692	0.00000	3836.74400
9.24075	0.00000	3840.16000
9.24458	0.00000	3840.16000
9.24842	0.00000	3840.16000
9.25225	0.00000	3840.16000
9.25609	0.00000	3840.16000
9.25992	0.00000	3833.40700
9.26376	0.00000	3833.40700
9.26759	0.00000	3833.40700
9.27143	0.00000	3833.40700
9.27526	0.00000	3837.28700
9.27910	0.00000	3837.28700
9.28292	0.00000	3837.28700
9.28675	0.00000	3837.28700
9.29058	0.00000	3837.28700
9.29441	0.00000	3840.40100
9.29825	0.00000	3840.40100
9.30208	0.00000	3840.40100
9.30593	0.00000	3840.40100
9.30979	0.00000	3840.40100
9.31364	0.00000	3836.82000
9.31747	0.00000	3836.82000
9.32131	0.00000	3836.82000
9.32514	0.00000	3836.82000
9.32898	0.00000	3836.82000
9.33280	0.00000	3836.74400
9.33663	0.00000	3836.74400
9.34046	0.00000	3836.74400
9.34429	0.00000	3836.74400
9.34812	0.00000	3836.74400
9.35195	0.00000	3840.16000
9.35579	0.00000	3840.16000
9.35962	0.00000	3840.16000
9.36346	0.00000	3840.16000
9.36730	0.00000	3837.28700
9.37113	0.00000	3837.28700
9.37496	0.00000	3837.28700
9.37879	0.00000	3837.28700
9.38263	0.00000	3837.28700
9.38646	0.00000	3840.08000
9.39029	0.00000	3840.08000
9.39413	0.00000	3840.08000
9.39797	0.00000	3840.08000
9.40180	0.00000	3840.08000
9.40563	0.00000	3840.08000
9.40947	0.00000	3840.08000
9.41331	0.00000	3840.08000
9.41714	0.00000	3840.08000
9.42096	0.00000	3840.08000
9.42480	0.00000	3840.08000
9.42863	0.00000	3840.08000
9.43246	0.00000	3840.08000
9.43629	0.00000	3840.08000
9.44012	0.00000	3840.08000
9.44396	0.00000	3836.89800
9.44779	0.00000	3836.89800
9.45163	0.00000	3836.89800
9.45547	0.00000	3836.89800
9.45930	0.00000	3837.36500
9.46314	0.00000	3837.36500
9.46698	0.00000	3837.36500
9.47081	0.00000	3837.36500
9.47464	0.00000	3837.36500
9.47846	0.00000	3836.66600
9.48230	0.00000	3836.66600
9.48613	0.00000	3836.66600
9.48996	0.00000	3836.66600
9.49379	0.00000	3836.66600
9.49762	0.00000	3836.74400
9.50146	0.00000	3836.74400
9.50529	0.00000	3836.74400
9.50913	0.00000	3836.74400
9.51296	0.00000	3836.74400
9.51679	0.00000	3836.74400
9.52061	0.00000	3836.74400
9.52445	0.00000	3836.74400
9.52828	0.00000	3836.74400
9.53211	0.00000	3836.74400
9.53594	0.00000	3837.05300
9.53977	0.00000	3837.05300
9.54360	0.00000	3837.05300
9.54744	0.00000	3837.05300
9.55128	0.00000	3834.00500
9.55512	0.00000	3834.00500
9.55897	0.00000	3834.00500
9.56280	0.00000	3834.00500
9.56663	0.00000	3834.00500
9.57047	0.00000	3840.16000
9.57430	0.00000	3840.16000
9.57814	0.00000	3840.16000
9.58198	0.00000	3840.16000
9.58581	0.00000	3840.16000
9.58964	0.00000	3836.74400
9.59348	0.00000	3836.74400
9.59732	0.00000	3836.74400
9.60115	0.00000	3836.74400
9.60498	0.00000	3836.74400
9.60881	0.00000	3840.08000
9.61264	0.00000	3840.08000
9.61647	0.00000	3840.08000
9.62030	0.00000	3840.08000
9.62413	0.00000	3833.93000
9.62795	0.00000	3833.93000
9.63178	0.00000	3833.93000
9.63561	0.00000	3833.93000
9.63945	0.00000	3833.93000
9.64328	0.00000	3837.36500
9.64712	0.00000	3837.36500
9.65095	0.00000	3837.36500
9.65478	0.00000	3837.36500
9.65860	0.00000	3837.36500
9.66243	0.00000	3836.74400
9.66626	0.00000	3836.74400
9.67009	0.00000	3836.74400
9.67392	0.00000	3836.74400
9.67775	0.00000	3836.74400
9.68159	0.00000	3840.08000
9.68542	0.00000	3840.08000
9.68925	0.00000	3840.08000
9.69309	0.00000	3840.08000
9.69693	0.00000	3840.08000
9.70075	0.00000	3843.41600
9.70458	0.00000	3843.41600
9.70840	0.00000	3843.41600
9.71223	0.00000	3843.41600
9.71606	0.00000	3837.36500
9.71988	0.00000	3837.36500
9.72368	0.00000	3837.36500
9.72750	0.00000	3837.36500
9.73134	0.00000	3837.36500
9.73517	0.00000	3833.85500
9.73902	0.00000	3833.85500
9.74285	0.00000	3833.85500
9.74669	0.00000	3833.85500
9.75052	0.00000	3833.85500
9.75434	0.00000	3836.74400
9.75817	0.00000	3836.74400
9.76200	0.00000	3836.74400
9.76583	0.00000	3836.74400
9.76967	0.00000	3836.74400
9.77351	0.00000	3840.08000
9.77734	0.00000	3840.08000
9.78117	0.00000	3840.08000
9.78501	0.00000	3840.08000
9.78884	0.00000	3840.08000
9.79268	0.00000	3840.00000
9.79650	0.00000	3840.00000
9.80034	0.00000	3840.00000
9.80417	0.00000	3840.00000
9.80803	0.00000	3840.64400
9.81188	0.00000	3840.64400
9.81568	0.00000	3840.64400
9.81952	0.00000	3840.64400
9.82335	0.00000	3840.64400
9.82718	0.00000	3840.56300
9.83102	0.00000	3840.56300
9.83485	0.00000	3840.56300
9.83869	0.00000	3840.56300
9.84251	0.00000	3840.56300
9.84634	0.00000	3836.82000
9.85016	0.00000	3836.82000
9.85399	0.00000	3836.82000
9.85782	0.00000	3836.82000
9.86165	0.00000	3836.82000
9.86550	0.00000	3840.16000
9.86933	0.00000	3840.16000
9.87316	0.00000	3840.16000
9.87699	0.00000	3840.16000
9.88083	0.00000	3840.16000
9.88466	0.00000	3836.82000
9.88849	0.00000	3836.82000
9.89232	0.00000	3836.82000
9.89615	0.00000	3836.82000
9.89998	0.00000	3840.72500
9.90381	0.00000	3840.72500
9.90764	0.00000	3840.72500
9.91147	0.00000	3840.72500
9.91531	0.00000	3840.72500
9.91914	0.00000	3843.91700
9.92297	0.00000	3843.91700
9.92681	0.00000	3843.91700
9.93064	0.00000	3843.91700
9.93448	0.00000	3843.91700
9.93831	0.00000	3836.74400
9.94213	0.00000	3836.74400
9.94597	0.00000	3836.74400
9.94981	0.00000	3836.74400
9.95364	0.00000	3836.74400
9.95748	0.00000	3836.82000
9.96131	0.00000	3836.82000
9.96514	0.00000	3836.82000
9.96898	0.00000	3836.82000
9.97281	0.00000	3836.82000
9.97665	0.00000	3836.82000
9.98049	0.00000	3836.82000
9.98431	0.00000	3836.82000
9.98814	0.00000	3836.82000
9.99197	0.00000	3840.72500
9.99581	0.00000	3840.72500
9.99965	0.00000	3840.72500
