Time (s)   Thrust (N)   RPM
0.00028	0.00000	5616.17600
0.00418	0.00000	5616.17600
0.00805	0.00000	5616.17600
0.01189	0.00000	5616.17600
0.01575	0.00000	5616.17600
0.01958	0.00000	5625.00000
0.02354	0.00000	5625.00000
0.02738	0.00000	5625.00000
0.03122	0.00000	5625.00000
0.03506	0.00000	5625.00000
0.03890	0.00000	5625.00000
0.04272	0.00000	5625.00000
0.04660	0.00000	5442.58000
0.05045	0.00000	5442.58000
0.05429	0.00000	5442.58000
0.05812	0.00000	5442.58000
0.06195	0.00000	5442.58000
0.06578	0.00000	5442.58000
0.06961	0.00000	5442.58000
0.07343	0.00000	5115.46100
0.07725	0.00000	5115.46100
0.08108	0.00000	5115.46100
0.08490	0.00000	5115.46100
0.08873	0.00000	5115.46100
0.09256	0.00000	5115.46100
0.09638	0.00000	4890.02100
0.10021	0.00000	4890.02100
0.10404	0.00000	4890.02100
0.10787	0.00000	4890.02100
0.11170	0.00000	4890.02100
0.11552	0.00000	4687.50000
0.11934	0.00000	4687.50000
0.12317	0.00000	4687.50000
0.12700	0.00000	4687.50000
0.13083	0.00000	4687.50000
0.13465	0.00000	4687.50000
0.13848	0.00000	4527.15700
0.14232	0.00000	4527.15700
0.14614	0.00000	4527.15700
0.14996	0.00000	4527.15700
0.15379	0.00000	4527.15700
0.15762	0.00000	4394.90400
0.16146	0.00000	4394.90400
0.16528	0.00000	4394.90400
0.16910	0.00000	4394.90400
0.17294	0.00000	4394.90400
0.17676	0.00000	4271.68500
0.18060	0.00000	4271.68500
0.18444	0.00000	4271.68500
0.18828	0.00000	4271.68500
0.19212	0.00000	4271.68500
0.19598	0.00000	4178.12500
0.19982	0.00000	4178.12500
0.20366	0.00000	4178.12500
0.20750	0.00000	4178.12500
0.21134	0.00000	4178.12500
0.21516	0.00000	4090.61900
0.21898	0.00000	4090.61900
0.22281	0.00000	4090.61900
0.22663	0.00000	4090.61900
0.23045	0.00000	4090.61900
0.23427	0.00000	4016.00300
0.23809	0.00000	4016.00300
0.24192	0.00000	4016.00300
0.24575	0.00000	4016.00300
0.24958	0.00000	4016.00300
0.25345	0.00000	3956.15100
0.25731	0.00000	3956.15100
0.26114	0.00000	3956.15100
0.26497	0.00000	3956.15100
0.26880	0.00000	3956.15100
0.27263	0.00000	3908.17200
0.27649	0.00000	3908.17200
0.28032	0.00000	3908.17200
0.28416	0.00000	3908.17200
0.28799	0.00000	3908.17200
0.29181	0.00000	3859.70700
0.29565	0.00000	3859.70700
0.29947	0.00000	3859.70700
0.30329	0.00000	3859.70700
0.30712	0.00000	3859.70700
0.31095	0.00000	3813.61600
0.31477	0.00000	3813.61600
0.31859	0.00000	3813.61600
0.32241	0.00000	3813.61600
0.32624	0.00000	3813.61600
0.33005	0.00000	3770.27000
0.33388	0.00000	3770.27000
0.33771	0.00000	3770.27000
0.34153	0.00000	3770.27000
0.34535	0.00000	3750.00000
0.34918	0.00000	3750.00000
0.35301	0.00000	3750.00000
0.35683	0.00000	3750.00000
0.36065	0.00000	3750.00000
0.36447	0.00000	3726.09200
0.36830	0.00000	3726.09200
0.37213	0.00000	3726.09200
0.37595	0.00000	3726.09200
0.37976	0.00000	3726.09200
0.38359	0.00000	3688.41200
0.38740	0.00000	3688.41200
0.39123	0.00000	3688.41200
0.39506	0.00000	3688.41200
0.39889	0.00000	3673.75200
0.40273	0.00000	3673.75200
0.40655	0.00000	3673.75200
0.41037	0.00000	3673.75200
0.41420	0.00000	3673.75200
0.41803	0.00000	3649.86200
0.42186	0.00000	3649.86200
0.42569	0.00000	3649.86200
0.42952	0.00000	3649.86200
0.43335	0.00000	3649.86200
0.43718	0.00000	3638.88900
0.44100	0.00000	3638.88900
0.44483	0.00000	3638.88900
0.44866	0.00000	3638.88900
0.45250	0.00000	3627.56500
0.45633	0.00000	3627.56500
0.46016	0.00000	3627.56500
0.46398	0.00000	3627.56500
0.46781	0.00000	3627.56500
0.47163	0.00000	3614.07900
0.47542	0.00000	3614.07900
0.47924	0.00000	3614.07900
0.48306	0.00000	3614.07900
0.48688	0.00000	3595.50500
0.49071	0.00000	3595.50500
0.49454	0.00000	3595.50500
0.49837	0.00000	3595.50500
0.50220	0.00000	3595.50500
0.50602	0.00000	3582.08900
0.50985	0.00000	3582.08900
0.51368	0.00000	3582.08900
0.51752	0.00000	3582.08900
0.52135	0.00000	3582.08900
0.52517	0.00000	3574.76600
0.52899	0.00000	3574.76600
0.53282	0.00000	3574.76600
0.53665	0.00000	3574.76600
0.54047	0.00000	3573.77800
0.54431	0.00000	3573.77800
0.54815	0.00000	3573.77800
0.55196	0.00000	3573.77800
0.55579	0.00000	3573.77800
0.55962	0.00000	3567.41500
0.56342	0.00000	3567.41500
0.56725	0.00000	3567.41500
0.57107	0.00000	3567.41500
0.57490	0.00000	3562.50000
0.57872	0.00000	3562.50000
0.58255	0.00000	3562.50000
0.58638	0.00000	3562.50000
0.59021	0.00000	3562.50000
0.59403	0.00000	3549.85900
0.59785	0.00000	3549.85900
0.60168	0.00000	3549.85900
0.60550	0.00000	3549.85900
0.60933	0.00000	3547.96800
0.61316	0.00000	3547.96800
0.61699	0.00000	3547.96800
0.62081	0.00000	3547.96800
0.62463	0.00000	3547.96800
0.62846	0.00000	3542.05800
0.63229	0.00000	3542.05800
0.63611	0.00000	3542.05800
0.63994	0.00000	3542.05800
0.64377	0.00000	3537.33400
0.64759	0.00000	3537.33400
0.65142	0.00000	3537.33400
0.65524	0.00000	3537.33400
0.65907	0.00000	3537.33400
0.66289	0.00000	3536.93200
0.66672	0.00000	3536.93200
0.67055	0.00000	3536.93200
0.67437	0.00000	3536.93200
0.67820	0.00000	3536.93200
0.68202	0.00000	3534.19800
0.68585	0.00000	3534.19800
0.68968	0.00000	3534.19800
0.69351	0.00000	3534.19800
0.69734	0.00000	3529.41100
0.70116	0.00000	3529.41100
0.70498	0.00000	3529.41100
0.70881	0.00000	3529.41100
0.71263	0.00000	3529.41100
0.71646	0.00000	3524.01100
0.72028	0.00000	3524.01100
0.72411	0.00000	3524.01100
0.72794	0.00000	3524.01100
0.73176	0.00000	3518.73800
0.73559	0.00000	3518.73800
0.73942	0.00000	3518.73800
0.74324	0.00000	3518.73800
0.74706	0.00000	3518.73800
0.75088	0.00000	3513.41800
0.75471	0.00000	3513.41800
0.75853	0.00000	3513.41800
0.76237	0.00000	3513.41800
0.76619	0.00000	3518.29800
0.77001	0.00000	3518.29800
0.77384	0.00000	3518.29800
0.77770	0.00000	3518.29800
0.78153	0.00000	3518.29800
0.78536	0.00000	3516.50900
0.78919	0.00000	3516.50900
0.79302	0.00000	3516.50900
0.79685	0.00000	3516.50900
0.80068	0.00000	3518.29800
0.80451	0.00000	3518.29800
0.80835	0.00000	3518.29800
0.81217	0.00000	3518.29800
0.81599	0.00000	3518.29800
0.81983	0.00000	3505.89600
0.82364	0.00000	3505.89600
0.82742	0.00000	3505.89600
0.83124	0.00000	3505.89600
0.83507	0.00000	3503.57100
0.83890	0.00000	3503.57100
0.84274	0.00000	3503.57100
0.84657	0.00000	3503.57100
0.85039	0.00000	3503.57100
0.85422	0.00000	3508.97900
0.85804	0.00000	3508.97900
0.86188	0.00000	3508.97900
0.86571	0.00000	3508.97900
0.86955	0.00000	3503.57100
0.87337	0.00000	3503.57100
0.87719	0.00000	3503.57100
0.88101	0.00000	3503.57100
0.88483	0.00000	3503.57100
0.88866	0.00000	3497.86900
0.89249	0.00000	3497.86900
0.89631	0.00000	3497.86900
0.90014	0.00000	3497.86900
0.90396	0.00000	3495.94400
0.90778	0.00000	3495.94400
0.91161	0.00000	3495.94400
0.91542	0.00000	3495.94400
0.91924	0.00000	3495.94400
0.92307	0.00000	3497.86900
0.92689	0.00000	3497.86900
0.93072	0.00000	3497.86900
0.93455	0.00000	3497.86900
0.93836	0.00000	3496.42800
0.94221	0.00000	3496.42800
0.94603	0.00000	3496.42800
0.94986	0.00000	3496.42800
0.95368	0.00000	3496.42800
0.95751	0.00000	3500.94800
0.96134	0.00000	3500.94800
0.96516	0.00000	3500.94800
0.96898	0.00000	3500.94800
0.97280	0.00000	3492.85700
0.97662	0.00000	3492.85700
0.98045	0.00000	3492.85700
0.98427	0.00000	3492.85700
0.98810	0.00000	3492.85700
0.99193	0.00000	3492.85700
0.99576	0.00000	3492.85700
0.99958	0.00000	3492.85700
1.00340	0.00000	3492.85700
1.00723	0.00000	3488.28800
1.01105	0.00000	3488.28800
1.01488	0.00000	3488.28800
1.01869	0.00000	3488.28800
1.02251	0.00000	3488.28800
1.02633	0.00000	3488.78800
1.03016	0.00000	3488.78800
1.03398	0.00000	3488.78800
1.03781	0.00000	3488.78800
1.04163	0.00000	3492.36600
1.04545	0.00000	3492.36600
1.04927	0.00000	3492.36600
1.05310	0.00000	3492.36600
1.05692	0.00000	3492.36600
1.06075	0.00000	3492.85700
1.06458	0.00000	3492.85700
1.06840	0.00000	3492.85700
1.07223	0.00000	3492.85700
1.07605	0.00000	3489.28500
1.07987	0.00000	3489.28500
1.08369	0.00000	3489.28500
1.08751	0.00000	3489.28500
1.09133	0.00000	3489.28500
1.09515	0.00000	3485.71400
1.09897	0.00000	3485.71400
1.10280	0.00000	3485.71400
1.10662	0.00000	3485.71400
1.11045	0.00000	3492.36600
1.11426	0.00000	3492.36600
1.11809	0.00000	3492.36600
1.12191	0.00000	3492.36600
1.12574	0.00000	3492.36600
1.12957	0.00000	3492.36600
1.13338	0.00000	3492.36600
1.13721	0.00000	3492.36600
1.14103	0.00000	3492.36600
1.14485	0.00000	3492.36600
1.14867	0.00000	3485.71400
1.15249	0.00000	3485.71400
1.15632	0.00000	3485.71400
1.16015	0.00000	3485.71400
1.16397	0.00000	3482.14200
1.16780	0.00000	3482.14200
1.17163	0.00000	3482.14200
1.17542	0.00000	3482.14200
1.17925	0.00000	3482.14200
1.18306	0.00000	3489.78100
1.18689	0.00000	3489.78100
1.19071	0.00000	3489.78100
1.19453	0.00000	3489.78100
1.19836	0.00000	3488.78800
1.20218	0.00000	3488.78800
1.20601	0.00000	3488.78800
1.20983	0.00000	3488.78800
1.21366	0.00000	3488.78800
1.21747	0.00000	3489.78100
1.22130	0.00000	3489.78100
1.22512	0.00000	3489.78100
1.22896	0.00000	3489.78100
1.23279	0.00000	3485.21000
1.23661	0.00000	3485.21000
1.24044	0.00000	3485.21000
1.24426	0.00000	3485.21000
1.24809	0.00000	3485.21000
1.25190	0.00000	3486.71700
1.25573	0.00000	3486.71700
1.25956	0.00000	3486.71700
1.26338	0.00000	3486.71700
1.26722	0.00000	3481.63100
1.27104	0.00000	3481.63100
1.27490	0.00000	3481.63100
1.27873	0.00000	3481.63100
1.28256	0.00000	3481.63100
1.28638	0.00000	3489.78100
1.29020	0.00000	3489.78100
1.29403	0.00000	3489.78100
1.29785	0.00000	3489.78100
1.30169	0.00000	3481.11800
1.30551	0.00000	3481.11800
1.30934	0.00000	3481.11800
1.31317	0.00000	3481.11800
1.31699	0.00000	3481.11800
1.32080	0.00000	3482.14200
1.32463	0.00000	3482.14200
1.32845	0.00000	3482.14200
1.33227	0.00000	3482.14200
1.33609	0.00000	3478.05300
1.33992	0.00000	3478.05300
1.34375	0.00000	3478.05300
1.34758	0.00000	3478.05300
1.35140	0.00000	3478.05300
1.35522	0.00000	3486.21600
1.35904	0.00000	3486.21600
1.36287	0.00000	3486.21600
1.36669	0.00000	3486.21600
1.37052	0.00000	3484.70300
1.37434	0.00000	3484.70300
1.37817	0.00000	3484.70300
1.38199	0.00000	3484.70300
1.38581	0.00000	3484.70300
1.38964	0.00000	3475.52300
1.39347	0.00000	3475.52300
1.39729	0.00000	3475.52300
1.40112	0.00000	3475.52300
1.40495	0.00000	3488.28800
1.40876	0.00000	3488.28800
1.41259	0.00000	3488.28800
1.41641	0.00000	3488.28800
1.42023	0.00000	3488.28800
1.42406	0.00000	3475.52300
1.42788	0.00000	3475.52300
1.43171	0.00000	3475.52300
1.43554	0.00000	3475.52300
1.43936	0.00000	3484.70300
1.44319	0.00000	3484.70300
1.44701	0.00000	3484.70300
1.45083	0.00000	3484.70300
1.45465	0.00000	3484.70300
1.45848	0.00000	3479.60100
1.46230	0.00000	3479.60100
1.46613	0.00000	3479.60100
1.46995	0.00000	3479.60100
1.47377	0.00000	3481.11800
1.47761	0.00000	3481.11800
1.48144	0.00000	3481.11800
1.48527	0.00000	3481.11800
1.48909	0.00000	3481.11800
1.49291	0.00000	3478.57100
1.49673	0.00000	3478.57100
1.50056	0.00000	3478.57100
1.50438	0.00000	3478.57100
1.50821	0.00000	3484.70300
1.51203	0.00000	3484.70300
1.51586	0.00000	3484.70300
1.51968	0.00000	3484.70300
1.52351	0.00000	3484.70300
1.52733	0.00000	3485.71400
1.53115	0.00000	3485.71400
1.53497	0.00000	3485.71400
1.53880	0.00000	3485.71400
1.54263	0.00000	3477.53300
1.54645	0.00000	3477.53300
1.55027	0.00000	3477.53300
1.55409	0.00000	3477.53300
1.55792	0.00000	3477.53300
1.56174	0.00000	3475.52300
1.56556	0.00000	3475.52300
1.56939	0.00000	3475.52300
1.57320	0.00000	3475.52300
1.57702	0.00000	3477.53300
1.58085	0.00000	3477.53300
1.58467	0.00000	3477.53300
1.58850	0.00000	3477.53300
1.59232	0.00000	3477.53300
1.59615	0.00000	3475.52300
1.59997	0.00000	3475.52300
1.60380	0.00000	3475.52300
1.60762	0.00000	3475.52300
1.61142	0.00000	3473.94800
1.61525	0.00000	3473.94800
1.61907	0.00000	3473.94800
1.62289	0.00000	3473.94800
1.62671	0.00000	3473.94800
1.63054	0.00000	3479.08700
1.63436	0.00000	3479.08700
1.63818	0.00000	3479.08700
1.64200	0.00000	3479.08700
1.64582	0.00000	3477.53300
1.64965	0.00000	3477.53300
1.65348	0.00000	3477.53300
1.65731	0.00000	3477.53300
1.66114	0.00000	3477.53300
1.66497	0.00000	3478.57100
1.66879	0.00000	3478.57100
1.67261	0.00000	3478.57100
1.67643	0.00000	3478.57100
1.68025	0.00000	3477.01100
1.68408	0.00000	3477.01100
1.68790	0.00000	3477.01100
1.69172	0.00000	3477.01100
1.69554	0.00000	3477.01100
1.69936	0.00000	3475.00000
1.70320	0.00000	3475.00000
1.70702	0.00000	3475.00000
1.71084	0.00000	3475.00000
1.71466	0.00000	3466.23500
1.71849	0.00000	3466.23500
1.72231	0.00000	3466.23500
1.72613	0.00000	3466.23500
1.72995	0.00000	3466.23500
1.73377	0.00000	3478.57100
1.73759	0.00000	3478.57100
1.74142	0.00000	3478.57100
1.74524	0.00000	3478.57100
1.74907	0.00000	3477.01100
1.75290	0.00000	3477.01100
1.75673	0.00000	3477.01100
1.76055	0.00000	3477.01100
1.76438	0.00000	3477.01100
1.76820	0.00000	3475.00000
1.77203	0.00000	3475.00000
1.77588	0.00000	3475.00000
1.77972	0.00000	3475.00000
1.78355	0.00000	3477.01100
1.78738	0.00000	3477.01100
1.79121	0.00000	3477.01100
1.79503	0.00000	3477.01100
1.79886	0.00000	3477.01100
1.80267	0.00000	3467.85700
1.80649	0.00000	3467.85700
1.81032	0.00000	3467.85700
1.81414	0.00000	3467.85700
1.81796	0.00000	3473.41900
1.82178	0.00000	3473.41900
1.82561	0.00000	3473.41900
1.82943	0.00000	3473.41900
1.83326	0.00000	3473.41900
1.83707	0.00000	3467.85700
1.84090	0.00000	3467.85700
1.84472	0.00000	3467.85700
1.84854	0.00000	3467.85700
1.85236	0.00000	3477.01100
1.85618	0.00000	3477.01100
1.86001	0.00000	3477.01100
1.86383	0.00000	3477.01100
1.86766	0.00000	3477.01100
1.87147	0.00000	3481.63100
1.87529	0.00000	3481.63100
1.87911	0.00000	3481.63100
1.88293	0.00000	3481.63100
1.88675	0.00000	3470.36300
1.89057	0.00000	3470.36300
1.89440	0.00000	3470.36300
1.89822	0.00000	3470.36300
1.90205	0.00000	3470.36300
1.90587	0.00000	3470.89700
1.90969	0.00000	3470.89700
1.91351	0.00000	3470.89700
1.91734	0.00000	3470.89700
1.92116	0.00000	3480.60300
1.92499	0.00000	3480.60300
1.92881	0.00000	3480.60300
1.93263	0.00000	3480.60300
1.93645	0.00000	3480.60300
1.94027	0.00000	3481.63100
1.94410	0.00000	3481.63100
1.94793	0.00000	3481.63100
1.95176	0.00000	3481.63100
1.95558	0.00000	3473.94800
1.95941	0.00000	3473.94800
1.96324	0.00000	3473.94800
1.96706	0.00000	3473.94800
1.97087	0.00000	3473.94800
1.97469	0.00000	3471.42800
1.97851	0.00000	3471.42800
1.98234	0.00000	3471.42800
1.98615	0.00000	3471.42800
1.98998	0.00000	3473.94800
1.99381	0.00000	3473.94800
1.99764	0.00000	3473.94800
2.00147	0.00000	3473.94800
2.00530	0.00000	3473.94800
2.00912	0.00000	3474.47500
2.01294	0.00000	3474.47500
2.01677	0.00000	3474.47500
2.02059	0.00000	3474.47500
2.02442	0.00000	3480.60300
2.02824	0.00000	3480.60300
2.03207	0.00000	3480.60300
2.03589	0.00000	3480.60300
2.03972	0.00000	3480.60300
2.04354	0.00000	3474.47500
2.04736	0.00000	3474.47500
2.05119	0.00000	3474.47500
2.05502	0.00000	3474.47500
2.05884	0.00000	3470.36300
2.06266	0.00000	3470.36300
2.06648	0.00000	3470.36300
2.07030	0.00000	3470.36300
2.07413	0.00000	3473.94800
2.07794	0.00000	3473.94800
2.08177	0.00000	3473.94800
2.08559	0.00000	3473.94800
2.08942	0.00000	3473.94800
2.09324	0.00000	3473.41900
2.09706	0.00000	3473.41900
2.10088	0.00000	3473.41900
2.10470	0.00000	3473.41900
2.10854	0.00000	3477.53300
2.11236	0.00000	3477.53300
2.11618	0.00000	3477.53300
2.12000	0.00000	3477.53300
2.12382	0.00000	3477.53300
2.12764	0.00000	3473.94800
2.13142	0.00000	3473.94800
2.13524	0.00000	3473.94800
2.13906	0.00000	3473.94800
2.14289	0.00000	3481.11800
2.14670	0.00000	3481.11800
2.15052	0.00000	3481.11800
2.15435	0.00000	3481.11800
2.15817	0.00000	3481.11800
2.16200	0.00000	3473.94800
2.16583	0.00000	3473.94800
2.16966	0.00000	3473.94800
2.17348	0.00000	3473.94800
2.17730	0.00000	3477.53300
2.18111	0.00000	3477.53300
2.18493	0.00000	3477.53300
2.18875	0.00000	3477.53300
2.19257	0.00000	3477.53300
2.19639	0.00000	3473.94800
2.20021	0.00000	3473.94800
2.20404	0.00000	3473.94800
2.20787	0.00000	3473.94800
2.21170	0.00000	3481.11800
2.21552	0.00000	3481.11800
2.21935	0.00000	3481.11800
2.22317	0.00000	3481.11800
2.22698	0.00000	3481.11800
2.23081	0.00000	3477.53300
2.23464	0.00000	3477.53300
2.23847	0.00000	3477.53300
2.24229	0.00000	3477.53300
2.24611	0.00000	3481.11800
2.24994	0.00000	3481.11800
2.25376	0.00000	3481.11800
2.25758	0.00000	3481.11800
2.26140	0.00000	3481.11800
2.26522	0.00000	3481.11800
2.26904	0.00000	3481.11800
2.27287	0.00000	3481.11800
2.27672	0.00000	3481.11800
2.28055	0.00000	3481.11800
2.28437	0.00000	3481.11800
2.28819	0.00000	3481.11800
2.29201	0.00000	3481.11800
2.29584	0.00000	3481.11800
2.29967	0.00000	3481.63100
2.30350	0.00000	3481.63100
2.30733	0.00000	3481.63100
2.31116	0.00000	3481.63100
2.31498	0.00000	3477.53300
2.31880	0.00000	3477.53300
2.32262	0.00000	3477.53300
2.32645	0.00000	3477.53300
2.33027	0.00000	3477.53300
2.33410	0.00000	3478.05300
2.33793	0.00000	3478.05300
2.34175	0.00000	3478.05300
2.34557	0.00000	3478.05300
2.34939	0.00000	3484.70300
2.35321	0.00000	3484.70300
2.35703	0.00000	3484.70300
2.36086	0.00000	3484.70300
2.36468	0.00000	3484.70300
2.36851	0.00000	3481.63100
2.37233	0.00000	3481.63100
2.37616	0.00000	3481.63100
2.37998	0.00000	3481.63100
2.38379	0.00000	3473.94800
2.38762	0.00000	3473.94800
2.39142	0.00000	3473.94800
2.39525	0.00000	3473.94800
2.39906	0.00000	3473.94800
2.40289	0.00000	3478.05300
2.40671	0.00000	3478.05300
2.41054	0.00000	3478.05300
2.41436	0.00000	3478.05300
2.41819	0.00000	3473.94800
2.42201	0.00000	3473.94800
2.42583	0.00000	3473.94800
2.42965	0.00000	3473.94800
2.43347	0.00000	3473.94800
2.43730	0.00000	3481.63100
2.44112	0.00000	3481.63100
2.44494	0.00000	3481.63100
2.44877	0.00000	3481.63100
2.45259	0.00000	3484.70300
2.45641	0.00000	3484.70300
2.46023	0.00000	3484.70300
2.46405	0.00000	3484.70300
2.46789	0.00000	3484.70300
2.47171	0.00000	3481.63100
2.47554	0.00000	3481.63100
2.47936	0.00000	3481.63100
2.48318	0.00000	3481.63100
2.48700	0.00000	3474.47500
2.49082	0.00000	3474.47500
2.49464	0.00000	3474.47500
2.49847	0.00000	3474.47500
2.50229	0.00000	3474.47500
2.50611	0.00000	3481.63100
2.50994	0.00000	3481.63100
2.51376	0.00000	3481.63100
2.51759	0.00000	3481.63100
2.52141	0.00000	3488.28800
2.52522	0.00000	3488.28800
2.52904	0.00000	3488.28800
2.53287	0.00000	3488.28800
2.53668	0.00000	3488.28800
2.54051	0.00000	3488.78800
2.54433	0.00000	3488.78800
2.54816	0.00000	3488.78800
2.55199	0.00000	3488.78800
2.55581	0.00000	3485.21000
2.55962	0.00000	3485.21000
2.56342	0.00000	3485.21000
2.56724	0.00000	3485.21000
2.57106	0.00000	3485.21000
2.57489	0.00000	3481.11800
2.57872	0.00000	3481.11800
2.58254	0.00000	3481.11800
2.58636	0.00000	3481.11800
2.59018	0.00000	3481.63100
2.59400	0.00000	3481.63100
2.59782	0.00000	3481.63100
2.60165	0.00000	3481.63100
2.60547	0.00000	3481.63100
2.60929	0.00000	3481.63100
2.61311	0.00000	3481.63100
2.61693	0.00000	3481.63100
2.62076	0.00000	3481.63100
2.62458	0.00000	3485.21000
2.62840	0.00000	3485.21000
2.63223	0.00000	3485.21000
2.63606	0.00000	3485.21000
2.63988	0.00000	3485.21000
2.64371	0.00000	3485.21000
2.64753	0.00000	3485.21000
2.65135	0.00000	3485.21000
2.65517	0.00000	3485.21000
2.65899	0.00000	3485.21000
2.66281	0.00000	3482.14200
2.66663	0.00000	3482.14200
2.67045	0.00000	3482.14200
2.67428	0.00000	3482.14200
2.67810	0.00000	3481.63100
2.68192	0.00000	3481.63100
2.68575	0.00000	3481.63100
2.68957	0.00000	3481.63100
2.69340	0.00000	3481.63100
2.69722	0.00000	3482.14200
2.70104	0.00000	3482.14200
2.70487	0.00000	3482.14200
2.70869	0.00000	3482.14200
2.71252	0.00000	3478.05300
2.71634	0.00000	3478.05300
2.72016	0.00000	3478.05300
2.72401	0.00000	3478.05300
2.72783	0.00000	3478.05300
2.73165	0.00000	3478.57100
2.73547	0.00000	3478.57100
2.73930	0.00000	3478.57100
2.74312	0.00000	3478.57100
2.74694	0.00000	3477.53300
2.75076	0.00000	3477.53300
2.75458	0.00000	3477.53300
2.75840	0.00000	3477.53300
2.76221	0.00000	3477.53300
2.76604	0.00000	3478.05300
2.76986	0.00000	3478.05300
2.77368	0.00000	3478.05300
2.77754	0.00000	3478.05300
2.78137	0.00000	3481.63100
2.78521	0.00000	3481.63100
2.78905	0.00000	3481.63100
2.79287	0.00000	3481.63100
2.79670	0.00000	3481.63100
2.80052	0.00000	3485.21000
2.80434	0.00000	3485.21000
2.80817	0.00000	3485.21000
2.81200	0.00000	3485.21000
2.81581	0.00000	3484.70300
2.81965	0.00000	3484.70300
2.82347	0.00000	3484.70300
2.82729	0.00000	3484.70300
2.83111	0.00000	3484.70300
2.83493	0.00000	3478.05300
2.83875	0.00000	3478.05300
2.84258	0.00000	3478.05300
2.84640	0.00000	3478.05300
2.85022	0.00000	3481.11800
2.85404	0.00000	3481.11800
2.85787	0.00000	3481.11800
2.86169	0.00000	3481.11800
2.86552	0.00000	3481.11800
2.86934	0.00000	3478.05300
2.87316	0.00000	3478.05300
2.87699	0.00000	3478.05300
2.88082	0.00000	3478.05300
2.88464	0.00000	3484.70300
2.88847	0.00000	3484.70300
2.89230	0.00000	3484.70300
2.89613	0.00000	3484.70300
2.89995	0.00000	3484.70300
2.90377	0.00000	3481.63100
2.90758	0.00000	3481.63100
2.91142	0.00000	3481.63100
2.91525	0.00000	3481.63100
2.91907	0.00000	3473.94800
2.92290	0.00000	3473.94800
2.92672	0.00000	3473.94800
2.93054	0.00000	3473.94800
2.93436	0.00000	3481.11800
2.93818	0.00000	3481.11800
2.94200	0.00000	3481.11800
2.94583	0.00000	3481.11800
2.94965	0.00000	3481.11800
2.95348	0.00000	3481.11800
2.95730	0.00000	3481.11800
2.96112	0.00000	3481.11800
2.96494	0.00000	3481.11800
2.96876	0.00000	3481.11800
2.97258	0.00000	3481.11800
2.97640	0.00000	3481.11800
2.98022	0.00000	3481.11800
2.98404	0.00000	3481.11800
2.98786	0.00000	3478.05300
2.99169	0.00000	3478.05300
2.99551	0.00000	3478.05300
2.99933	0.00000	3478.05300
3.00315	0.00000	3478.05300
3.00697	0.00000	3481.63100
3.01079	0.00000	3481.63100
3.01461	0.00000	3481.63100
3.01844	0.00000	3481.63100
3.02226	0.00000	3477.53300
3.02609	0.00000	3477.53300
3.02991	0.00000	3477.53300
3.03373	0.00000	3477.53300
3.03756	0.00000	3477.53300
3.04138	0.00000	3481.63100
3.04520	0.00000	3481.63100
3.04903	0.00000	3481.63100
3.05286	0.00000	3481.63100
3.05669	0.00000	3473.94800
3.06051	0.00000	3473.94800
3.06434	0.00000	3473.94800
3.06817	0.00000	3473.94800
3.07199	0.00000	3481.63100
3.07581	0.00000	3481.63100
3.07964	0.00000	3481.63100
3.08342	0.00000	3481.63100
3.08724	0.00000	3481.63100
3.09106	0.00000	3484.70300
3.09488	0.00000	3484.70300
3.09870	0.00000	3484.70300
3.10252	0.00000	3484.70300
3.10634	0.00000	3484.70300
3.11016	0.00000	3481.63100
3.11399	0.00000	3481.63100
3.11782	0.00000	3481.63100
3.12164	0.00000	3481.63100
3.12547	0.00000	3481.11800
3.12929	0.00000	3481.11800
3.13312	0.00000	3481.11800
3.13694	0.00000	3481.11800
3.14076	0.00000	3481.11800
3.14459	0.00000	3488.78800
3.14841	0.00000	3488.78800
3.15223	0.00000	3488.78800
3.15605	0.00000	3488.78800
3.15987	0.00000	3481.63100
3.16369	0.00000	3481.63100
3.16752	0.00000	3481.63100
3.17135	0.00000	3481.63100
3.17517	0.00000	3481.63100
3.17899	0.00000	3481.63100
3.18281	0.00000	3481.63100
3.18662	0.00000	3481.63100
3.19045	0.00000	3481.63100
3.19427	0.00000	3480.60300
3.19809	0.00000	3480.60300
3.20192	0.00000	3480.60300
3.20574	0.00000	3480.60300
3.20956	0.00000	3480.60300
3.21338	0.00000	3485.21000
3.21720	0.00000	3485.21000
3.22102	0.00000	3485.21000
3.22484	0.00000	3485.21000
3.22867	0.00000	3477.53300
3.23249	0.00000	3477.53300
3.23631	0.00000	3477.53300
3.24014	0.00000	3477.53300
3.24396	0.00000	3477.53300
3.24778	0.00000	3485.71400
3.25161	0.00000	3485.71400
3.25542	0.00000	3485.71400
3.25925	0.00000	3485.71400
3.26308	0.00000	3478.05300
3.26690	0.00000	3478.05300
3.27072	0.00000	3478.05300
3.27455	0.00000	3478.05300
3.27840	0.00000	3478.05300
3.28223	0.00000	3485.21000
3.28606	0.00000	3485.21000
3.28990	0.00000	3485.21000
3.29372	0.00000	3485.21000
3.29755	0.00000	3481.11800
3.30137	0.00000	3481.11800
3.30520	0.00000	3481.11800
3.30902	0.00000	3481.11800
3.31285	0.00000	3481.11800
3.31667	0.00000	3481.63100
3.32049	0.00000	3481.63100
3.32431	0.00000	3481.63100
3.32814	0.00000	3481.63100
3.33196	0.00000	3478.05300
3.33578	0.00000	3478.05300
3.33960	0.00000	3478.05300
3.34342	0.00000	3478.05300
3.34725	0.00000	3478.05300
3.35107	0.00000	3479.08700
3.35489	0.00000	3479.08700
3.35871	0.00000	3479.08700
3.36254	0.00000	3479.08700
3.36636	0.00000	3480.60300
3.37018	0.00000	3480.60300
3.37400	0.00000	3480.60300
3.37782	0.00000	3480.60300
3.38165	0.00000	3480.60300
3.38547	0.00000	3474.47500
3.38929	0.00000	3474.47500
3.39312	0.00000	3474.47500
3.39695	0.00000	3474.47500
3.40077	0.00000	3477.53300
3.40460	0.00000	3477.53300
3.40842	0.00000	3477.53300
3.41225	0.00000	3477.53300
3.41606	0.00000	3477.53300
3.41988	0.00000	3475.00000
3.42371	0.00000	3475.00000
3.42753	0.00000	3475.00000
3.43135	0.00000	3475.00000
3.43518	0.00000	3474.47500
3.43899	0.00000	3474.47500
3.44282	0.00000	3474.47500
3.44664	0.00000	3474.47500
3.45048	0.00000	3474.47500
3.45430	0.00000	3481.11800
3.45812	0.00000	3481.11800
3.46195	0.00000	3481.11800
3.46577	0.00000	3481.11800
3.46959	0.00000	3477.53300
3.47341	0.00000	3477.53300
3.47724	0.00000	3477.53300
3.48106	0.00000	3477.53300
3.48489	0.00000	3477.53300
3.48871	0.00000	3481.63100
3.49254	0.00000	3481.63100
3.49636	0.00000	3481.63100
3.50018	0.00000	3481.63100
3.50400	0.00000	3474.47500
3.50783	0.00000	3474.47500
3.51165	0.00000	3474.47500
3.51547	0.00000	3474.47500
3.51930	0.00000	3474.47500
3.52311	0.00000	3485.21000
3.52693	0.00000	3485.21000
3.53075	0.00000	3485.21000
3.53457	0.00000	3485.21000
3.53839	0.00000	3484.70300
3.54222	0.00000	3484.70300
3.54604	0.00000	3484.70300
3.54986	0.00000	3484.70300
3.55368	0.00000	3484.70300
3.55750	0.00000	3475.52300
3.56132	0.00000	3475.52300
3.56515	0.00000	3475.52300
3.56899	0.00000	3475.52300
3.57281	0.00000	3481.11800
3.57663	0.00000	3481.11800
3.58046	0.00000	3481.11800
3.58428	0.00000	3481.11800
3.58810	0.00000	3481.11800
3.59192	0.00000	3478.57100
3.59575	0.00000	3478.57100
3.59956	0.00000	3478.57100
3.60339	0.00000	3478.57100
3.60722	0.00000	3478.05300
3.61104	0.00000	3478.05300
3.61487	0.00000	3478.05300
3.61869	0.00000	3478.05300
3.62252	0.00000	3478.05300
3.62634	0.00000	3482.14200
3.63016	0.00000	3482.14200
3.63398	0.00000	3482.14200
3.63780	0.00000	3482.14200
3.64162	0.00000	3477.53300
3.64545	0.00000	3477.53300
3.64927	0.00000	3477.53300
3.65309	0.00000	3477.53300
3.65692	0.00000	3477.53300
3.66074	0.00000	3485.71400
3.66456	0.00000	3485.71400
3.66838	0.00000	3485.71400
3.67220	0.00000	3485.71400
3.67602	0.00000	3481.11800
3.67985	0.00000	3481.11800
3.68367	0.00000	3481.11800
3.68749	0.00000	3481.11800
3.69132	0.00000	3481.11800
3.69514	0.00000	3482.14200
3.69896	0.00000	3482.14200
3.70279	0.00000	3482.14200
3.70661	0.00000	3482.14200
3.71043	0.00000	3477.53300
3.71426	0.00000	3477.53300
3.71808	0.00000	3477.53300
3.72190	0.00000	3477.53300
3.72572	0.00000	3477.53300
3.72955	0.00000	3485.71400
3.73337	0.00000	3485.71400
3.73720	0.00000	3485.71400
3.74102	0.00000	3485.71400
3.74485	0.00000	3474.47500
3.74867	0.00000	3474.47500
3.75248	0.00000	3474.47500
3.75631	0.00000	3474.47500
3.76012	0.00000	3474.47500
3.76395	0.00000	3485.71400
3.76777	0.00000	3485.71400
3.77159	0.00000	3485.71400
3.77543	0.00000	3485.71400
3.77928	0.00000	3481.63100
3.78312	0.00000	3481.63100
3.78694	0.00000	3481.63100
3.79077	0.00000	3481.63100
3.79459	0.00000	3481.63100
3.79842	0.00000	3479.08700
3.80224	0.00000	3479.08700
3.80606	0.00000	3479.08700
3.80989	0.00000	3479.08700
3.81372	0.00000	3481.11800
3.81754	0.00000	3481.11800
3.82136	0.00000	3481.11800
3.82518	0.00000	3481.11800
3.82900	0.00000	3481.11800
3.83283	0.00000	3482.14200
3.83665	0.00000	3482.14200
3.84048	0.00000	3482.14200
3.84429	0.00000	3482.14200
3.84811	0.00000	3473.94800
3.85194	0.00000	3473.94800
3.85576	0.00000	3473.94800
3.85958	0.00000	3473.94800
3.86341	0.00000	3473.94800
3.86723	0.00000	3479.08700
3.87107	0.00000	3479.08700
3.87489	0.00000	3479.08700
3.87872	0.00000	3479.08700
3.88254	0.00000	3484.70300
3.88636	0.00000	3484.70300
3.89019	0.00000	3484.70300
3.89401	0.00000	3484.70300
3.89786	0.00000	3484.70300
3.90167	0.00000	3479.08700
3.90550	0.00000	3479.08700
3.90932	0.00000	3479.08700
3.91315	0.00000	3479.08700
3.91697	0.00000	3484.70300
3.92079	0.00000	3484.70300
3.92461	0.00000	3484.70300
3.92843	0.00000	3484.70300
3.93226	0.00000	3484.70300
3.93608	0.00000	3482.65200
3.93990	0.00000	3482.65200
3.94372	0.00000	3482.65200
3.94755	0.00000	3482.65200
3.95137	0.00000	3474.47500
3.95519	0.00000	3474.47500
3.95902	0.00000	3474.47500
3.96284	0.00000	3474.47500
3.96666	0.00000	3474.47500
3.97049	0.00000	3482.14200
3.97431	0.00000	3482.14200
3.97814	0.00000	3482.14200
3.98197	0.00000	3482.14200
3.98580	0.00000	3473.94800
3.98962	0.00000	3473.94800
3.99344	0.00000	3473.94800
3.99727	0.00000	3473.94800
4.00109	0.00000	3473.94800
4.00491	0.00000	3482.65200
4.00873	0.00000	3482.65200
4.01256	0.00000	3482.65200
4.01639	0.00000	3482.65200
4.02021	0.00000	3480.60300
4.02403	0.00000	3480.60300
4.02786	0.00000	3480.60300
4.03168	0.00000	3480.60300
4.03550	0.00000	3480.60300
4.03932	0.00000	3482.65200
4.04315	0.00000	3482.65200
4.04697	0.00000	3482.65200
4.05079	0.00000	3482.65200
4.05461	0.00000	3474.47500
4.05844	0.00000	3474.47500
4.06226	0.00000	3474.47500
4.06609	0.00000	3474.47500
4.06991	0.00000	3474.47500
4.07373	0.00000	3478.57100
4.07756	0.00000	3478.57100
4.08138	0.00000	3478.57100
4.08520	0.00000	3478.57100
4.08902	0.00000	3477.53300
4.09284	0.00000	3477.53300
4.09667	0.00000	3477.53300
4.10050	0.00000	3477.53300
4.10432	0.00000	3477.53300
4.10814	0.00000	3471.95800
4.11196	0.00000	3471.95800
4.11578	0.00000	3471.95800
4.11961	0.00000	3471.95800
4.12342	0.00000	3481.11800
4.12724	0.00000	3481.11800
4.13106	0.00000	3481.11800
4.13489	0.00000	3481.11800
4.13872	0.00000	3481.11800
4.14254	0.00000	3478.57100
4.14636	0.00000	3478.57100
4.15019	0.00000	3478.57100
4.15401	0.00000	3478.57100
4.15784	0.00000	3477.53300
4.16166	0.00000	3477.53300
4.16550	0.00000	3477.53300
4.16932	0.00000	3477.53300
4.17315	0.00000	3477.53300
4.17698	0.00000	3475.52300
4.18080	0.00000	3475.52300
4.18463	0.00000	3475.52300
4.18846	0.00000	3475.52300
4.19231	0.00000	3481.11800
4.19615	0.00000	3481.11800
4.19999	0.00000	3481.11800
4.20381	0.00000	3481.11800
4.20763	0.00000	3481.11800
4.21142	0.00000	3482.65200
4.21525	0.00000	3482.65200
4.21908	0.00000	3482.65200
4.22290	0.00000	3482.65200
4.22673	0.00000	3478.05300
4.23055	0.00000	3478.05300
4.23437	0.00000	3478.05300
4.23819	0.00000	3478.05300
4.24201	0.00000	3478.05300
4.24583	0.00000	3479.60100
4.24967	0.00000	3479.60100
4.25352	0.00000	3479.60100
4.25737	0.00000	3479.60100
4.26126	0.00000	3484.70300
4.26510	0.00000	3484.70300
4.26893	0.00000	3484.70300
4.27275	0.00000	3484.70300
4.27658	0.00000	3484.70300
4.28043	0.00000	3485.71400
4.28426	0.00000	3485.71400
4.28809	0.00000	3485.71400
4.29192	0.00000	3485.71400
4.29575	0.00000	3481.63100
4.29958	0.00000	3481.63100
4.30340	0.00000	3481.63100
4.30723	0.00000	3481.63100
4.31105	0.00000	3481.63100
4.31488	0.00000	3479.08700
4.31871	0.00000	3479.08700
4.32254	0.00000	3479.08700
4.32636	0.00000	3479.08700
4.33020	0.00000	3488.28800
4.33402	0.00000	3488.28800
4.33785	0.00000	3488.28800
4.34167	0.00000	3488.28800
4.34551	0.00000	3488.28800
4.34933	0.00000	3482.14200
4.35315	0.00000	3482.14200
4.35698	0.00000	3482.14200
4.36081	0.00000	3482.14200
4.36463	0.00000	3484.70300
4.36845	0.00000	3484.70300
4.37228	0.00000	3484.70300
4.37611	0.00000	3484.70300
4.37994	0.00000	3484.70300
4.38375	0.00000	3478.57100
4.38758	0.00000	3478.57100
4.39140	0.00000	3478.57100
4.39524	0.00000	3478.57100
4.39906	0.00000	3481.63100
4.40288	0.00000	3481.63100
4.40671	0.00000	3481.63100
4.41053	0.00000	3481.63100
4.41435	0.00000	3481.63100
4.41818	0.00000	3479.08700
4.42200	0.00000	3479.08700
4.42582	0.00000	3479.08700
4.42964	0.00000	3479.08700
4.43346	0.00000	3484.70300
4.43729	0.00000	3484.70300
4.44111	0.00000	3484.70300
4.44494	0.00000	3484.70300
4.44877	0.00000	3484.70300
4.45259	0.00000	3482.65200
4.45641	0.00000	3482.65200
4.46023	0.00000	3482.65200
4.46406	0.00000	3482.65200
4.46789	0.00000	3481.11800
4.47171	0.00000	3481.11800
4.47553	0.00000	3481.11800
4.47937	0.00000	3481.11800
4.48320	0.00000	3481.11800
4.48702	0.00000	3485.71400
4.49084	0.00000	3485.71400
4.49467	0.00000	3485.71400
4.49849	0.00000	3485.71400
4.50231	0.00000	3473.94800
4.50613	0.00000	3473.94800
4.50996	0.00000	3473.94800
4.51378	0.00000	3473.94800
4.51760	0.00000	3473.94800
4.52143	0.00000	3482.65200
4.52525	0.00000	3482.65200
4.52908	0.00000	3482.65200
4.53290	0.00000	3482.65200
4.53673	0.00000	3474.47500
4.54055	0.00000	3474.47500
4.54438	0.00000	3474.47500
4.54820	0.00000	3474.47500
4.55203	0.00000	3474.47500
4.55584	0.00000	3482.14200
4.55967	0.00000	3482.14200
4.56349	0.00000	3482.14200
4.56731	0.00000	3482.14200
4.57114	0.00000	3477.53300
4.57496	0.00000	3477.53300
4.57878	0.00000	3477.53300
4.58261	0.00000	3477.53300
4.58642	0.00000	3477.53300
4.59025	0.00000	3479.08700
4.59407	0.00000	3479.08700
4.59790	0.00000	3479.08700
4.60173	0.00000	3479.08700
4.60554	0.00000	3481.11800
4.60937	0.00000	3481.11800
4.61319	0.00000	3481.11800
4.61701	0.00000	3481.11800
4.62084	0.00000	3481.11800
4.62466	0.00000	3471.95800
4.62849	0.00000	3471.95800
4.63231	0.00000	3471.95800
4.63615	0.00000	3471.95800
4.63998	0.00000	3480.60300
4.64381	0.00000	3480.60300
4.64763	0.00000	3480.60300
4.65142	0.00000	3480.60300
4.65524	0.00000	3480.60300
4.65906	0.00000	3482.14200
4.66289	0.00000	3482.14200
4.66671	0.00000	3482.14200
4.67053	0.00000	3482.14200
4.67436	0.00000	3484.70300
4.67818	0.00000	3484.70300
4.68201	0.00000	3484.70300
4.68583	0.00000	3484.70300
4.68966	0.00000	3484.70300
4.69349	0.00000	3479.08700
4.69732	0.00000	3479.08700
4.70114	0.00000	3479.08700
4.70497	0.00000	3479.08700
4.70880	0.00000	3481.11800
4.71262	0.00000	3481.11800
4.71644	0.00000	3481.11800
4.72026	0.00000	3481.11800
4.72409	0.00000	3481.11800
4.72792	0.00000	3479.08700
4.73174	0.00000	3479.08700
4.73556	0.00000	3479.08700
4.73938	0.00000	3479.08700
4.74321	0.00000	3481.11800
4.74704	0.00000	3481.11800
4.75086	0.00000	3481.11800
4.75469	0.00000	3481.11800
4.75851	0.00000	3481.11800
4.76234	0.00000	3482.65200
4.76617	0.00000	3482.65200
4.76999	0.00000	3482.65200
4.77381	0.00000	3482.65200
4.77765	0.00000	3481.11800
4.78150	0.00000	3481.11800
4.78533	0.00000	3481.11800
4.78916	0.00000	3481.11800
4.79298	0.00000	3481.11800
4.79681	0.00000	3476.04300
4.80063	0.00000	3476.04300
4.80445	0.00000	3476.04300
4.80827	0.00000	3476.04300
4.81210	0.00000	3473.94800
4.81592	0.00000	3473.94800
4.81975	0.00000	3473.94800
4.82358	0.00000	3473.94800
4.82740	0.00000	3473.94800
4.83122	0.00000	3475.52300
4.83504	0.00000	3475.52300
4.83886	0.00000	3475.52300
4.84268	0.00000	3475.52300
4.84650	0.00000	3474.47500
4.85033	0.00000	3474.47500
4.85415	0.00000	3474.47500
4.85797	0.00000	3474.47500
4.86180	0.00000	3474.47500
4.86562	0.00000	3482.65200
4.86946	0.00000	3482.65200
4.87328	0.00000	3482.65200
4.87710	0.00000	3482.65200
4.88092	0.00000	3474.47500
4.88474	0.00000	3474.47500
4.88856	0.00000	3474.47500
4.89238	0.00000	3474.47500
4.89621	0.00000	3474.47500
4.90003	0.00000	3475.52300
4.90385	0.00000	3475.52300
4.90767	0.00000	3475.52300
4.91149	0.00000	3475.52300
4.91531	0.00000	3477.53300
4.91913	0.00000	3477.53300
4.92295	0.00000	3477.53300
4.92679	0.00000	3477.53300
4.93062	0.00000	3477.53300
4.93444	0.00000	3475.52300
4.93827	0.00000	3475.52300
4.94209	0.00000	3475.52300
4.94592	0.00000	3475.52300
4.94975	0.00000	3481.11800
4.95357	0.00000	3481.11800
4.95739	0.00000	3481.11800
4.96121	0.00000	3481.11800
4.96504	0.00000	3481.11800
4.96885	0.00000	3479.08700
4.97267	0.00000	3479.08700
4.97649	0.00000	3479.08700
4.98032	0.00000	3479.08700
4.98415	0.00000	3477.53300
4.98797	0.00000	3477.53300
4.99179	0.00000	3477.53300
4.99562	0.00000	3477.53300
4.99942	0.00000	3477.53300
5.00374	0.00000	3475.52300
5.00759	0.00000	3475.52300
5.01142	0.00000	3475.52300
5.01525	0.00000	3475.52300
5.01909	0.00000	3477.53300
5.02293	0.00000	3477.53300
5.02676	0.00000	3477.53300
5.03059	0.00000	3477.53300
5.03448	0.00000	3477.53300
5.03834	0.00000	3684.75200
5.04217	0.00000	3684.75200
5.04600	0.00000	3684.75200
5.04983	0.00000	3684.75200
5.05367	0.00000	3684.75200
5.05751	0.00000	4072.06600
5.06135	0.00000	4072.06600
5.06518	0.00000	4072.06600
5.06900	0.00000	4072.06600
5.07284	0.00000	4072.06600
5.07667	0.00000	4366.97400
5.08051	0.00000	4366.97400
5.08434	0.00000	4366.97400
5.08818	0.00000	4366.97400
5.09201	0.00000	4366.97400
5.09586	0.00000	4366.97400
5.09971	0.00000	4635.18000
5.10355	0.00000	4635.18000
5.10739	0.00000	4635.18000
5.11124	0.00000	4635.18000
5.11507	0.00000	4635.18000
5.11891	0.00000	4635.18000
5.12274	0.00000	4881.41900
5.12658	0.00000	4881.41900
5.13041	0.00000	4881.41900
5.13425	0.00000	4881.41900
5.13809	0.00000	4881.41900
5.14191	0.00000	4881.41900
5.14575	0.00000	5118.44700
5.14957	0.00000	5118.44700
5.15341	0.00000	5118.44700
5.15724	0.00000	5118.44700
5.16108	0.00000	5118.44700
5.16492	0.00000	5118.44700
5.16876	0.00000	5118.44700
5.17258	0.00000	5318.05200
5.17643	0.00000	5318.05200
5.18025	0.00000	5318.05200
5.18409	0.00000	5318.05200
5.18793	0.00000	5318.05200
5.19177	0.00000	5318.05200
5.19560	0.00000	5480.23900
5.19942	0.00000	5480.23900
5.20326	0.00000	5480.23900
5.20710	0.00000	5480.23900
5.21094	0.00000	5480.23900
5.21478	0.00000	5480.23900
5.21861	0.00000	5480.23900
5.22244	0.00000	5480.23900
5.22628	0.00000	5576.06700
5.23012	0.00000	5576.06700
5.23395	0.00000	5576.06700
5.23779	0.00000	5576.06700
5.24162	0.00000	5576.06700
5.24547	0.00000	5576.06700
5.24931	0.00000	5576.06700
5.25314	0.00000	5631.56400
5.25699	0.00000	5631.56400
5.26084	0.00000	5631.56400
5.26467	0.00000	5631.56400
5.26851	0.00000	5631.56400
5.27235	0.00000	5631.56400
5.27620	0.00000	5631.56400
5.28008	0.00000	5663.92700
5.28392	0.00000	5663.92700
5.28777	0.00000	5663.92700
5.29160	0.00000	5663.92700
5.29542	0.00000	5663.92700
5.29927	0.00000	5663.92700
5.30310	0.00000	5663.92700
5.30694	0.00000	5663.92700
5.31079	0.00000	5691.27700
5.31463	0.00000	5691.27700
5.31846	0.00000	5691.27700
5.32230	0.00000	5691.27700
5.32615	0.00000	5691.27700
5.32999	0.00000	5691.27700
5.33383	0.00000	5691.27700
5.33767	0.00000	5700.00000
5.34151	0.00000	5700.00000
5.34535	0.00000	5700.00000
5.34919	0.00000	5700.00000
5.35302	0.00000	5700.00000
5.35686	0.00000	5700.00000
5.36071	0.00000	5700.00000
5.36456	0.00000	5716.93200
5.36838	0.00000	5716.93200
5.37222	0.00000	5716.93200
5.37606	0.00000	5716.93200
5.37991	0.00000	5716.93200
5.38374	0.00000	5716.93200
5.38758	0.00000	5716.93200
5.39142	0.00000	5716.93200
5.39526	0.00000	5714.59000
5.39911	0.00000	5714.59000
5.40295	0.00000	5714.59000
5.40679	0.00000	5714.59000
5.41062	0.00000	5714.59000
5.41446	0.00000	5714.59000
5.41830	0.00000	5714.59000
5.42213	0.00000	5723.12300
5.42601	0.00000	5723.12300
5.42986	0.00000	5723.12300
5.43371	0.00000	5723.12300
5.43755	0.00000	5723.12300
5.44139	0.00000	5723.12300
5.44523	0.00000	5723.12300
5.44907	0.00000	5723.12300
5.45291	0.00000	5726.69500
5.45674	0.00000	5726.69500
5.46059	0.00000	5726.69500
5.46443	0.00000	5726.69500
5.46827	0.00000	5726.69500
5.47210	0.00000	5726.69500
5.47594	0.00000	5726.69500
5.47979	0.00000	5725.14200
5.48362	0.00000	5725.14200
5.48742	0.00000	5725.14200
5.49126	0.00000	5725.14200
5.49510	0.00000	5725.14200
5.49893	0.00000	5725.14200
5.50277	0.00000	5725.14200
5.50661	0.00000	5725.14200
5.51046	0.00000	5726.35100
5.51430	0.00000	5726.35100
5.51814	0.00000	5726.35100
5.52198	0.00000	5726.35100
5.52582	0.00000	5726.35100
5.52966	0.00000	5726.35100
5.53350	0.00000	5726.35100
5.53734	0.00000	5725.14200
5.54121	0.00000	5725.14200
5.54505	0.00000	5725.14200
5.54889	0.00000	5725.14200
5.55273	0.00000	5725.14200
5.55658	0.00000	5725.14200
5.56041	0.00000	5725.14200
5.56425	0.00000	5725.14200
5.56809	0.00000	5737.03500
5.57193	0.00000	5737.03500
5.57577	0.00000	5737.03500
5.57961	0.00000	5737.03500
5.58342	0.00000	5737.03500
5.58726	0.00000	5737.03500
5.59110	0.00000	5737.03500
5.59494	0.00000	5720.88000
5.59878	0.00000	5720.88000
5.60262	0.00000	5720.88000
5.60648	0.00000	5720.88000
5.61032	0.00000	5720.88000
5.61416	0.00000	5720.88000
5.61801	0.00000	5720.88000
5.62185	0.00000	5720.88000
5.62568	0.00000	5728.57900
5.62952	0.00000	5728.57900
5.63337	0.00000	5728.57900
5.63722	0.00000	5728.57900
5.64107	0.00000	5728.57900
5.64491	0.00000	5728.57900
5.64876	0.00000	5728.57900
5.65260	0.00000	5723.01100
5.65643	0.00000	5723.01100
5.66026	0.00000	5723.01100
5.66412	0.00000	5723.01100
5.66796	0.00000	5723.01100
5.67181	0.00000	5723.01100
5.67565	0.00000	5723.01100
5.67949	0.00000	5723.01100
5.68333	0.00000	5726.35100
5.68717	0.00000	5726.35100
5.69100	0.00000	5726.35100
5.69484	0.00000	5726.35100
5.69869	0.00000	5726.35100
5.70253	0.00000	5726.35100
5.70637	0.00000	5726.35100
5.71021	0.00000	5725.14200
5.71405	0.00000	5725.14200
5.71790	0.00000	5725.14200
5.72173	0.00000	5725.14200
5.72557	0.00000	5725.14200
5.72941	0.00000	5725.14200
5.73326	0.00000	5725.14200
5.73710	0.00000	5725.14200
5.74094	0.00000	5732.92900
5.74479	0.00000	5732.92900
5.74863	0.00000	5732.92900
5.75247	0.00000	5732.92900
5.75631	0.00000	5732.92900
5.76015	0.00000	5732.92900
5.76400	0.00000	5732.92900
5.76785	0.00000	5725.02800
5.77170	0.00000	5725.02800
5.77555	0.00000	5725.02800
5.77942	0.00000	5725.02800
5.78327	0.00000	5725.02800
5.78712	0.00000	5725.02800
5.79096	0.00000	5725.02800
5.79480	0.00000	5725.02800
5.79863	0.00000	5726.92500
5.80248	0.00000	5726.92500
5.80631	0.00000	5726.92500
5.81015	0.00000	5726.92500
5.81399	0.00000	5726.92500
5.81783	0.00000	5726.92500
5.82167	0.00000	5726.92500
5.82552	0.00000	5727.15600
5.82937	0.00000	5727.15600
5.83320	0.00000	5727.15600
5.83705	0.00000	5727.15600
5.84089	0.00000	5727.15600
5.84475	0.00000	5727.15600
5.84859	0.00000	5727.15600
5.85243	0.00000	5722.90000
5.85627	0.00000	5722.90000
5.86013	0.00000	5722.90000
5.86398	0.00000	5722.90000
5.86782	0.00000	5722.90000
5.87166	0.00000	5722.90000
5.87550	0.00000	5722.90000
5.87933	0.00000	5722.90000
5.88317	0.00000	5726.81000
5.88702	0.00000	5726.81000
5.89086	0.00000	5726.81000
5.89470	0.00000	5726.81000
5.89854	0.00000	5726.81000
5.90238	0.00000	5726.81000
5.90622	0.00000	5726.81000
5.91006	0.00000	5720.88000
5.91392	0.00000	5720.88000
5.91776	0.00000	5720.88000
5.92160	0.00000	5720.88000
5.92544	0.00000	5720.88000
5.92928	0.00000	5720.88000
5.93312	0.00000	5720.88000
5.93696	0.00000	5720.88000
5.94080	0.00000	5724.23900
5.94464	0.00000	5724.23900
5.94848	0.00000	5724.23900
5.95233	0.00000	5724.23900
5.95619	0.00000	5724.23900
5.96003	0.00000	5724.23900
5.96387	0.00000	5724.23900
5.96771	0.00000	5723.01100
5.97156	0.00000	5723.01100
5.97540	0.00000	5723.01100
5.97925	0.00000	5723.01100
5.98308	0.00000	5723.01100
5.98692	0.00000	5723.01100
5.99077	0.00000	5723.01100
5.99462	0.00000	5723.01100
5.99846	0.00000	5720.12400
6.00230	0.00000	5720.12400
6.00613	0.00000	5720.12400
6.00998	0.00000	5720.12400
6.01382	0.00000	5720.12400
6.01766	0.00000	5720.12400
6.02150	0.00000	5720.12400
6.02535	0.00000	5722.90000
6.02920	0.00000	5722.90000
6.03304	0.00000	5722.90000
6.03689	0.00000	5722.90000
6.04073	0.00000	5722.90000
6.04457	0.00000	5722.90000
6.04842	0.00000	5722.90000
6.05226	0.00000	5722.90000
6.05610	0.00000	5718.11500
6.05994	0.00000	5718.11500
6.06378	0.00000	5718.11500
6.06762	0.00000	5718.11500
6.07142	0.00000	5718.11500
6.07527	0.00000	5718.11500
6.07910	0.00000	5718.11500
6.08295	0.00000	5727.15600
6.08679	0.00000	5727.15600
6.09064	0.00000	5727.15600
6.09448	0.00000	5727.15600
6.09833	0.00000	5727.15600
6.10216	0.00000	5727.15600
6.10601	0.00000	5727.15600
6.10985	0.00000	5727.15600
6.11370	0.00000	5718.22000
6.11754	0.00000	5718.22000
6.12138	0.00000	5718.22000
6.12522	0.00000	5718.22000
6.12906	0.00000	5718.22000
6.13290	0.00000	5718.22000
6.13674	0.00000	5718.22000
6.14057	0.00000	5718.75000
6.14440	0.00000	5718.75000
6.14824	0.00000	5718.75000
6.15208	0.00000	5718.75000
6.15592	0.00000	5718.75000
6.15976	0.00000	5718.75000
6.16359	0.00000	5718.75000
6.16742	0.00000	5718.75000
6.17125	0.00000	5722.45700
6.17507	0.00000	5722.45700
6.17891	0.00000	5722.45700
6.18274	0.00000	5722.45700
6.18659	0.00000	5722.45700
6.19043	0.00000	5722.45700
6.19428	0.00000	5722.45700
6.19813	0.00000	5723.01100
6.20197	0.00000	5723.01100
6.20581	0.00000	5723.01100
6.20964	0.00000	5723.01100
6.21347	0.00000	5723.01100
6.21732	0.00000	5723.01100
6.22116	0.00000	5723.01100
6.22500	0.00000	5720.88000
6.22882	0.00000	5720.88000
6.23266	0.00000	5720.88000
6.23650	0.00000	5720.88000
6.24034	0.00000	5720.88000
6.24418	0.00000	5720.88000
6.24801	0.00000	5720.88000
6.25186	0.00000	5720.88000
6.25570	0.00000	5720.77200
6.25954	0.00000	5720.77200
6.26337	0.00000	5720.77200
6.26721	0.00000	5720.77200
6.27105	0.00000	5720.77200
6.27489	0.00000	5720.77200
6.27874	0.00000	5720.77200
6.28261	0.00000	5725.14200
6.28648	0.00000	5725.14200
6.29034	0.00000	5725.14200
6.29418	0.00000	5725.14200
6.29803	0.00000	5725.14200
6.30187	0.00000	5725.14200
6.30570	0.00000	5725.14200
6.30954	0.00000	5725.14200
6.31338	0.00000	5720.55500
6.31723	0.00000	5720.55500
6.32107	0.00000	5720.55500
6.32492	0.00000	5720.55500
6.32876	0.00000	5720.55500
6.33260	0.00000	5720.55500
6.33644	0.00000	5720.55500
6.34027	0.00000	5720.98900
6.34414	0.00000	5720.98900
6.34799	0.00000	5720.98900
6.35184	0.00000	5720.98900
6.35568	0.00000	5720.98900
6.35952	0.00000	5720.98900
6.36336	0.00000	5720.98900
6.36719	0.00000	5720.98900
6.37103	0.00000	5718.22000
6.37486	0.00000	5718.22000
6.37871	0.00000	5718.22000
6.38254	0.00000	5718.22000
6.38639	0.00000	5718.22000
6.39023	0.00000	5718.22000
6.39407	0.00000	5718.22000
6.39791	0.00000	5725.14200
6.40175	0.00000	5725.14200
6.40559	0.00000	5725.14200
6.40944	0.00000	5725.14200
6.41326	0.00000	5725.14200
6.41712	0.00000	5725.14200
6.42096	0.00000	5725.14200
6.42479	0.00000	5725.14200
6.42863	0.00000	5720.33900
6.43247	0.00000	5720.33900
6.43631	0.00000	5720.33900
6.44015	0.00000	5720.33900
6.44400	0.00000	5720.33900
6.44784	0.00000	5720.33900
6.45169	0.00000	5720.33900
6.45552	0.00000	5718.85700
6.45936	0.00000	5718.85700
6.46322	0.00000	5718.85700
6.46706	0.00000	5718.85700
6.47091	0.00000	5718.85700
6.47474	0.00000	5718.85700
6.47859	0.00000	5718.85700
6.48242	0.00000	5718.85700
6.48625	0.00000	5716.20500
6.49009	0.00000	5716.20500
6.49394	0.00000	5716.20500
6.49777	0.00000	5716.20500
6.50162	0.00000	5716.20500
6.50545	0.00000	5716.20500
6.50930	0.00000	5716.20500
6.51313	0.00000	5723.12300
6.51696	0.00000	5723.12300
6.52080	0.00000	5723.12300
6.52465	0.00000	5723.12300
6.52850	0.00000	5723.12300
6.53234	0.00000	5723.12300
6.53618	0.00000	5723.12300
6.54002	0.00000	5723.12300
6.54385	0.00000	5718.64300
6.54770	0.00000	5718.64300
6.55154	0.00000	5718.64300
6.55538	0.00000	5718.64300
6.55922	0.00000	5718.64300
6.56306	0.00000	5718.64300
6.56689	0.00000	5718.64300
6.57073	0.00000	5716.72300
6.57458	0.00000	5716.72300
6.57841	0.00000	5716.72300
6.58225	0.00000	5716.72300
6.58609	0.00000	5716.72300
6.58993	0.00000	5716.72300
6.59377	0.00000	5716.72300
6.59761	0.00000	5716.72300
6.60145	0.00000	5716.72300
6.60529	0.00000	5716.72300
6.60913	0.00000	5716.72300
6.61298	0.00000	5716.72300
6.61681	0.00000	5716.72300
6.62066	0.00000	5716.72300
6.62449	0.00000	5716.72300
6.62833	0.00000	5714.18400
6.63217	0.00000	5714.18400
6.63600	0.00000	5714.18400
6.63985	0.00000	5714.18400
6.64368	0.00000	5714.18400
6.64753	0.00000	5714.18400
6.65137	0.00000	5714.18400
6.65521	0.00000	5720.98900
6.65905	0.00000	5720.98900
6.66289	0.00000	5720.98900
6.66674	0.00000	5720.98900
6.67058	0.00000	5720.98900
6.67442	0.00000	5720.98900
6.67826	0.00000	5720.98900
6.68210	0.00000	5720.98900
6.68593	0.00000	5709.74500
6.68977	0.00000	5709.74500
6.69362	0.00000	5709.74500
6.69746	0.00000	5709.74500
6.70130	0.00000	5709.74500
6.70515	0.00000	5709.74500
6.70898	0.00000	5709.74500
6.71282	0.00000	5716.72300
6.71666	0.00000	5716.72300
6.72050	0.00000	5716.72300
6.72434	0.00000	5716.72300
6.72819	0.00000	5716.72300
6.73202	0.00000	5716.72300
6.73587	0.00000	5716.72300
6.73971	0.00000	5716.72300
6.74354	0.00000	5711.96200
6.74737	0.00000	5711.96200
6.75121	0.00000	5711.96200
6.75506	0.00000	5711.96200
6.75891	0.00000	5711.96200
6.76274	0.00000	5711.96200
6.76658	0.00000	5711.96200
6.77042	0.00000	5716.82800
6.77425	0.00000	5716.82800
6.77809	0.00000	5716.82800
6.78196	0.00000	5716.82800
6.78581	0.00000	5716.82800
6.78964	0.00000	5716.82800
6.79349	0.00000	5716.82800
6.79733	0.00000	5716.82800
6.80116	0.00000	5714.28500
6.80500	0.00000	5714.28500
6.80884	0.00000	5714.28500
6.81268	0.00000	5714.28500
6.81652	0.00000	5714.28500
6.82036	0.00000	5714.28500
6.82420	0.00000	5714.28500
6.82804	0.00000	5716.82800
6.83188	0.00000	5716.82800
6.83572	0.00000	5716.82800
6.83957	0.00000	5716.82800
6.84342	0.00000	5716.82800
6.84726	0.00000	5716.82800
6.85110	0.00000	5716.82800
6.85495	0.00000	5716.82800
6.85877	0.00000	5716.82800
6.86260	0.00000	5716.82800
6.86644	0.00000	5716.82800
6.87029	0.00000	5716.82800
6.87412	0.00000	5716.82800
6.87796	0.00000	5716.82800
6.88180	0.00000	5716.82800
6.88564	0.00000	5712.35800
6.88947	0.00000	5712.35800
6.89331	0.00000	5712.35800
6.89715	0.00000	5712.35800
6.90100	0.00000	5712.35800
6.90484	0.00000	5712.35800
6.90869	0.00000	5712.35800
6.91253	0.00000	5721.20800
6.91637	0.00000	5721.20800
6.92022	0.00000	5721.20800
6.92406	0.00000	5721.20800
6.92790	0.00000	5721.20800
6.93175	0.00000	5721.20800
6.93559	0.00000	5721.20800
6.93942	0.00000	5721.20800
6.94325	0.00000	5714.18400
6.94709	0.00000	5714.18400
6.95093	0.00000	5714.18400
6.95478	0.00000	5714.18400
6.95863	0.00000	5714.18400
6.96246	0.00000	5714.18400
6.96630	0.00000	5714.18400
6.97013	0.00000	5721.20800
6.97397	0.00000	5721.20800
6.97781	0.00000	5721.20800
6.98164	0.00000	5721.20800
6.98548	0.00000	5721.20800
6.98933	0.00000	5721.20800
6.99317	0.00000	5721.20800
6.99701	0.00000	5721.20800
7.00085	0.00000	5716.30800
7.00469	0.00000	5716.30800
7.00853	0.00000	5716.30800
7.01238	0.00000	5716.30800
7.01622	0.00000	5716.30800
7.02006	0.00000	5716.30800
7.02390	0.00000	5716.30800
7.02774	0.00000	5716.82800
7.03158	0.00000	5716.82800
7.03542	0.00000	5716.82800
7.03926	0.00000	5716.82800
7.04310	0.00000	5716.82800
7.04694	0.00000	5716.82800
7.05078	0.00000	5716.82800
7.05462	0.00000	5716.82800
7.05845	0.00000	5714.28500
7.06229	0.00000	5714.28500
7.06613	0.00000	5714.28500
7.06996	0.00000	5714.28500
7.07380	0.00000	5714.28500
7.07764	0.00000	5714.28500
7.08149	0.00000	5714.28500
7.08532	0.00000	5714.69200
7.08916	0.00000	5714.69200
7.09301	0.00000	5714.69200
7.09684	0.00000	5714.69200
7.10069	0.00000	5714.69200
7.10453	0.00000	5714.69200
7.10837	0.00000	5714.69200
7.11221	0.00000	5710.32400
7.11603	0.00000	5710.32400
7.11987	0.00000	5710.32400
7.12370	0.00000	5710.32400
7.12753	0.00000	5710.32400
7.13137	0.00000	5710.32400
7.13522	0.00000	5710.32400
7.13905	0.00000	5710.32400
7.14290	0.00000	5718.85700
7.14674	0.00000	5718.85700
7.15058	0.00000	5718.85700
7.15442	0.00000	5718.85700
7.15827	0.00000	5718.85700
7.16210	0.00000	5718.85700
7.16594	0.00000	5718.85700
7.16978	0.00000	5708.19100
7.17364	0.00000	5708.19100
7.17749	0.00000	5708.19100
7.18133	0.00000	5708.19100
7.18516	0.00000	5708.19100
7.18901	0.00000	5708.19100
7.19287	0.00000	5708.19100
7.19672	0.00000	5708.19100
7.20055	0.00000	5714.18400
7.20439	0.00000	5714.18400
7.20823	0.00000	5714.18400
7.21208	0.00000	5714.18400
7.21592	0.00000	5714.18400
7.21976	0.00000	5714.18400
7.22360	0.00000	5714.18400
7.22742	0.00000	5714.69200
7.23127	0.00000	5714.69200
7.23512	0.00000	5714.69200
7.23895	0.00000	5714.69200
7.24279	0.00000	5714.69200
7.24663	0.00000	5714.69200
7.25048	0.00000	5714.69200
7.25432	0.00000	5714.69200
7.25816	0.00000	5714.18400
7.26201	0.00000	5714.18400
7.26585	0.00000	5714.18400
7.26969	0.00000	5714.18400
7.27354	0.00000	5714.18400
7.27737	0.00000	5714.18400
7.28124	0.00000	5714.18400
7.28508	0.00000	5721.20800
7.28893	0.00000	5721.20800
7.29277	0.00000	5721.20800
7.29662	0.00000	5721.20800
7.30046	0.00000	5721.20800
7.30430	0.00000	5721.20800
7.30815	0.00000	5721.20800
7.31199	0.00000	5721.20800
7.31582	0.00000	5712.25900
7.31966	0.00000	5712.25900
7.32349	0.00000	5712.25900
7.32733	0.00000	5712.25900
7.33117	0.00000	5712.25900
7.33502	0.00000	5712.25900
7.33885	0.00000	5712.25900
7.34269	0.00000	5710.42100
7.34653	0.00000	5710.42100
7.35038	0.00000	5710.42100
7.35424	0.00000	5710.42100
7.35808	0.00000	5710.42100
7.36194	0.00000	5710.42100
7.36578	0.00000	5710.42100
7.36962	0.00000	5710.42100
7.37345	0.00000	5710.42100
7.37728	0.00000	5710.42100
7.38112	0.00000	5710.42100
7.38497	0.00000	5710.42100
7.38881	0.00000	5710.42100
7.39265	0.00000	5710.42100
7.39648	0.00000	5710.42100
7.40034	0.00000	5712.35800
7.40418	0.00000	5712.35800
7.40802	0.00000	5712.35800
7.41186	0.00000	5712.35800
7.41570	0.00000	5712.35800
7.41953	0.00000	5712.35800
7.42338	0.00000	5712.35800
7.42722	0.00000	5710.42100
7.43107	0.00000	5710.42100
7.43491	0.00000	5710.42100
7.43875	0.00000	5710.42100
7.44260	0.00000	5710.42100
7.44644	0.00000	5710.42100
7.45028	0.00000	5710.42100
7.45411	0.00000	5710.42100
7.45796	0.00000	5705.59900
7.46181	0.00000	5705.59900
7.46567	0.00000	5705.59900
7.46952	0.00000	5705.59900
7.47335	0.00000	5705.59900
7.47719	0.00000	5705.59900
7.48103	0.00000	5705.59900
7.48487	0.00000	5712.55700
7.48871	0.00000	5712.55700
7.49256	0.00000	5712.55700
7.49640	0.00000	5712.55700
7.50025	0.00000	5712.55700
7.50408	0.00000	5712.55700
7.50792	0.00000	5712.55700
7.51176	0.00000	5712.55700
7.51560	0.00000	5709.93700
7.51942	0.00000	5709.93700
7.52326	0.00000	5709.93700
7.52711	0.00000	5709.93700
7.53095	0.00000	5709.93700
7.53479	0.00000	5709.93700
7.53863	0.00000	5709.93700
7.54248	0.00000	5708.28500
7.54632	0.00000	5708.28500
7.55016	0.00000	5708.28500
7.55400	0.00000	5708.28500
7.55783	0.00000	5708.28500
7.56167	0.00000	5708.28500
7.56550	0.00000	5708.28500
7.56935	0.00000	5708.28500
7.57318	0.00000	5714.59000
7.57703	0.00000	5714.59000
7.58086	0.00000	5714.59000
7.58470	0.00000	5714.59000
7.58855	0.00000	5714.59000
7.59240	0.00000	5714.59000
7.59624	0.00000	5714.59000
7.60008	0.00000	5714.79400
7.60391	0.00000	5714.79400
7.60775	0.00000	5714.79400
7.61159	0.00000	5714.79400
7.61542	0.00000	5714.79400
7.61925	0.00000	5714.79400
7.62309	0.00000	5714.79400
7.62693	0.00000	5714.79400
7.63082	0.00000	5714.79400
7.63465	0.00000	5714.79400
7.63849	0.00000	5714.79400
7.64233	0.00000	5714.79400
7.64616	0.00000	5714.79400
7.65000	0.00000	5714.79400
7.65385	0.00000	5714.79400
7.65769	0.00000	5712.15900
7.66153	0.00000	5712.15900
7.66537	0.00000	5712.15900
7.66921	0.00000	5712.15900
7.67305	0.00000	5712.15900
7.67689	0.00000	5712.15900
7.68073	0.00000	5712.15900
7.68457	0.00000	5710.42100
7.68842	0.00000	5710.42100
7.69227	0.00000	5710.42100
7.69610	0.00000	5710.42100
7.69994	0.00000	5710.42100
7.70378	0.00000	5710.42100
7.70762	0.00000	5710.42100
7.71147	0.00000	5710.42100
7.71531	0.00000	5707.81400
7.71915	0.00000	5707.81400
7.72300	0.00000	5707.81400
7.72684	0.00000	5707.81400
7.73068	0.00000	5707.81400
7.73451	0.00000	5707.81400
7.73835	0.00000	5707.81400
7.74219	0.00000	5712.55700
7.74604	0.00000	5712.55700
7.74989	0.00000	5712.55700
7.75374	0.00000	5712.55700
7.75757	0.00000	5712.55700
7.76143	0.00000	5712.55700
7.76527	0.00000	5712.55700
7.76911	0.00000	5712.55700
7.77294	0.00000	5714.18400
7.77678	0.00000	5714.18400
7.78063	0.00000	5714.18400
7.78449	0.00000	5714.18400
7.78835	0.00000	5714.18400
7.79219	0.00000	5714.18400
7.79603	0.00000	5714.18400
7.79988	0.00000	5712.55700
7.80373	0.00000	5712.55700
7.80757	0.00000	5712.55700
7.81142	0.00000	5712.55700
7.81526	0.00000	5712.55700
7.81910	0.00000	5712.55700
7.82295	0.00000	5712.55700
7.82679	0.00000	5710.42100
7.83062	0.00000	5710.42100
7.83448	0.00000	5710.42100
7.83833	0.00000	5710.42100
7.84216	0.00000	5710.42100
7.84599	0.00000	5710.42100
7.84981	0.00000	5710.42100
7.85364	0.00000	5710.42100
7.85746	0.00000	5705.96600
7.86128	0.00000	5705.96600
7.86511	0.00000	5705.96600
7.86893	0.00000	5705.96600
7.87276	0.00000	5705.96600
7.87660	0.00000	5705.96600
7.88043	0.00000	5705.96600
7.88426	0.00000	5710.42100
7.88813	0.00000	5710.42100
7.89196	0.00000	5710.42100
7.89578	0.00000	5710.42100
7.89961	0.00000	5710.42100
7.90342	0.00000	5710.42100
7.90725	0.00000	5710.42100
7.91108	0.00000	5710.42100
7.91491	0.00000	5707.81400
7.91873	0.00000	5707.81400
7.92256	0.00000	5707.81400
7.92639	0.00000	5707.81400
7.93022	0.00000	5707.81400
7.93406	0.00000	5707.81400
7.93788	0.00000	5707.81400
7.94170	0.00000	5710.42100
7.94554	0.00000	5710.42100
7.94938	0.00000	5710.42100
7.95322	0.00000	5710.42100
7.95706	0.00000	5710.42100
7.96090	0.00000	5710.42100
7.96474	0.00000	5710.42100
7.96859	0.00000	5710.42100
7.97242	0.00000	5709.93700
7.97625	0.00000	5709.93700
7.98009	0.00000	5709.93700
7.98394	0.00000	5709.93700
7.98778	0.00000	5709.93700
7.99162	0.00000	5709.93700
7.99542	0.00000	5709.93700
7.99926	0.00000	5708.38100
8.00311	0.00000	5708.38100
8.00694	0.00000	5708.38100
8.01079	0.00000	5708.38100
8.01463	0.00000	5708.38100
8.01848	0.00000	5708.38100
8.02232	0.00000	5708.38100
8.02616	0.00000	5708.38100
8.03000	0.00000	5703.56700
8.03385	0.00000	5703.56700
8.03769	0.00000	5703.56700
8.04153	0.00000	5703.56700
8.04537	0.00000	5703.56700
8.04921	0.00000	5703.56700
8.05304	0.00000	5703.56700
8.05688	0.00000	5712.55700
8.06073	0.00000	5712.55700
8.06457	0.00000	5712.55700
8.06842	0.00000	5712.55700
8.07225	0.00000	5712.55700
8.07609	0.00000	5712.55700
8.07993	0.00000	5712.55700
8.08377	0.00000	5712.55700
8.08760	0.00000	5712.35800
8.09142	0.00000	5712.35800
8.09528	0.00000	5712.35800
8.09911	0.00000	5712.35800
8.10296	0.00000	5712.35800
8.10679	0.00000	5712.35800
8.11064	0.00000	5712.35800
8.11448	0.00000	5712.55700
8.11833	0.00000	5712.55700
8.12216	0.00000	5712.55700
8.12600	0.00000	5712.55700
8.12984	0.00000	5712.55700
8.13368	0.00000	5712.55700
8.13752	0.00000	5712.55700
8.14137	0.00000	5712.65600
8.14523	0.00000	5712.65600
8.14907	0.00000	5712.65600
8.15292	0.00000	5712.65600
8.15676	0.00000	5712.65600
8.16059	0.00000	5712.65600
8.16442	0.00000	5712.65600
8.16827	0.00000	5712.65600
8.17211	0.00000	5714.28500
8.17595	0.00000	5714.28500
8.17978	0.00000	5714.28500
8.18362	0.00000	5714.28500
8.18742	0.00000	5714.28500
8.19128	0.00000	5714.28500
8.19514	0.00000	5714.28500
8.19900	0.00000	5710.42100
8.20286	0.00000	5710.42100
8.20670	0.00000	5710.42100
8.21054	0.00000	5710.42100
8.21438	0.00000	5710.42100
8.21822	0.00000	5710.42100
8.22206	0.00000	5710.42100
8.22590	0.00000	5710.42100
8.22974	0.00000	5712.06100
8.23360	0.00000	5712.06100
8.23743	0.00000	5712.06100
8.24128	0.00000	5712.06100
8.24512	0.00000	5712.06100
8.24897	0.00000	5712.06100
8.25283	0.00000	5712.06100
8.25668	0.00000	5714.69200
8.26055	0.00000	5714.69200
8.26440	0.00000	5714.69200
8.26824	0.00000	5714.69200
8.27209	0.00000	5714.69200
8.27593	0.00000	5714.69200
8.27976	0.00000	5714.69200
8.28363	0.00000	5714.69200
8.28749	0.00000	5710.03400
8.29133	0.00000	5710.03400
8.29518	0.00000	5710.03400
8.29903	0.00000	5710.03400
8.30288	0.00000	5710.03400
8.30672	0.00000	5710.03400
8.31055	0.00000	5710.03400
8.31439	0.00000	5719.07100
8.31823	0.00000	5719.07100
8.32207	0.00000	5719.07100
8.32591	0.00000	5719.07100
8.32976	0.00000	5719.07100
8.33360	0.00000	5719.07100
8.33744	0.00000	5719.07100
8.34127	0.00000	5716.82800
8.34512	0.00000	5716.82800
8.34897	0.00000	5716.82800
8.35283	0.00000	5716.82800
8.35667	0.00000	5716.82800
8.36051	0.00000	5716.82800
8.36435	0.00000	5716.82800
8.36820	0.00000	5716.82800
8.37204	0.00000	5718.64300
8.37589	0.00000	5718.64300
8.37972	0.00000	5718.64300
8.38356	0.00000	5718.64300
8.38740	0.00000	5718.64300
8.39126	0.00000	5718.64300
8.39510	0.00000	5718.64300
8.39893	0.00000	5714.59000
8.40279	0.00000	5714.59000
8.40662	0.00000	5714.59000
8.41048	0.00000	5714.59000
8.41431	0.00000	5714.59000
8.41816	0.00000	5714.59000
8.42200	0.00000	5714.59000
8.42584	0.00000	5714.59000
8.42968	0.00000	5709.84200
8.43352	0.00000	5709.84200
8.43737	0.00000	5709.84200
8.44121	0.00000	5709.84200
8.44505	0.00000	5709.84200
8.44890	0.00000	5709.84200
8.45274	0.00000	5709.84200
8.45657	0.00000	5716.72300
8.46041	0.00000	5716.72300
8.46426	0.00000	5716.72300
8.46810	0.00000	5716.72300
8.47194	0.00000	5716.72300
8.47578	0.00000	5716.72300
8.47963	0.00000	5716.72300
8.48347	0.00000	5716.72300
8.48730	0.00000	5716.20500
8.49114	0.00000	5716.20500
8.49498	0.00000	5716.20500
8.49883	0.00000	5716.20500
8.50267	0.00000	5716.20500
8.50651	0.00000	5716.20500
8.51034	0.00000	5716.20500
8.51418	0.00000	5708.19100
8.51802	0.00000	5708.19100
8.52187	0.00000	5708.19100
8.52572	0.00000	5708.19100
8.52955	0.00000	5708.19100
8.53339	0.00000	5708.19100
8.53723	0.00000	5708.19100
8.54106	0.00000	5708.19100
8.54490	0.00000	5714.38600
8.54874	0.00000	5714.38600
8.55259	0.00000	5714.38600
8.55643	0.00000	5714.38600
8.56027	0.00000	5714.38600
8.56411	0.00000	5714.38600
8.56795	0.00000	5714.38600
8.57178	0.00000	5716.82800
8.57562	0.00000	5716.82800
8.57942	0.00000	5716.82800
8.58325	0.00000	5716.82800
8.58710	0.00000	5716.82800
8.59094	0.00000	5716.82800
8.59477	0.00000	5716.82800
8.59862	0.00000	5721.09900
8.60246	0.00000	5721.09900
8.60630	0.00000	5721.09900
8.61014	0.00000	5721.09900
8.61398	0.00000	5721.09900
8.61782	0.00000	5721.09900
8.62166	0.00000	5721.09900
8.62549	0.00000	5721.09900
8.62933	0.00000	5712.35800
8.63317	0.00000	5712.35800
8.63701	0.00000	5712.35800
8.64086	0.00000	5712.35800
8.64469	0.00000	5712.35800
8.64853	0.00000	5712.35800
8.65237	0.00000	5712.35800
8.65621	0.00000	5712.45700
8.66007	0.00000	5712.45700
8.66391	0.00000	5712.45700
8.66775	0.00000	5712.45700
8.67159	0.00000	5712.45700
8.67542	0.00000	5712.45700
8.67926	0.00000	5712.45700
8.68310	0.00000	5712.45700
8.68694	0.00000	5711.96200
8.69078	0.00000	5711.96200
8.69463	0.00000	5711.96200
8.69848	0.00000	5711.96200
8.70232	0.00000	5711.96200
8.70617	0.00000	5711.96200
8.71001	0.00000	5711.96200
8.71386	0.00000	5714.59000
8.71770	0.00000	5714.59000
8.72154	0.00000	5714.59000
8.72539	0.00000	5714.59000
8.72923	0.00000	5714.59000
8.73307	0.00000	5714.59000
8.73690	0.00000	5714.59000
8.74073	0.00000	5714.59000
8.74457	0.00000	5714.08400
8.74842	0.00000	5714.08400
8.75226	0.00000	5714.08400
8.75611	0.00000	5714.08400
8.75995	0.00000	5714.08400
8.76379	0.00000	5714.08400
8.76763	0.00000	5714.08400
8.77142	0.00000	5714.59000
8.77526	0.00000	5714.59000
8.77909	0.00000	5714.59000
8.78296	0.00000	5714.59000
8.78682	0.00000	5714.59000
8.79066	0.00000	5714.59000
8.79452	0.00000	5714.59000
8.79836	0.00000	5714.59000
8.80221	0.00000	5711.96200
8.80605	0.00000	5711.96200
8.80989	0.00000	5711.96200
8.81373	0.00000	5711.96200
8.81757	0.00000	5711.96200
8.82141	0.00000	5711.96200
8.82525	0.00000	5711.96200
8.82908	0.00000	5720.98900
8.83292	0.00000	5720.98900
8.83676	0.00000	5720.98900
8.84060	0.00000	5720.98900
8.84444	0.00000	5720.98900
8.84828	0.00000	5720.98900
8.85212	0.00000	5720.98900
8.85596	0.00000	5720.98900
8.85979	0.00000	5714.38600
8.86364	0.00000	5714.38600
8.86749	0.00000	5714.38600
8.87132	0.00000	5714.38600
8.87516	0.00000	5714.38600
8.87900	0.00000	5714.38600
8.88284	0.00000	5714.38600
8.88668	0.00000	5714.48900
8.89052	0.00000	5714.48900
8.89435	0.00000	5714.48900
8.89819	0.00000	5714.48900
8.90203	0.00000	5714.48900
8.90587	0.00000	5714.48900
8.90971	0.00000	5714.48900
8.91355	0.00000	5720.98900
8.91738	0.00000	5720.98900
8.92123	0.00000	5720.98900
8.92507	0.00000	5720.98900
8.92892	0.00000	5720.98900
8.93276	0.00000	5720.98900
8.93660	0.00000	5720.98900
8.94044	0.00000	5720.98900
8.94428	0.00000	5724.91500
8.94811	0.00000	5724.91500
8.95195	0.00000	5724.91500
8.95579	0.00000	5724.91500
8.95964	0.00000	5724.91500
8.96347	0.00000	5724.91500
8.96731	0.00000	5724.91500
8.97115	0.00000	5712.45700
8.97499	0.00000	5712.45700
8.97883	0.00000	5712.45700
8.98267	0.00000	5712.45700
8.98652	0.00000	5712.45700
8.99036	0.00000	5712.45700
8.99420	0.00000	5712.45700
8.99804	0.00000	5712.45700
9.00188	0.00000	5722.67800
9.00572	0.00000	5722.67800
9.00957	0.00000	5722.67800
9.01341	0.00000	5722.67800
9.01726	0.00000	5722.67800
9.02110	0.00000	5722.67800
9.02494	0.00000	5722.67800
9.02878	0.00000	5720.98900
9.03263	0.00000	5720.98900
9.03650	0.00000	5720.98900
9.04034	0.00000	5720.98900
9.04419	0.00000	5720.98900
9.04803	0.00000	5720.98900
9.05188	0.00000	5720.98900
9.05572	0.00000	5720.98900
9.05956	0.00000	5713.98300
9.06341	0.00000	5713.98300
9.06725	0.00000	5713.98300
9.07110	0.00000	5713.98300
9.07494	0.00000	5713.98300
9.07879	0.00000	5713.98300
9.08263	0.00000	5713.98300
9.08648	0.00000	5720.98900
9.09032	0.00000	5720.98900
9.09415	0.00000	5720.98900
9.09799	0.00000	5720.98900
9.10183	0.00000	5720.98900
9.10569	0.00000	5720.98900
9.10954	0.00000	5720.98900
9.11340	0.00000	5720.98900
9.11724	0.00000	5722.78900
9.12108	0.00000	5722.78900
9.12491	0.00000	5722.78900
9.12876	0.00000	5722.78900
9.13260	0.00000	5722.78900
9.13644	0.00000	5722.78900
9.14028	0.00000	5722.78900
9.14412	0.00000	5716.72300
9.14796	0.00000	5716.72300
9.15179	0.00000	5716.72300
9.15563	0.00000	5716.72300
9.15949	0.00000	5716.72300
9.16333	0.00000	5716.72300
9.16716	0.00000	5716.72300
9.17100	0.00000	5716.72300
9.17483	0.00000	5716.72300
9.17867	0.00000	5716.72300
9.18251	0.00000	5716.72300
9.18635	0.00000	5716.72300
9.19021	0.00000	5716.72300
9.19405	0.00000	5716.72300
9.19790	0.00000	5716.72300
9.20175	0.00000	5716.51500
9.20559	0.00000	5716.51500
9.20943	0.00000	5716.51500
9.21327	0.00000	5716.51500
9.21711	0.00000	5716.51500
9.22095	0.00000	5716.51500
9.22479	0.00000	5716.51500
9.22864	0.00000	5727.38800
9.23250	0.00000	5727.38800
9.23633	0.00000	5727.38800
9.24019	0.00000	5727.38800
9.24402	0.00000	5727.38800
9.24786	0.00000	5727.38800
9.25171	0.00000	5727.38800
9.25555	0.00000	5727.38800
9.25940	0.00000	5724.57600
9.26326	0.00000	5724.57600
9.26711	0.00000	5724.57600
9.27094	0.00000	5724.57600
9.27478	0.00000	5724.57600
9.27861	0.00000	5724.57600
9.28249	0.00000	5724.57600
9.28635	0.00000	5718.85700
9.29020	0.00000	5718.85700
9.29404	0.00000	5718.85700
9.29788	0.00000	5718.85700
9.30173	0.00000	5718.85700
9.30556	0.00000	5718.85700
9.30940	0.00000	5718.85700
9.31325	0.00000	5718.85700
9.31709	0.00000	5713.98300
9.32093	0.00000	5713.98300
9.32477	0.00000	5713.98300
9.32861	0.00000	5713.98300
9.33245	0.00000	5713.98300
9.33629	0.00000	5713.98300
9.34013	0.00000	5713.98300
9.34397	0.00000	5725.25600
9.34781	0.00000	5725.25600
9.35165	0.00000	5725.25600
9.35549	0.00000	5725.25600
9.35933	0.00000	5725.25600
9.36317	0.00000	5725.25600
9.36701	0.00000	5725.25600
9.37085	0.00000	5725.25600
9.37471	0.00000	5718.22000
9.37854	0.00000	5718.22000
9.38239	0.00000	5718.22000
9.38622	0.00000	5718.22000
9.39006	0.00000	5718.22000
9.39390	0.00000	5718.22000
9.39774	0.00000	5718.22000
9.40159	0.00000	5716.61900
9.40544	0.00000	5716.61900
9.40929	0.00000	5716.61900
9.41314	0.00000	5716.61900
9.41698	0.00000	5716.61900
9.42084	0.00000	5716.61900
9.42468	0.00000	5716.61900
9.42852	0.00000	5716.61900
9.43235	0.00000	5716.30800
9.43620	0.00000	5716.30800
9.44004	0.00000	5716.30800
9.44388	0.00000	5716.30800
9.44772	0.00000	5716.30800
9.45157	0.00000	5716.30800
9.45541	0.00000	5716.30800
9.45926	0.00000	5720.98900
9.46310	0.00000	5720.98900
9.46694	0.00000	5720.98900
9.47081	0.00000	5720.98900
9.47465	0.00000	5720.98900
9.47849	0.00000	5720.98900
9.48232	0.00000	5720.98900
9.48616	0.00000	5718.75000
9.48998	0.00000	5718.75000
9.49381	0.00000	5718.75000
9.49766	0.00000	5718.75000
9.50150	0.00000	5718.75000
9.50534	0.00000	5718.75000
9.50918	0.00000	5718.75000
9.51302	0.00000	5718.75000
9.51686	0.00000	5724.91500
9.52070	0.00000	5724.91500
9.52454	0.00000	5724.91500
9.52838	0.00000	5724.91500
9.53221	0.00000	5724.91500
9.53605	0.00000	5724.91500
9.53989	0.00000	5724.91500
9.54373	0.00000	5718.75000
9.54759	0.00000	5718.75000
9.55142	0.00000	5718.75000
9.55526	0.00000	5718.75000
9.55910	0.00000	5718.75000
9.56294	0.00000	5718.75000
9.56679	0.00000	5718.75000
9.57062	0.00000	5718.75000
9.57446	0.00000	5716.10100
9.57830	0.00000	5716.10100
9.58214	0.00000	5716.10100
9.58598	0.00000	5716.10100
9.58983	0.00000	5716.10100
9.59367	0.00000	5716.10100
9.59751	0.00000	5716.10100
9.60135	0.00000	5714.48900
9.60519	0.00000	5714.48900
9.60902	0.00000	5714.48900
9.61286	0.00000	5714.48900
9.61671	0.00000	5714.48900
9.62055	0.00000	5714.48900
9.62439	0.00000	5714.48900
9.62823	0.00000	5714.48900
9.63206	0.00000	5720.33900
9.63590	0.00000	5720.33900
9.63974	0.00000	5720.33900
9.64357	0.00000	5720.33900
9.64742	0.00000	5720.33900
9.65125	0.00000	5720.33900
9.65510	0.00000	5720.33900
9.65894	0.00000	5720.77200
9.66278	0.00000	5720.77200
9.66662	0.00000	5720.77200
9.67048	0.00000	5720.77200
9.67432	0.00000	5720.77200
9.67816	0.00000	5720.77200
9.68200	0.00000	5720.77200
9.68583	0.00000	5720.77200
9.68967	0.00000	5718.22000
9.69351	0.00000	5718.22000
9.69736	0.00000	5718.22000
9.70120	0.00000	5718.22000
9.70503	0.00000	5718.22000
9.70888	0.00000	5718.22000
9.71272	0.00000	5718.22000
9.71655	0.00000	5725.25600
9.72039	0.00000	5725.25600
9.72424	0.00000	5725.25600
9.72809	0.00000	5725.25600
9.73192	0.00000	5725.25600
9.73576	0.00000	5725.25600
9.73960	0.00000	5725.25600
9.74342	0.00000	5725.25600
9.74726	0.00000	5724.68900
9.75111	0.00000	5724.68900
9.75494	0.00000	5724.68900
9.75879	0.00000	5724.68900
9.76263	0.00000	5724.68900
9.76648	0.00000	5724.68900
9.77032	0.00000	5724.68900
9.77416	0.00000	5725.02800
9.77800	0.00000	5725.02800
9.78184	0.00000	5725.02800
9.78572	0.00000	5725.02800
9.78957	0.00000	5725.02800
9.79342	0.00000	5725.02800
9.79726	0.00000	5725.02800
9.80110	0.00000	5725.14200
9.80493	0.00000	5725.14200
9.80877	0.00000	5725.14200
9.81261	0.00000	5725.14200
9.81645	0.00000	5725.14200
9.82030	0.00000	5725.14200
9.82414	0.00000	5725.14200
9.82799	0.00000	5725.14200
9.83183	0.00000	5720.88000
9.83568	0.00000	5720.88000
9.83952	0.00000	5720.88000
9.84337	0.00000	5720.88000
9.84722	0.00000	5720.88000
9.85106	0.00000	5720.88000
9.85490	0.00000	5720.88000
9.85874	0.00000	5720.98900
9.86260	0.00000	5720.98900
9.86644	0.00000	5720.98900
9.87029	0.00000	5720.98900
9.87413	0.00000	5720.98900
9.87798	0.00000	5720.98900
9.88182	0.00000	5720.98900
9.88565	0.00000	5720.98900
9.88948	0.00000	5720.33900
9.89333	0.00000	5720.33900
9.89717	0.00000	5720.33900
9.90101	0.00000	5720.33900
9.90485	0.00000	5720.33900
9.90869	0.00000	5720.33900
9.91255	0.00000	5720.33900
9.91639	0.00000	5720.98900
9.92025	0.00000	5720.98900
9.92409	0.00000	5720.98900
9.92793	0.00000	5720.98900
9.93178	0.00000	5720.98900
9.93561	0.00000	5720.98900
9.93942	0.00000	5720.98900
9.94326	0.00000	5720.98900
9.94710	0.00000	5718.32500
9.95095	0.00000	5718.32500
9.95479	0.00000	5718.32500
9.95863	0.00000	5718.32500
9.96247	0.00000	5718.32500
9.96631	0.00000	5718.32500
9.97017	0.00000	5718.32500
9.97402	0.00000	5714.48900
9.97786	0.00000	5714.48900
9.98170	0.00000	5714.48900
9.98553	0.00000	5714.48900
9.98938	0.00000	5714.48900
9.99322	0.00000	5714.48900
9.99707	0.00000	5714.48900
