Time (s)   Thrust (N)   RPM
0.00030	0.00000	4209.43700
0.00419	0.00000	4209.43700
0.00805	0.00000	4208.86100
0.01190	0.00000	4208.86100
0.01575	0.00000	4208.86100
0.01959	0.00000	4208.86100
0.02346	0.00000	4208.86100
0.02732	0.00000	4186.77200
0.03116	0.00000	4186.77200
0.03499	0.00000	4186.77200
0.03881	0.00000	4186.77200
0.04264	0.00000	4186.77200
0.04647	0.00000	4186.77200
0.05029	0.00000	4105.63000
0.05412	0.00000	4105.63000
0.05794	0.00000	4105.63000
0.06177	0.00000	4105.63000
0.06560	0.00000	4034.48200
0.06942	0.00000	4034.48200
0.07325	0.00000	4034.48200
0.07708	0.00000	4034.48200
0.08092	0.00000	4034.48200
0.08475	0.00000	3975.58800
0.08858	0.00000	3975.58800
0.09241	0.00000	3975.58800
0.09623	0.00000	3975.58800
0.10007	0.00000	3975.58800
0.10389	0.00000	3914.47300
0.10773	0.00000	3914.47300
0.11155	0.00000	3914.47300
0.11538	0.00000	3914.47300
0.11920	0.00000	3914.47300
0.12303	0.00000	3872.78700
0.12686	0.00000	3872.78700
0.13069	0.00000	3872.78700
0.13451	0.00000	3872.78700
0.13834	0.00000	3872.78700
0.14216	0.00000	3830.28500
0.14599	0.00000	3830.28500
0.14981	0.00000	3830.28500
0.15363	0.00000	3830.28500
0.15745	0.00000	3830.28500
0.16128	0.00000	3790.39500
0.16510	0.00000	3790.39500
0.16894	0.00000	3790.39500
0.17277	0.00000	3790.39500
0.17661	0.00000	3756.82400
0.18046	0.00000	3756.82400
0.18429	0.00000	3756.82400
0.18812	0.00000	3756.82400
0.19194	0.00000	3756.82400
0.19577	0.00000	3729.54500
0.19959	0.00000	3729.54500
0.20342	0.00000	3729.54500
0.20725	0.00000	3729.54500
0.21108	0.00000	3729.54500
0.21490	0.00000	3695.15500
0.21874	0.00000	3695.15500
0.22256	0.00000	3695.15500
0.22640	0.00000	3695.15500
0.23022	0.00000	3666.82000
0.23405	0.00000	3666.82000
0.23788	0.00000	3666.82000
0.24171	0.00000	3666.82000
0.24553	0.00000	3666.82000
0.24935	0.00000	3653.22500
0.25319	0.00000	3653.22500
0.25701	0.00000	3653.22500
0.26084	0.00000	3653.22500
0.26467	0.00000	3653.22500
0.26850	0.00000	3635.83900
0.27233	0.00000	3635.83900
0.27615	0.00000	3635.83900
0.27998	0.00000	3635.83900
0.28380	0.00000	3620.56900
0.28764	0.00000	3620.56900
0.29147	0.00000	3620.56900
0.29530	0.00000	3620.56900
0.29913	0.00000	3620.56900
0.30296	0.00000	3614.33200
0.30679	0.00000	3614.33200
0.31062	0.00000	3614.33200
0.31446	0.00000	3614.33200
0.31830	0.00000	3599.29900
0.32212	0.00000	3599.29900
0.32594	0.00000	3599.29900
0.32977	0.00000	3599.29900
0.33364	0.00000	3599.29900
0.33749	0.00000	3591.69800
0.34133	0.00000	3591.69800
0.34511	0.00000	3591.69800
0.34895	0.00000	3591.69800
0.35279	0.00000	3591.69800
0.35663	0.00000	3582.08900
0.36045	0.00000	3582.08900
0.36428	0.00000	3582.08900
0.36811	0.00000	3582.08900
0.37194	0.00000	3570.08400
0.37577	0.00000	3570.08400
0.37960	0.00000	3570.08400
0.38344	0.00000	3570.08400
0.38727	0.00000	3570.08400
0.39110	0.00000	3567.58600
0.39496	0.00000	3567.58600
0.39881	0.00000	3567.58600
0.40263	0.00000	3567.58600
0.40646	0.00000	3559.14200
0.41029	0.00000	3559.14200
0.41412	0.00000	3559.14200
0.41796	0.00000	3559.14200
0.42180	0.00000	3559.14200
0.42563	0.00000	3549.67200
0.42947	0.00000	3549.67200
0.43329	0.00000	3549.67200
0.43711	0.00000	3549.67200
0.44094	0.00000	3548.15800
0.44476	0.00000	3548.15800
0.44858	0.00000	3548.15800
0.45241	0.00000	3548.15800
0.45624	0.00000	3548.15800
0.46008	0.00000	3545.19700
0.46390	0.00000	3545.19700
0.46773	0.00000	3545.19700
0.47156	0.00000	3545.19700
0.47539	0.00000	3544.42300
0.47922	0.00000	3544.42300
0.48304	0.00000	3544.42300
0.48687	0.00000	3544.42300
0.49070	0.00000	3544.42300
0.49454	0.00000	3533.58500
0.49837	0.00000	3533.58500
0.50221	0.00000	3533.58500
0.50604	0.00000	3533.58500
0.50986	0.00000	3533.58500
0.51369	0.00000	3534.80700
0.51752	0.00000	3534.80700
0.52135	0.00000	3534.80700
0.52517	0.00000	3534.80700
0.52900	0.00000	3533.38000
0.53283	0.00000	3533.38000
0.53666	0.00000	3533.38000
0.54050	0.00000	3533.38000
0.54433	0.00000	3533.38000
0.54817	0.00000	3531.27900
0.55199	0.00000	3531.27900
0.55582	0.00000	3531.27900
0.55966	0.00000	3531.27900
0.56349	0.00000	3526.06600
0.56733	0.00000	3526.06600
0.57115	0.00000	3526.06600
0.57498	0.00000	3526.06600
0.57881	0.00000	3526.06600
0.58263	0.00000	3520.04700
0.58647	0.00000	3520.04700
0.59030	0.00000	3520.04700
0.59413	0.00000	3520.04700
0.59797	0.00000	3518.73800
0.60179	0.00000	3518.73800
0.60563	0.00000	3518.73800
0.60946	0.00000	3518.73800
0.61328	0.00000	3518.73800
0.61711	0.00000	3516.50900
0.62094	0.00000	3516.50900
0.62477	0.00000	3516.50900
0.62859	0.00000	3516.50900
0.63241	0.00000	3518.51800
0.63624	0.00000	3518.51800
0.64006	0.00000	3518.51800
0.64389	0.00000	3518.51800
0.64771	0.00000	3518.51800
0.65154	0.00000	3512.97100
0.65537	0.00000	3512.97100
0.65920	0.00000	3512.97100
0.66303	0.00000	3512.97100
0.66685	0.00000	3514.73400
0.67068	0.00000	3514.73400
0.67451	0.00000	3514.73400
0.67833	0.00000	3514.73400
0.68216	0.00000	3514.73400
0.68599	0.00000	3516.50900
0.68982	0.00000	3516.50900
0.69364	0.00000	3516.50900
0.69746	0.00000	3516.50900
0.70130	0.00000	3515.18000
0.70511	0.00000	3515.18000
0.70894	0.00000	3515.18000
0.71276	0.00000	3515.18000
0.71658	0.00000	3515.18000
0.72041	0.00000	3519.83000
0.72424	0.00000	3519.83000
0.72807	0.00000	3519.83000
0.73189	0.00000	3519.83000
0.73572	0.00000	3514.95700
0.73955	0.00000	3514.95700
0.74338	0.00000	3514.95700
0.74721	0.00000	3514.95700
0.75103	0.00000	3514.95700
0.75486	0.00000	3511.84800
0.75869	0.00000	3511.84800
0.76251	0.00000	3511.84800
0.76634	0.00000	3511.84800
0.77017	0.00000	3514.73400
0.77399	0.00000	3514.73400
0.77783	0.00000	3514.73400
0.78165	0.00000	3514.73400
0.78548	0.00000	3514.73400
0.78931	0.00000	3511.39600
0.79311	0.00000	3511.39600
0.79693	0.00000	3511.39600
0.80076	0.00000	3511.39600
0.80459	0.00000	3511.39600
0.80842	0.00000	3508.52200
0.81225	0.00000	3508.52200
0.81608	0.00000	3508.52200
0.81991	0.00000	3508.52200
0.82373	0.00000	3514.73400
0.82756	0.00000	3514.73400
0.83138	0.00000	3514.73400
0.83521	0.00000	3514.73400
0.83903	0.00000	3514.73400
0.84286	0.00000	3505.43400
0.84669	0.00000	3505.43400
0.85052	0.00000	3505.43400
0.85434	0.00000	3505.43400
0.85817	0.00000	3510.94200
0.86199	0.00000	3510.94200
0.86582	0.00000	3510.94200
0.86965	0.00000	3510.94200
0.87348	0.00000	3510.94200
0.87730	0.00000	3512.74700
0.88111	0.00000	3512.74700
0.88493	0.00000	3512.74700
0.88876	0.00000	3512.74700
0.89259	0.00000	3504.03900
0.89642	0.00000	3504.03900
0.90024	0.00000	3504.03900
0.90407	0.00000	3504.03900
0.90789	0.00000	3504.03900
0.91171	0.00000	3512.74700
0.91553	0.00000	3512.74700
0.91935	0.00000	3512.74700
0.92318	0.00000	3512.74700
0.92700	0.00000	3507.37300
0.93082	0.00000	3507.37300
0.93466	0.00000	3507.37300
0.93848	0.00000	3507.37300
0.94230	0.00000	3507.37300
0.94614	0.00000	3505.66500
0.94996	0.00000	3505.66500
0.95379	0.00000	3505.66500
0.95761	0.00000	3505.66500
0.96144	0.00000	3507.37300
0.96527	0.00000	3507.37300
0.96910	0.00000	3507.37300
0.97293	0.00000	3507.37300
0.97677	0.00000	3507.37300
0.98060	0.00000	3505.66500
0.98443	0.00000	3505.66500
0.98825	0.00000	3505.66500
0.99209	0.00000	3505.66500
0.99592	0.00000	3507.60400
0.99975	0.00000	3507.60400
1.00357	0.00000	3507.60400
1.00740	0.00000	3507.60400
1.01123	0.00000	3507.60400
1.01506	0.00000	3509.20600
1.01888	0.00000	3509.20600
1.02271	0.00000	3509.20600
1.02654	0.00000	3509.20600
1.03036	0.00000	3507.37300
1.03419	0.00000	3507.37300
1.03802	0.00000	3507.37300
1.04184	0.00000	3507.37300
1.04566	0.00000	3507.37300
1.04949	0.00000	3505.66500
1.05332	0.00000	3505.66500
1.05711	0.00000	3505.66500
1.06094	0.00000	3505.66500
1.06476	0.00000	3511.16900
1.06860	0.00000	3511.16900
1.07242	0.00000	3511.16900
1.07626	0.00000	3511.16900
1.08008	0.00000	3511.16900
1.08391	0.00000	3509.20600
1.08774	0.00000	3509.20600
1.09156	0.00000	3509.20600
1.09539	0.00000	3509.20600
1.09921	0.00000	3507.60400
1.10304	0.00000	3507.60400
1.10686	0.00000	3507.60400
1.11069	0.00000	3507.60400
1.11451	0.00000	3507.60400
1.11833	0.00000	3508.06400
1.12216	0.00000	3508.06400
1.12598	0.00000	3508.06400
1.12981	0.00000	3508.06400
1.13363	0.00000	3503.80600
1.13745	0.00000	3503.80600
1.14127	0.00000	3503.80600
1.14509	0.00000	3503.80600
1.14892	0.00000	3503.80600
1.15275	0.00000	3496.67000
1.15657	0.00000	3496.67000
1.16040	0.00000	3496.67000
1.16422	0.00000	3496.67000
1.16804	0.00000	3503.57100
1.17186	0.00000	3503.57100
1.17568	0.00000	3503.57100
1.17951	0.00000	3503.57100
1.18334	0.00000	3503.57100
1.18716	0.00000	3500.47500
1.19100	0.00000	3500.47500
1.19482	0.00000	3500.47500
1.19864	0.00000	3500.47500
1.20247	0.00000	3500.47500
1.20630	0.00000	3504.73900
1.21012	0.00000	3504.73900
1.21395	0.00000	3504.73900
1.21778	0.00000	3504.73900
1.22162	0.00000	3510.71400
1.22545	0.00000	3510.71400
1.22928	0.00000	3510.71400
1.23311	0.00000	3510.71400
1.23695	0.00000	3510.71400
1.24078	0.00000	3497.63000
1.24459	0.00000	3497.63000
1.24842	0.00000	3497.63000
1.25224	0.00000	3497.63000
1.25606	0.00000	3499.52200
1.25989	0.00000	3499.52200
1.26372	0.00000	3499.52200
1.26754	0.00000	3499.52200
1.27137	0.00000	3499.52200
1.27519	0.00000	3497.86900
1.27902	0.00000	3497.86900
1.28285	0.00000	3497.86900
1.28667	0.00000	3497.86900
1.29051	0.00000	3496.42800
1.29434	0.00000	3496.42800
1.29817	0.00000	3496.42800
1.30200	0.00000	3496.42800
1.30582	0.00000	3496.42800
1.30965	0.00000	3501.42000
1.31348	0.00000	3501.42000
1.31731	0.00000	3501.42000
1.32111	0.00000	3501.42000
1.32494	0.00000	3500.00000
1.32877	0.00000	3500.00000
1.33259	0.00000	3500.00000
1.33642	0.00000	3500.00000
1.34024	0.00000	3500.00000
1.34407	0.00000	3505.20300
1.34790	0.00000	3505.20300
1.35173	0.00000	3505.20300
1.35555	0.00000	3505.20300
1.35938	0.00000	3500.23700
1.36321	0.00000	3500.23700
1.36703	0.00000	3500.23700
1.37086	0.00000	3500.23700
1.37469	0.00000	3500.23700
1.37852	0.00000	3501.65500
1.38235	0.00000	3501.65500
1.38617	0.00000	3501.65500
1.39000	0.00000	3501.65500
1.39383	0.00000	3503.57100
1.39766	0.00000	3503.57100
1.40149	0.00000	3503.57100
1.40533	0.00000	3503.57100
1.40916	0.00000	3503.57100
1.41300	0.00000	3504.97100
1.41682	0.00000	3504.97100
1.42065	0.00000	3504.97100
1.42448	0.00000	3504.97100
1.42831	0.00000	3499.76100
1.43213	0.00000	3499.76100
1.43595	0.00000	3499.76100
1.43978	0.00000	3499.76100
1.44361	0.00000	3499.76100
1.44743	0.00000	3498.10800
1.45125	0.00000	3498.10800
1.45508	0.00000	3498.10800
1.45891	0.00000	3498.10800
1.46273	0.00000	3503.57100
1.46658	0.00000	3503.57100
1.47040	0.00000	3503.57100
1.47422	0.00000	3503.57100
1.47805	0.00000	3503.57100
1.48187	0.00000	3505.20300
1.48570	0.00000	3505.20300
1.48953	0.00000	3505.20300
1.49336	0.00000	3505.20300
1.49718	0.00000	3500.23700
1.50102	0.00000	3500.23700
1.50484	0.00000	3500.23700
1.50867	0.00000	3500.23700
1.51250	0.00000	3500.23700
1.51632	0.00000	3501.65500
1.52015	0.00000	3501.65500
1.52397	0.00000	3501.65500
1.52780	0.00000	3501.65500
1.53163	0.00000	3500.23700
1.53545	0.00000	3500.23700
1.53928	0.00000	3500.23700
1.54310	0.00000	3500.23700
1.54693	0.00000	3500.23700
1.55076	0.00000	3504.97100
1.55459	0.00000	3504.97100
1.55841	0.00000	3504.97100
1.56224	0.00000	3504.97100
1.56607	0.00000	3503.80600
1.56991	0.00000	3503.80600
1.57374	0.00000	3503.80600
1.57757	0.00000	3503.80600
1.58140	0.00000	3503.80600
1.58522	0.00000	3501.89000
1.58906	0.00000	3501.89000
1.59289	0.00000	3501.89000
1.59671	0.00000	3501.89000
1.60055	0.00000	3503.80600
1.60438	0.00000	3503.80600
1.60820	0.00000	3503.80600
1.61203	0.00000	3503.80600
1.61586	0.00000	3503.80600
1.61969	0.00000	3497.86900
1.62351	0.00000	3497.86900
1.62734	0.00000	3497.86900
1.63117	0.00000	3497.86900
1.63500	0.00000	3500.00000
1.63882	0.00000	3500.00000
1.64265	0.00000	3500.00000
1.64647	0.00000	3500.00000
1.65031	0.00000	3500.00000
1.65415	0.00000	3504.73900
1.65797	0.00000	3504.73900
1.66180	0.00000	3504.73900
1.66562	0.00000	3504.73900
1.66944	0.00000	3500.00000
1.67327	0.00000	3500.00000
1.67710	0.00000	3500.00000
1.68094	0.00000	3500.00000
1.68476	0.00000	3500.00000
1.68859	0.00000	3500.47500
1.69241	0.00000	3500.47500
1.69623	0.00000	3500.47500
1.70006	0.00000	3500.47500
1.70388	0.00000	3499.76100
1.70770	0.00000	3499.76100
1.71153	0.00000	3499.76100
1.71536	0.00000	3499.76100
1.71918	0.00000	3499.76100
1.72301	0.00000	3500.47500
1.72683	0.00000	3500.47500
1.73066	0.00000	3500.47500
1.73448	0.00000	3500.47500
1.73831	0.00000	3500.47500
1.74213	0.00000	3500.47500
1.74596	0.00000	3500.47500
1.74979	0.00000	3500.47500
1.75361	0.00000	3500.47500
1.75744	0.00000	3500.23700
1.76127	0.00000	3500.23700
1.76510	0.00000	3500.23700
1.76893	0.00000	3500.23700
1.77275	0.00000	3496.18600
1.77657	0.00000	3496.18600
1.78040	0.00000	3496.18600
1.78422	0.00000	3496.18600
1.78806	0.00000	3496.18600
1.79188	0.00000	3503.80600
1.79572	0.00000	3503.80600
1.79955	0.00000	3503.80600
1.80337	0.00000	3503.80600
1.80719	0.00000	3503.80600
1.81102	0.00000	3508.06400
1.81485	0.00000	3508.06400
1.81868	0.00000	3508.06400
1.82251	0.00000	3508.06400
1.82633	0.00000	3503.57100
1.83016	0.00000	3503.57100
1.83398	0.00000	3503.57100
1.83781	0.00000	3503.57100
1.84164	0.00000	3503.57100
1.84547	0.00000	3504.50600
1.84930	0.00000	3504.50600
1.85311	0.00000	3504.50600
1.85694	0.00000	3504.50600
1.86076	0.00000	3500.00000
1.86459	0.00000	3500.00000
1.86841	0.00000	3500.00000
1.87223	0.00000	3500.00000
1.87606	0.00000	3500.00000
1.87989	0.00000	3501.89000
1.88372	0.00000	3501.89000
1.88754	0.00000	3501.89000
1.89137	0.00000	3501.89000
1.89520	0.00000	3503.80600
1.89902	0.00000	3503.80600
1.90285	0.00000	3503.80600
1.90667	0.00000	3503.80600
1.91049	0.00000	3503.80600
1.91432	0.00000	3501.42000
1.91814	0.00000	3501.42000
1.92197	0.00000	3501.42000
1.92580	0.00000	3501.42000
1.92963	0.00000	3503.57100
1.93346	0.00000	3503.57100
1.93729	0.00000	3503.57100
1.94111	0.00000	3503.57100
1.94493	0.00000	3503.57100
1.94875	0.00000	3504.97100
1.95258	0.00000	3504.97100
1.95641	0.00000	3504.97100
1.96024	0.00000	3504.97100
1.96406	0.00000	3500.00000
1.96789	0.00000	3500.00000
1.97171	0.00000	3500.00000
1.97554	0.00000	3500.00000
1.97936	0.00000	3500.00000
1.98319	0.00000	3498.10800
1.98702	0.00000	3498.10800
1.99084	0.00000	3498.10800
1.99466	0.00000	3498.10800
1.99849	0.00000	3503.80600
2.00232	0.00000	3503.80600
2.00615	0.00000	3503.80600
2.00998	0.00000	3503.80600
2.01380	0.00000	3503.80600
2.01764	0.00000	3501.65500
2.02146	0.00000	3501.65500
2.02529	0.00000	3501.65500
2.02911	0.00000	3501.65500
2.03293	0.00000	3507.37300
2.03675	0.00000	3507.37300
2.04058	0.00000	3507.37300
2.04440	0.00000	3507.37300
2.04822	0.00000	3507.37300
2.05205	0.00000	3498.34600
2.05587	0.00000	3498.34600
2.05970	0.00000	3498.34600
2.06353	0.00000	3498.34600
2.06735	0.00000	3503.57100
2.07119	0.00000	3503.57100
2.07501	0.00000	3503.57100
2.07884	0.00000	3503.57100
2.08268	0.00000	3503.57100
2.08650	0.00000	3508.75100
2.09032	0.00000	3508.75100
2.09415	0.00000	3508.75100
2.09798	0.00000	3508.75100
2.10180	0.00000	3507.14300
2.10563	0.00000	3507.14300
2.10946	0.00000	3507.14300
2.11328	0.00000	3507.14300
2.11711	0.00000	3507.14300
2.12094	0.00000	3498.10800
2.12476	0.00000	3498.10800
2.12858	0.00000	3498.10800
2.13241	0.00000	3498.10800
2.13623	0.00000	3507.14300
2.14008	0.00000	3507.14300
2.14391	0.00000	3507.14300
2.14774	0.00000	3507.14300
2.15157	0.00000	3507.14300
2.15539	0.00000	3505.20300
2.15923	0.00000	3505.20300
2.16305	0.00000	3505.20300
2.16688	0.00000	3505.20300
2.17070	0.00000	3496.42800
2.17454	0.00000	3496.42800
2.17836	0.00000	3496.42800
2.18218	0.00000	3496.42800
2.18600	0.00000	3496.42800
2.18982	0.00000	3494.56000
2.19364	0.00000	3494.56000
2.19748	0.00000	3494.56000
2.20130	0.00000	3494.56000
2.20511	0.00000	3503.57100
2.20893	0.00000	3503.57100
2.21276	0.00000	3503.57100
2.21659	0.00000	3503.57100
2.22041	0.00000	3503.57100
2.22424	0.00000	3500.94800
2.22806	0.00000	3500.94800
2.23189	0.00000	3500.94800
2.23572	0.00000	3500.94800
2.23954	0.00000	3503.57100
2.24337	0.00000	3503.57100
2.24719	0.00000	3503.57100
2.25102	0.00000	3503.57100
2.25484	0.00000	3503.57100
2.25867	0.00000	3496.91000
2.26250	0.00000	3496.91000
2.26632	0.00000	3496.91000
2.27014	0.00000	3496.91000
2.27397	0.00000	3503.80600
2.27782	0.00000	3503.80600
2.28164	0.00000	3503.80600
2.28547	0.00000	3503.80600
2.28929	0.00000	3503.80600
2.29311	0.00000	3507.37300
2.29694	0.00000	3507.37300
2.30076	0.00000	3507.37300
2.30459	0.00000	3507.37300
2.30841	0.00000	3507.37300
2.31223	0.00000	3500.47500
2.31605	0.00000	3500.47500
2.31988	0.00000	3500.47500
2.32370	0.00000	3500.47500
2.32753	0.00000	3496.42800
2.33135	0.00000	3496.42800
2.33517	0.00000	3496.42800
2.33900	0.00000	3496.42800
2.34283	0.00000	3496.42800
2.34665	0.00000	3504.50600
2.35048	0.00000	3504.50600
2.35431	0.00000	3504.50600
2.35815	0.00000	3504.50600
2.36197	0.00000	3503.57100
2.36579	0.00000	3503.57100
2.36961	0.00000	3503.57100
2.37344	0.00000	3503.57100
2.37725	0.00000	3503.57100
2.38108	0.00000	3501.42000
2.38491	0.00000	3501.42000
2.38874	0.00000	3501.42000
2.39256	0.00000	3501.42000
2.39639	0.00000	3500.00000
2.40023	0.00000	3500.00000
2.40405	0.00000	3500.00000
2.40787	0.00000	3500.00000
2.41170	0.00000	3500.00000
2.41552	0.00000	3501.65500
2.41935	0.00000	3501.65500
2.42318	0.00000	3501.65500
2.42701	0.00000	3501.65500
2.43085	0.00000	3500.23700
2.43467	0.00000	3500.23700
2.43849	0.00000	3500.23700
2.44231	0.00000	3500.23700
2.44614	0.00000	3500.23700
2.44997	0.00000	3505.20300
2.45380	0.00000	3505.20300
2.45762	0.00000	3505.20300
2.46145	0.00000	3505.20300
2.46528	0.00000	3503.57100
2.46910	0.00000	3503.57100
2.47293	0.00000	3503.57100
2.47675	0.00000	3503.57100
2.48057	0.00000	3503.57100
2.48439	0.00000	3497.86900
2.48822	0.00000	3497.86900
2.49205	0.00000	3497.86900
2.49588	0.00000	3497.86900
2.49971	0.00000	3500.00000
2.50354	0.00000	3500.00000
2.50737	0.00000	3500.00000
2.51120	0.00000	3500.00000
2.51503	0.00000	3500.00000
2.51885	0.00000	3498.10800
2.52268	0.00000	3498.10800
2.52651	0.00000	3498.10800
2.53033	0.00000	3498.10800
2.53416	0.00000	3503.57100
2.53798	0.00000	3503.57100
2.54181	0.00000	3503.57100
2.54564	0.00000	3503.57100
2.54947	0.00000	3503.57100
2.55330	0.00000	3505.20300
2.55711	0.00000	3505.20300
2.56094	0.00000	3505.20300
2.56476	0.00000	3505.20300
2.56859	0.00000	3500.23700
2.57241	0.00000	3500.23700
2.57623	0.00000	3500.23700
2.58006	0.00000	3500.23700
2.58389	0.00000	3500.23700
2.58772	0.00000	3505.20300
2.59155	0.00000	3505.20300
2.59539	0.00000	3505.20300
2.59921	0.00000	3505.20300
2.60303	0.00000	3503.33600
2.60686	0.00000	3503.33600
2.61068	0.00000	3503.33600
2.61451	0.00000	3503.33600
2.61833	0.00000	3503.33600
2.62216	0.00000	3497.86900
2.62599	0.00000	3497.86900
2.62981	0.00000	3497.86900
2.63364	0.00000	3497.86900
2.63747	0.00000	3500.00000
2.64131	0.00000	3500.00000
2.64511	0.00000	3500.00000
2.64894	0.00000	3500.00000
2.65278	0.00000	3500.00000
2.65660	0.00000	3501.42000
2.66044	0.00000	3501.42000
2.66426	0.00000	3501.42000
2.66808	0.00000	3501.42000
2.67191	0.00000	3500.00000
2.67573	0.00000	3500.00000
2.67956	0.00000	3500.00000
2.68339	0.00000	3500.00000
2.68721	0.00000	3500.00000
2.69103	0.00000	3501.65500
2.69487	0.00000	3501.65500
2.69869	0.00000	3501.65500
2.70252	0.00000	3501.65500
2.70634	0.00000	3503.57100
2.71017	0.00000	3503.57100
2.71399	0.00000	3503.57100
2.71781	0.00000	3503.57100
2.72164	0.00000	3503.57100
2.72547	0.00000	3494.56000
2.72930	0.00000	3494.56000
2.73311	0.00000	3494.56000
2.73694	0.00000	3494.56000
2.74076	0.00000	3496.18600
2.74460	0.00000	3496.18600
2.74842	0.00000	3496.18600
2.75225	0.00000	3496.18600
2.75608	0.00000	3496.18600
2.75991	0.00000	3507.83400
2.76374	0.00000	3507.83400
2.76757	0.00000	3507.83400
2.77140	0.00000	3507.83400
2.77524	0.00000	3499.76100
2.77907	0.00000	3499.76100
2.78291	0.00000	3499.76100
2.78673	0.00000	3499.76100
2.79056	0.00000	3499.76100
2.79438	0.00000	3504.03900
2.79820	0.00000	3504.03900
2.80203	0.00000	3504.03900
2.80586	0.00000	3504.03900
2.80968	0.00000	3503.57100
2.81351	0.00000	3503.57100
2.81734	0.00000	3503.57100
2.82116	0.00000	3503.57100
2.82499	0.00000	3503.57100
2.82882	0.00000	3496.91000
2.83265	0.00000	3496.91000
2.83647	0.00000	3496.91000
2.84030	0.00000	3496.91000
2.84413	0.00000	3500.23700
2.84796	0.00000	3500.23700
2.85178	0.00000	3500.23700
2.85561	0.00000	3500.23700
2.85944	0.00000	3500.23700
2.86327	0.00000	3500.23700
2.86710	0.00000	3500.23700
2.87093	0.00000	3500.23700
2.87475	0.00000	3500.23700
2.87859	0.00000	3500.00000
2.88241	0.00000	3500.00000
2.88624	0.00000	3500.00000
2.89007	0.00000	3500.00000
2.89390	0.00000	3500.00000
2.89773	0.00000	3496.67000
2.90155	0.00000	3496.67000
2.90538	0.00000	3496.67000
2.90921	0.00000	3496.67000
2.91304	0.00000	3496.67000
2.91686	0.00000	3503.80600
2.92069	0.00000	3503.80600
2.92451	0.00000	3503.80600
2.92834	0.00000	3503.80600
2.93217	0.00000	3496.18600
2.93600	0.00000	3496.18600
2.93982	0.00000	3496.18600
2.94365	0.00000	3496.18600
2.94748	0.00000	3496.18600
2.95130	0.00000	3500.94800
2.95512	0.00000	3500.94800
2.95895	0.00000	3500.94800
2.96278	0.00000	3500.94800
2.96660	0.00000	3496.42800
2.97044	0.00000	3496.42800
2.97426	0.00000	3496.42800
2.97809	0.00000	3496.42800
2.98192	0.00000	3496.42800
2.98574	0.00000	3501.18400
2.98956	0.00000	3501.18400
2.99339	0.00000	3501.18400
2.99721	0.00000	3501.18400
3.00104	0.00000	3500.00000
3.00487	0.00000	3500.00000
3.00869	0.00000	3500.00000
3.01252	0.00000	3500.00000
3.01635	0.00000	3500.00000
3.02017	0.00000	3504.97100
3.02400	0.00000	3504.97100
3.02782	0.00000	3504.97100
3.03165	0.00000	3504.97100
3.03548	0.00000	3500.00000
3.03931	0.00000	3500.00000
3.04313	0.00000	3500.00000
3.04695	0.00000	3500.00000
3.05077	0.00000	3500.00000
3.05461	0.00000	3504.97100
3.05844	0.00000	3504.97100
3.06226	0.00000	3504.97100
3.06610	0.00000	3504.97100
3.06992	0.00000	3507.14300
3.07375	0.00000	3507.14300
3.07757	0.00000	3507.14300
3.08140	0.00000	3507.14300
3.08523	0.00000	3507.14300
3.08905	0.00000	3501.65500
3.09289	0.00000	3501.65500
3.09672	0.00000	3501.65500
3.10054	0.00000	3501.65500
3.10437	0.00000	3496.18600
3.10820	0.00000	3496.18600
3.11202	0.00000	3496.18600
3.11585	0.00000	3496.18600
3.11968	0.00000	3496.18600
3.12350	0.00000	3498.34600
3.12733	0.00000	3498.34600
3.13115	0.00000	3498.34600
3.13498	0.00000	3498.34600
3.13880	0.00000	3503.57100
3.14262	0.00000	3503.57100
3.14645	0.00000	3503.57100
3.15028	0.00000	3503.57100
3.15410	0.00000	3503.57100
3.15792	0.00000	3501.65500
3.16175	0.00000	3501.65500
3.16557	0.00000	3501.65500
3.16940	0.00000	3501.65500
3.17323	0.00000	3507.14300
3.17706	0.00000	3507.14300
3.18090	0.00000	3507.14300
3.18472	0.00000	3507.14300
3.18854	0.00000	3507.14300
3.19237	0.00000	3505.43400
3.19620	0.00000	3505.43400
3.20004	0.00000	3505.43400
3.20387	0.00000	3505.43400
3.20770	0.00000	3503.80600
3.21153	0.00000	3503.80600
3.21536	0.00000	3503.80600
3.21919	0.00000	3503.80600
3.22301	0.00000	3503.80600
3.22684	0.00000	3505.66500
3.23066	0.00000	3505.66500
3.23449	0.00000	3505.66500
3.23831	0.00000	3505.66500
3.24214	0.00000	3503.57100
3.24596	0.00000	3503.57100
3.24978	0.00000	3503.57100
3.25361	0.00000	3503.57100
3.25743	0.00000	3503.57100
3.26126	0.00000	3505.20300
3.26508	0.00000	3505.20300
3.26892	0.00000	3505.20300
3.27274	0.00000	3505.20300
3.27656	0.00000	3499.76100
3.28040	0.00000	3499.76100
3.28423	0.00000	3499.76100
3.28813	0.00000	3499.76100
3.29199	0.00000	3499.76100
3.29582	0.00000	3508.75100
3.29965	0.00000	3508.75100
3.30348	0.00000	3508.75100
3.30731	0.00000	3508.75100
3.31114	0.00000	3500.00000
3.31497	0.00000	3500.00000
3.31879	0.00000	3500.00000
3.32262	0.00000	3500.00000
3.32645	0.00000	3500.00000
3.33028	0.00000	3501.65500
3.33411	0.00000	3501.65500
3.33794	0.00000	3501.65500
3.34176	0.00000	3501.65500
3.34559	0.00000	3503.57100
3.34941	0.00000	3503.57100
3.35324	0.00000	3503.57100
3.35706	0.00000	3503.57100
3.36090	0.00000	3503.57100
3.36473	0.00000	3505.20300
3.36855	0.00000	3505.20300
3.37238	0.00000	3505.20300
3.37620	0.00000	3505.20300
3.38002	0.00000	3507.14300
3.38387	0.00000	3507.14300
3.38769	0.00000	3507.14300
3.39152	0.00000	3507.14300
3.39535	0.00000	3507.14300
3.39917	0.00000	3500.94800
3.40300	0.00000	3500.94800
3.40682	0.00000	3500.94800
3.41065	0.00000	3500.94800
3.41448	0.00000	3503.80600
3.41830	0.00000	3503.80600
3.42213	0.00000	3503.80600
3.42596	0.00000	3503.80600
3.42978	0.00000	3503.80600
3.43361	0.00000	3500.47500
3.43744	0.00000	3500.47500
3.44126	0.00000	3500.47500
3.44509	0.00000	3500.47500
3.44892	0.00000	3503.57100
3.45275	0.00000	3503.57100
3.45658	0.00000	3503.57100
3.46040	0.00000	3503.57100
3.46423	0.00000	3503.57100
3.46806	0.00000	3500.23700
3.47188	0.00000	3500.23700
3.47570	0.00000	3500.23700
3.47953	0.00000	3500.23700
3.48335	0.00000	3507.14300
3.48717	0.00000	3507.14300
3.49100	0.00000	3507.14300
3.49482	0.00000	3507.14300
3.49867	0.00000	3507.14300
3.50250	0.00000	3503.80600
3.50632	0.00000	3503.80600
3.51015	0.00000	3503.80600
3.51397	0.00000	3503.80600
3.51779	0.00000	3503.80600
3.52161	0.00000	3500.71200
3.52544	0.00000	3500.71200
3.52926	0.00000	3500.71200
3.53309	0.00000	3500.71200
3.53692	0.00000	3496.18600
3.54075	0.00000	3496.18600
3.54457	0.00000	3496.18600
3.54840	0.00000	3496.18600
3.55223	0.00000	3496.18600
3.55605	0.00000	3500.71200
3.55987	0.00000	3500.71200
3.56370	0.00000	3500.71200
3.56753	0.00000	3500.71200
3.57135	0.00000	3503.33600
3.57518	0.00000	3503.33600
3.57900	0.00000	3503.33600
3.58284	0.00000	3503.33600
3.58667	0.00000	3503.33600
3.59049	0.00000	3497.39000
3.59431	0.00000	3497.39000
3.59814	0.00000	3497.39000
3.60197	0.00000	3497.39000
3.60579	0.00000	3500.00000
3.60963	0.00000	3500.00000
3.61346	0.00000	3500.00000
3.61729	0.00000	3500.00000
3.62111	0.00000	3500.00000
3.62493	0.00000	3501.42000
3.62875	0.00000	3501.42000
3.63258	0.00000	3501.42000
3.63640	0.00000	3501.42000
3.64023	0.00000	3503.57100
3.64406	0.00000	3503.57100
3.64788	0.00000	3503.57100
3.65171	0.00000	3503.57100
3.65555	0.00000	3503.57100
3.65937	0.00000	3501.65500
3.66320	0.00000	3501.65500
3.66703	0.00000	3501.65500
3.67086	0.00000	3501.65500
3.67468	0.00000	3496.18600
3.67851	0.00000	3496.18600
3.68233	0.00000	3496.18600
3.68616	0.00000	3496.18600
3.68999	0.00000	3496.18600
3.69381	0.00000	3498.10800
3.69764	0.00000	3498.10800
3.70147	0.00000	3498.10800
3.70530	0.00000	3498.10800
3.70911	0.00000	3496.18600
3.71294	0.00000	3496.18600
3.71677	0.00000	3496.18600
3.72059	0.00000	3496.18600
3.72442	0.00000	3496.18600
3.72824	0.00000	3494.07600
3.73208	0.00000	3494.07600
3.73590	0.00000	3494.07600
3.73973	0.00000	3494.07600
3.74356	0.00000	3503.33600
3.74739	0.00000	3503.33600
3.75122	0.00000	3503.33600
3.75505	0.00000	3503.33600
3.75887	0.00000	3503.33600
3.76269	0.00000	3501.42000
3.76652	0.00000	3501.42000
3.77035	0.00000	3501.42000
3.77417	0.00000	3501.42000
3.77800	0.00000	3496.18600
3.78182	0.00000	3496.18600
3.78565	0.00000	3496.18600
3.78950	0.00000	3496.18600
3.79334	0.00000	3496.18600
3.79717	0.00000	3490.76600
3.80101	0.00000	3490.76600
3.80483	0.00000	3490.76600
3.80866	0.00000	3490.76600
3.81249	0.00000	3496.18600
3.81631	0.00000	3496.18600
3.82014	0.00000	3496.18600
3.82397	0.00000	3496.18600
3.82779	0.00000	3496.18600
3.83161	0.00000	3501.42000
3.83544	0.00000	3501.42000
3.83927	0.00000	3501.42000
3.84310	0.00000	3501.42000
3.84693	0.00000	3492.61200
3.85075	0.00000	3492.61200
3.85457	0.00000	3492.61200
3.85840	0.00000	3492.61200
3.86223	0.00000	3492.61200
3.86606	0.00000	3498.10800
3.86988	0.00000	3498.10800
3.87371	0.00000	3498.10800
3.87753	0.00000	3498.10800
3.88135	0.00000	3489.28500
3.88518	0.00000	3489.28500
3.88900	0.00000	3489.28500
3.89283	0.00000	3489.28500
3.89666	0.00000	3489.28500
3.90049	0.00000	3494.31800
3.90431	0.00000	3494.31800
3.90814	0.00000	3494.31800
3.91196	0.00000	3494.31800
3.91579	0.00000	3496.18600
3.91961	0.00000	3496.18600
3.92344	0.00000	3496.18600
3.92726	0.00000	3496.18600
3.93108	0.00000	3496.18600
3.93492	0.00000	3494.31800
3.93874	0.00000	3494.31800
3.94257	0.00000	3494.31800
3.94640	0.00000	3494.31800
3.95022	0.00000	3496.18600
3.95405	0.00000	3496.18600
3.95788	0.00000	3496.18600
3.96171	0.00000	3496.18600
3.96553	0.00000	3496.18600
3.96937	0.00000	3494.31800
3.97319	0.00000	3494.31800
3.97702	0.00000	3494.31800
3.98084	0.00000	3494.31800
3.98466	0.00000	3499.52200
3.98849	0.00000	3499.52200
3.99231	0.00000	3499.52200
3.99613	0.00000	3499.52200
3.99995	0.00000	3499.52200
4.00378	0.00000	3491.01200
4.00760	0.00000	3491.01200
4.01143	0.00000	3491.01200
4.01525	0.00000	3491.01200
4.01909	0.00000	3496.18600
4.02293	0.00000	3496.18600
4.02676	0.00000	3496.18600
4.03058	0.00000	3496.18600
4.03440	0.00000	3496.18600
4.03823	0.00000	3494.07600
4.04205	0.00000	3494.07600
4.04588	0.00000	3494.07600
4.04970	0.00000	3494.07600
4.05354	0.00000	3499.76100
4.05736	0.00000	3499.76100
4.06119	0.00000	3499.76100
4.06502	0.00000	3499.76100
4.06884	0.00000	3499.76100
4.07266	0.00000	3504.27300
4.07649	0.00000	3504.27300
4.08031	0.00000	3504.27300
4.08415	0.00000	3504.27300
4.08797	0.00000	3499.76100
4.09180	0.00000	3499.76100
4.09563	0.00000	3499.76100
4.09945	0.00000	3499.76100
4.10328	0.00000	3499.76100
4.10710	0.00000	3500.23700
4.11092	0.00000	3500.23700
4.11475	0.00000	3500.23700
4.11857	0.00000	3500.23700
4.12240	0.00000	3499.76100
4.12622	0.00000	3499.76100
4.13005	0.00000	3499.76100
4.13388	0.00000	3499.76100
4.13770	0.00000	3499.76100
4.14153	0.00000	3496.91000
4.14536	0.00000	3496.91000
4.14918	0.00000	3496.91000
4.15301	0.00000	3496.91000
4.15683	0.00000	3495.94400
4.16065	0.00000	3495.94400
4.16447	0.00000	3495.94400
4.16829	0.00000	3495.94400
4.17212	0.00000	3495.94400
4.17596	0.00000	3496.42800
4.17978	0.00000	3496.42800
4.18360	0.00000	3496.42800
4.18743	0.00000	3496.42800
4.19126	0.00000	3496.42800
4.19507	0.00000	3496.42800
4.19890	0.00000	3496.42800
4.20272	0.00000	3496.42800
4.20655	0.00000	3496.42800
4.21037	0.00000	3496.42800
4.21420	0.00000	3496.42800
4.21804	0.00000	3496.42800
4.22186	0.00000	3496.42800
4.22569	0.00000	3496.42800
4.22951	0.00000	3496.91000
4.23334	0.00000	3496.91000
4.23716	0.00000	3496.91000
4.24099	0.00000	3496.91000
4.24481	0.00000	3496.42800
4.24863	0.00000	3496.42800
4.25246	0.00000	3496.42800
4.25628	0.00000	3496.42800
4.26010	0.00000	3496.42800
4.26392	0.00000	3497.39000
4.26775	0.00000	3497.39000
4.27158	0.00000	3497.39000
4.27541	0.00000	3497.39000
4.27923	0.00000	3495.94400
4.28305	0.00000	3495.94400
4.28688	0.00000	3495.94400
4.29070	0.00000	3495.94400
4.29452	0.00000	3495.94400
4.29835	0.00000	3493.83300
4.30218	0.00000	3493.83300
4.30600	0.00000	3493.83300
4.30983	0.00000	3493.83300
4.31365	0.00000	3496.18600
4.31747	0.00000	3496.18600
4.32130	0.00000	3496.18600
4.32511	0.00000	3496.18600
4.32894	0.00000	3496.18600
4.33278	0.00000	3494.07600
4.33662	0.00000	3494.07600
4.34046	0.00000	3494.07600
4.34430	0.00000	3494.07600
4.34813	0.00000	3496.18600
4.35195	0.00000	3496.18600
4.35578	0.00000	3496.18600
4.35960	0.00000	3496.18600
4.36343	0.00000	3496.18600
4.36727	0.00000	3493.83300
4.37109	0.00000	3493.83300
4.37492	0.00000	3493.83300
4.37875	0.00000	3493.83300
4.38257	0.00000	3496.18600
4.38640	0.00000	3496.18600
4.39023	0.00000	3496.18600
4.39409	0.00000	3496.18600
4.39793	0.00000	3496.18600
4.40176	0.00000	3497.63000
4.40559	0.00000	3497.63000
4.40942	0.00000	3497.63000
4.41324	0.00000	3497.63000
4.41706	0.00000	3488.78800
4.42090	0.00000	3488.78800
4.42473	0.00000	3488.78800
4.42855	0.00000	3488.78800
4.43238	0.00000	3488.78800
4.43620	0.00000	3490.76600
4.44002	0.00000	3490.76600
4.44384	0.00000	3490.76600
4.44767	0.00000	3490.76600
4.45151	0.00000	3492.61200
4.45533	0.00000	3492.61200
4.45916	0.00000	3492.61200
4.46299	0.00000	3492.61200
4.46681	0.00000	3492.61200
4.47064	0.00000	3494.31800
4.47446	0.00000	3494.31800
4.47829	0.00000	3494.31800
4.48212	0.00000	3494.31800
4.48594	0.00000	3496.18600
4.48977	0.00000	3496.18600
4.49360	0.00000	3496.18600
4.49742	0.00000	3496.18600
4.50125	0.00000	3496.18600
4.50507	0.00000	3494.31800
4.50890	0.00000	3494.31800
4.51273	0.00000	3494.31800
4.51655	0.00000	3494.31800
4.52038	0.00000	3492.61200
4.52421	0.00000	3492.61200
4.52803	0.00000	3492.61200
4.53186	0.00000	3492.61200
4.53568	0.00000	3492.61200
4.53952	0.00000	3486.96600
4.54335	0.00000	3486.96600
4.54717	0.00000	3486.96600
4.55100	0.00000	3486.96600
4.55483	0.00000	3495.70200
4.55866	0.00000	3495.70200
4.56248	0.00000	3495.70200
4.56630	0.00000	3495.70200
4.57012	0.00000	3495.70200
4.57395	0.00000	3491.01200
4.57778	0.00000	3491.01200
4.58160	0.00000	3491.01200
4.58542	0.00000	3491.01200
4.58925	0.00000	3488.78800
4.59307	0.00000	3488.78800
4.59691	0.00000	3488.78800
4.60073	0.00000	3488.78800
4.60455	0.00000	3488.78800
4.60837	0.00000	3494.31800
4.61219	0.00000	3494.31800
4.61602	0.00000	3494.31800
4.61985	0.00000	3494.31800
4.62366	0.00000	3492.36600
4.62749	0.00000	3492.36600
4.63131	0.00000	3492.36600
4.63513	0.00000	3492.36600
4.63896	0.00000	3492.36600
4.64278	0.00000	3490.52100
4.64661	0.00000	3490.52100
4.65043	0.00000	3490.52100
4.65425	0.00000	3490.52100
4.65808	0.00000	3488.53800
4.66191	0.00000	3488.53800
4.66574	0.00000	3488.53800
4.66957	0.00000	3488.53800
4.67340	0.00000	3488.53800
4.67722	0.00000	3490.52100
4.68104	0.00000	3490.52100
4.68487	0.00000	3490.52100
4.68870	0.00000	3490.52100
4.69251	0.00000	3484.95700
4.69634	0.00000	3484.95700
4.70017	0.00000	3484.95700
4.70400	0.00000	3484.95700
4.70783	0.00000	3484.95700
4.71166	0.00000	3490.76600
4.71549	0.00000	3490.76600
4.71931	0.00000	3490.76600
4.72314	0.00000	3490.76600
4.72697	0.00000	3492.36600
4.73081	0.00000	3492.36600
4.73463	0.00000	3492.36600
4.73846	0.00000	3492.36600
4.74229	0.00000	3492.36600
4.74611	0.00000	3494.07600
4.74994	0.00000	3494.07600
4.75376	0.00000	3494.07600
4.75758	0.00000	3494.07600
4.76141	0.00000	3492.61200
4.76524	0.00000	3492.61200
4.76906	0.00000	3492.61200
4.77289	0.00000	3492.61200
4.77672	0.00000	3492.61200
4.78055	0.00000	3494.07600
4.78437	0.00000	3494.07600
4.78819	0.00000	3494.07600
4.79201	0.00000	3494.07600
4.79583	0.00000	3489.03700
4.79967	0.00000	3489.03700
4.80350	0.00000	3489.03700
4.80733	0.00000	3489.03700
4.81115	0.00000	3489.03700
4.81498	0.00000	3494.31800
4.81881	0.00000	3494.31800
4.82264	0.00000	3494.31800
4.82646	0.00000	3494.31800
4.83029	0.00000	3492.85700
4.83412	0.00000	3492.85700
4.83794	0.00000	3492.85700
4.84176	0.00000	3492.85700
4.84559	0.00000	3492.85700
4.84942	0.00000	3494.07600
4.85325	0.00000	3494.07600
4.85708	0.00000	3494.07600
4.86090	0.00000	3494.07600
4.86473	0.00000	3492.36600
4.86856	0.00000	3492.36600
4.87238	0.00000	3492.36600
4.87620	0.00000	3492.36600
4.88003	0.00000	3492.36600
4.88385	0.00000	3486.96600
4.88768	0.00000	3486.96600
4.89151	0.00000	3486.96600
4.89533	0.00000	3486.96600
4.89915	0.00000	3499.52200
4.90298	0.00000	3499.52200
4.90680	0.00000	3499.52200
4.91064	0.00000	3499.52200
4.91447	0.00000	3499.52200
4.91830	0.00000	3494.31800
4.92212	0.00000	3494.31800
4.92595	0.00000	3494.31800
4.92979	0.00000	3494.31800
4.93361	0.00000	3496.18600
4.93745	0.00000	3496.18600
4.94127	0.00000	3496.18600
4.94510	0.00000	3496.18600
4.94895	0.00000	3496.18600
4.95277	0.00000	3493.58900
4.95659	0.00000	3493.58900
4.96041	0.00000	3493.58900
4.96424	0.00000	3493.58900
4.96806	0.00000	3495.94400
4.97188	0.00000	3495.94400
4.97571	0.00000	3495.94400
4.97954	0.00000	3495.94400
4.98336	0.00000	3495.94400
4.98718	0.00000	3493.83300
4.99102	0.00000	3493.83300
4.99484	0.00000	3493.83300
4.99867	0.00000	3493.83300
5.00301	0.00000	3492.61200
5.00689	0.00000	3492.61200
5.01074	0.00000	3492.61200
5.01460	0.00000	3492.61200
5.01846	0.00000	3492.61200
5.02230	0.00000	3501.89000
5.02614	0.00000	3501.89000
5.02997	0.00000	3501.89000
5.03386	0.00000	3501.89000
5.03771	0.00000	3595.50500
5.04156	0.00000	3595.50500
5.04539	0.00000	3595.50500
5.04923	0.00000	3595.50500
5.05305	0.00000	3595.50500
5.05689	0.00000	3705.60100
5.06072	0.00000	3705.60100
5.06455	0.00000	3705.60100
5.06838	0.00000	3705.60100
5.07222	0.00000	3705.60100
5.07606	0.00000	3803.71500
5.07991	0.00000	3803.71500
5.08375	0.00000	3803.71500
5.08759	0.00000	3803.71500
5.09142	0.00000	3803.71500
5.09526	0.00000	3882.27500
5.09909	0.00000	3882.27500
5.10292	0.00000	3882.27500
5.10675	0.00000	3882.27500
5.11058	0.00000	3950.48200
5.11440	0.00000	3950.48200
5.11824	0.00000	3950.48200
5.12207	0.00000	3950.48200
5.12589	0.00000	3950.48200
5.12972	0.00000	4000.65100
5.13355	0.00000	4000.65100
5.13738	0.00000	4000.65100
5.14121	0.00000	4000.65100
5.14504	0.00000	4000.65100
5.14888	0.00000	4055.53100
5.15270	0.00000	4055.53100
5.15654	0.00000	4055.53100
5.16036	0.00000	4055.53100
5.16420	0.00000	4055.53100
5.16803	0.00000	4103.05300
5.17185	0.00000	4103.05300
5.17568	0.00000	4103.05300
5.17952	0.00000	4103.05300
5.18335	0.00000	4103.05300
5.18718	0.00000	4103.05300
5.19101	0.00000	4135.10100
5.19484	0.00000	4135.10100
5.19868	0.00000	4135.10100
5.20251	0.00000	4135.10100
5.20635	0.00000	4135.10100
5.21018	0.00000	4160.74400
5.21401	0.00000	4160.74400
5.21785	0.00000	4160.74400
5.22169	0.00000	4160.74400
5.22552	0.00000	4160.74400
5.22935	0.00000	4183.65200
5.23318	0.00000	4183.65200
5.23701	0.00000	4183.65200
5.24085	0.00000	4183.65200
5.24470	0.00000	4183.65200
5.24854	0.00000	4206.33200
5.25238	0.00000	4206.33200
5.25621	0.00000	4206.33200
5.26004	0.00000	4206.33200
5.26387	0.00000	4206.33200
5.26770	0.00000	4232.27500
5.27154	0.00000	4232.27500
5.27537	0.00000	4232.27500
5.27921	0.00000	4232.27500
5.28303	0.00000	4232.27500
5.28687	0.00000	4249.17800
5.29071	0.00000	4249.17800
5.29454	0.00000	4249.17800
5.29837	0.00000	4249.17800
5.30220	0.00000	4249.17800
5.30603	0.00000	4249.17800
5.30986	0.00000	4264.70600
5.31369	0.00000	4264.70600
5.31753	0.00000	4264.70600
5.32136	0.00000	4264.70600
5.32519	0.00000	4264.70600
5.32902	0.00000	4274.32500
5.33288	0.00000	4274.32500
5.33672	0.00000	4274.32500
5.34056	0.00000	4274.32500
5.34440	0.00000	4274.32500
5.34824	0.00000	4285.27700
5.35208	0.00000	4285.27700
5.35592	0.00000	4285.27700
5.35976	0.00000	4285.27700
5.36361	0.00000	4285.27700
5.36744	0.00000	4278.72800
5.37126	0.00000	4278.72800
5.37509	0.00000	4278.72800
5.37893	0.00000	4278.72800
5.38277	0.00000	4278.72800
5.38660	0.00000	4299.22700
5.39042	0.00000	4299.22700
5.39426	0.00000	4299.22700
5.39809	0.00000	4299.22700
5.40193	0.00000	4299.22700
5.40576	0.00000	4299.22700
5.40959	0.00000	4306.11800
5.41343	0.00000	4306.11800
5.41726	0.00000	4306.11800
5.42109	0.00000	4306.11800
5.42494	0.00000	4306.11800
5.42877	0.00000	4306.56900
5.43260	0.00000	4306.56900
5.43642	0.00000	4306.56900
5.44025	0.00000	4306.56900
5.44409	0.00000	4306.56900
5.44792	0.00000	4309.61100
5.45177	0.00000	4309.61100
5.45559	0.00000	4309.61100
5.45943	0.00000	4309.61100
5.46326	0.00000	4309.61100
5.46708	0.00000	4318.27400
5.47091	0.00000	4318.27400
5.47474	0.00000	4318.27400
5.47857	0.00000	4318.27400
5.48240	0.00000	4318.27400
5.48623	0.00000	4318.27400
5.49006	0.00000	4319.92700
5.49389	0.00000	4319.92700
5.49773	0.00000	4319.92700
5.50156	0.00000	4319.92700
5.50539	0.00000	4319.92700
5.50922	0.00000	4315.23500
5.51304	0.00000	4315.23500
5.51687	0.00000	4315.23500
5.52070	0.00000	4315.23500
5.52454	0.00000	4315.23500
5.52837	0.00000	4332.05300
5.53222	0.00000	4332.05300
5.53605	0.00000	4332.05300
5.53988	0.00000	4332.05300
5.54371	0.00000	4332.05300
5.54754	0.00000	4332.05300
5.55137	0.00000	4325.30100
5.55520	0.00000	4325.30100
5.55902	0.00000	4325.30100
5.56286	0.00000	4325.30100
5.56668	0.00000	4325.30100
5.57051	0.00000	4329.02200
5.57433	0.00000	4329.02200
5.57816	0.00000	4329.02200
5.58199	0.00000	4329.02200
5.58582	0.00000	4329.02200
5.58966	0.00000	4327.62100
5.59349	0.00000	4327.62100
5.59731	0.00000	4327.62100
5.60111	0.00000	4327.62100
5.60495	0.00000	4327.62100
5.60877	0.00000	4328.55400
5.61260	0.00000	4328.55400
5.61642	0.00000	4328.55400
5.62025	0.00000	4328.55400
5.62408	0.00000	4328.55400
5.62791	0.00000	4328.55400
5.63173	0.00000	4331.58300
5.63556	0.00000	4331.58300
5.63940	0.00000	4331.58300
5.64323	0.00000	4331.58300
5.64706	0.00000	4331.58300
5.65088	0.00000	4323.42200
5.65471	0.00000	4323.42200
5.65854	0.00000	4323.42200
5.66237	0.00000	4323.42200
5.66620	0.00000	4323.42200
5.67004	0.00000	4331.11400
5.67386	0.00000	4331.11400
5.67770	0.00000	4331.11400
5.68153	0.00000	4331.11400
5.68536	0.00000	4331.11400
5.68920	0.00000	4331.11400
5.69303	0.00000	4327.84900
5.69686	0.00000	4327.84900
5.70069	0.00000	4327.84900
5.70452	0.00000	4327.84900
5.70835	0.00000	4327.84900
5.71218	0.00000	4325.99000
5.71602	0.00000	4325.99000
5.71985	0.00000	4325.99000
5.72368	0.00000	4325.99000
5.72752	0.00000	4325.99000
5.73134	0.00000	4328.55400
5.73518	0.00000	4328.55400
5.73902	0.00000	4328.55400
5.74285	0.00000	4328.55400
5.74668	0.00000	4328.55400
5.75051	0.00000	4328.55400
5.75434	0.00000	4333.19800
5.75817	0.00000	4333.19800
5.76200	0.00000	4333.19800
5.76583	0.00000	4333.19800
5.76966	0.00000	4333.19800
5.77350	0.00000	4328.08700
5.77732	0.00000	4328.08700
5.78111	0.00000	4328.08700
5.78494	0.00000	4328.08700
5.78877	0.00000	4328.08700
5.79261	0.00000	4334.61200
5.79644	0.00000	4334.61200
5.80027	0.00000	4334.61200
5.80410	0.00000	4334.61200
5.80793	0.00000	4334.61200
5.81176	0.00000	4334.61200
5.81562	0.00000	4334.61200
5.81945	0.00000	4334.61200
5.82328	0.00000	4334.61200
5.82710	0.00000	4334.61200
5.83094	0.00000	4334.61200
5.83478	0.00000	4334.33700
5.83860	0.00000	4334.33700
5.84244	0.00000	4334.33700
5.84627	0.00000	4334.33700
5.85011	0.00000	4334.33700
5.85394	0.00000	4340.19400
5.85777	0.00000	4340.19400
5.86160	0.00000	4340.19400
5.86543	0.00000	4340.19400
5.86927	0.00000	4340.19400
5.87309	0.00000	4333.66900
5.87694	0.00000	4333.66900
5.88077	0.00000	4333.66900
5.88460	0.00000	4333.66900
5.88843	0.00000	4333.66900
5.89226	0.00000	4333.66900
5.89609	0.00000	4328.77800
5.89991	0.00000	4328.77800
5.90375	0.00000	4328.77800
5.90758	0.00000	4328.77800
5.91141	0.00000	4328.77800
5.91525	0.00000	4334.61200
5.91908	0.00000	4334.61200
5.92291	0.00000	4334.61200
5.92674	0.00000	4334.61200
5.93057	0.00000	4334.61200
5.93440	0.00000	4345.76600
5.93823	0.00000	4345.76600
5.94207	0.00000	4345.76600
5.94590	0.00000	4345.76600
5.94973	0.00000	4345.76600
5.95357	0.00000	4337.16700
5.95739	0.00000	4337.16700
5.96122	0.00000	4337.16700
5.96505	0.00000	4337.16700
5.96888	0.00000	4337.16700
5.97271	0.00000	4337.16700
5.97653	0.00000	4341.31100
5.98036	0.00000	4341.31100
5.98419	0.00000	4341.31100
5.98802	0.00000	4341.31100
5.99185	0.00000	4341.31100
5.99569	0.00000	4339.24200
5.99952	0.00000	4339.24200
6.00335	0.00000	4339.24200
6.00718	0.00000	4339.24200
6.01101	0.00000	4339.24200
6.01484	0.00000	4336.69300
6.01868	0.00000	4336.69300
6.02251	0.00000	4336.69300
6.02634	0.00000	4336.69300
6.03017	0.00000	4336.69300
6.03400	0.00000	4336.69300
6.03783	0.00000	4342.42200
6.04167	0.00000	4342.42200
6.04550	0.00000	4342.42200
6.04934	0.00000	4342.42200
6.05317	0.00000	4342.42200
6.05700	0.00000	4339.24200
6.06083	0.00000	4339.24200
6.06466	0.00000	4339.24200
6.06850	0.00000	4339.24200
6.07234	0.00000	4339.24200
6.07617	0.00000	4337.16700
6.08000	0.00000	4337.16700
6.08384	0.00000	4337.16700
6.08766	0.00000	4337.16700
6.09150	0.00000	4337.16700
6.09533	0.00000	4337.16700
6.09916	0.00000	4345.90600
6.10299	0.00000	4345.90600
6.10682	0.00000	4345.90600
6.11065	0.00000	4345.90600
6.11448	0.00000	4345.90600
6.11832	0.00000	4339.24200
6.12215	0.00000	4339.24200
6.12598	0.00000	4339.24200
6.12981	0.00000	4339.24200
6.13364	0.00000	4339.24200
6.13747	0.00000	4339.24200
6.14130	0.00000	4339.24200
6.14511	0.00000	4339.24200
6.14894	0.00000	4339.24200
6.15277	0.00000	4339.24200
6.15660	0.00000	4341.78700
6.16042	0.00000	4341.78700
6.16425	0.00000	4341.78700
6.16808	0.00000	4341.78700
6.17191	0.00000	4341.78700
6.17574	0.00000	4341.78700
6.17957	0.00000	4341.31100
6.18340	0.00000	4341.31100
6.18725	0.00000	4341.31100
6.19108	0.00000	4341.31100
6.19491	0.00000	4341.31100
6.19874	0.00000	4339.24200
6.20258	0.00000	4339.24200
6.20641	0.00000	4339.24200
6.21024	0.00000	4339.24200
6.21406	0.00000	4339.24200
6.21790	0.00000	4342.26400
6.22174	0.00000	4342.26400
6.22557	0.00000	4342.26400
6.22940	0.00000	4342.26400
6.23324	0.00000	4342.26400
6.23707	0.00000	4342.26400
6.24091	0.00000	4335.93700
6.24475	0.00000	4335.93700
6.24858	0.00000	4335.93700
6.25240	0.00000	4335.93700
6.25624	0.00000	4335.93700
6.26007	0.00000	4342.26400
6.26390	0.00000	4342.26400
6.26773	0.00000	4342.26400
6.27156	0.00000	4342.26400
6.27539	0.00000	4342.26400
6.27922	0.00000	4344.80600
6.28305	0.00000	4344.80600
6.28688	0.00000	4344.80600
6.29072	0.00000	4344.80600
6.29455	0.00000	4344.80600
6.29839	0.00000	4344.80600
6.30222	0.00000	4337.82200
6.30605	0.00000	4337.82200
6.30988	0.00000	4337.82200
6.31371	0.00000	4337.82200
6.31754	0.00000	4337.82200
6.32137	0.00000	4341.78700
6.32520	0.00000	4341.78700
6.32903	0.00000	4341.78700
6.33286	0.00000	4341.78700
6.33669	0.00000	4341.78700
6.34052	0.00000	4348.30700
6.34435	0.00000	4348.30700
6.34818	0.00000	4348.30700
6.35201	0.00000	4348.30700
6.35584	0.00000	4348.30700
6.35967	0.00000	4338.76800
6.36350	0.00000	4338.76800
6.36733	0.00000	4338.76800
6.37116	0.00000	4338.76800
6.37499	0.00000	4338.76800
6.37882	0.00000	4338.76800
6.38265	0.00000	4344.80600
6.38648	0.00000	4344.80600
6.39031	0.00000	4344.80600
6.39414	0.00000	4344.80600
6.39797	0.00000	4344.80600
6.40180	0.00000	4342.26400
6.40563	0.00000	4342.26400
6.40947	0.00000	4342.26400
6.41330	0.00000	4342.26400
6.41711	0.00000	4342.26400
6.42094	0.00000	4339.71800
6.42478	0.00000	4339.71800
6.42861	0.00000	4339.71800
6.43244	0.00000	4339.71800
6.43627	0.00000	4339.71800
6.44010	0.00000	4339.71800
6.44393	0.00000	4341.94700
6.44776	0.00000	4341.94700
6.45159	0.00000	4341.94700
6.45542	0.00000	4341.94700
6.45926	0.00000	4341.94700
6.46309	0.00000	4344.80600
6.46692	0.00000	4344.80600
6.47075	0.00000	4344.80600
6.47458	0.00000	4344.80600
6.47841	0.00000	4344.80600
6.48224	0.00000	4345.76600
6.48607	0.00000	4345.76600
6.48991	0.00000	4345.76600
6.49375	0.00000	4345.76600
6.49758	0.00000	4345.76600
6.50140	0.00000	4345.76600
6.50523	0.00000	4344.47500
6.50906	0.00000	4344.47500
6.51290	0.00000	4344.47500
6.51673	0.00000	4344.47500
6.52056	0.00000	4344.47500
6.52439	0.00000	4342.26400
6.52822	0.00000	4342.26400
6.53205	0.00000	4342.26400
6.53588	0.00000	4342.26400
6.53971	0.00000	4342.26400
6.54354	0.00000	4341.78700
6.54737	0.00000	4341.78700
6.55119	0.00000	4341.78700
6.55502	0.00000	4341.78700
6.55885	0.00000	4341.78700
6.56267	0.00000	4344.80600
6.56650	0.00000	4344.80600
6.57034	0.00000	4344.80600
6.57417	0.00000	4344.80600
6.57799	0.00000	4344.80600
6.58183	0.00000	4344.80600
6.58565	0.00000	4344.80600
6.58948	0.00000	4344.80600
6.59332	0.00000	4344.80600
6.59711	0.00000	4344.80600
6.60094	0.00000	4344.80600
6.60477	0.00000	4348.30700
6.60861	0.00000	4348.30700
6.61246	0.00000	4348.30700
6.61629	0.00000	4348.30700
6.62012	0.00000	4348.30700
6.62395	0.00000	4339.24200
6.62778	0.00000	4339.24200
6.63162	0.00000	4339.24200
6.63545	0.00000	4339.24200
6.63927	0.00000	4339.24200
6.64311	0.00000	4339.24200
6.64693	0.00000	4342.42200
6.65077	0.00000	4342.42200
6.65460	0.00000	4342.42200
6.65844	0.00000	4342.42200
6.66227	0.00000	4342.42200
6.66610	0.00000	4341.78700
6.66993	0.00000	4341.78700
6.67376	0.00000	4341.78700
6.67759	0.00000	4341.78700
6.68142	0.00000	4341.78700
6.68525	0.00000	4344.80600
6.68908	0.00000	4344.80600
6.69292	0.00000	4344.80600
6.69675	0.00000	4344.80600
6.70058	0.00000	4344.80600
6.70442	0.00000	4344.80600
6.70825	0.00000	4344.00000
6.71208	0.00000	4344.00000
6.71592	0.00000	4344.00000
6.71975	0.00000	4344.00000
6.72357	0.00000	4344.00000
6.72740	0.00000	4339.71800
6.73123	0.00000	4339.71800
6.73506	0.00000	4339.71800
6.73889	0.00000	4339.71800
6.74272	0.00000	4339.71800
6.74655	0.00000	4344.80600
6.75040	0.00000	4344.80600
6.75423	0.00000	4344.80600
6.75806	0.00000	4344.80600
6.76188	0.00000	4344.80600
6.76571	0.00000	4344.80600
6.76954	0.00000	4343.85000
6.77337	0.00000	4343.85000
6.77720	0.00000	4343.85000
6.78104	0.00000	4343.85000
6.78487	0.00000	4343.85000
6.78869	0.00000	4344.80600
6.79253	0.00000	4344.80600
6.79637	0.00000	4344.80600
6.80020	0.00000	4344.80600
6.80404	0.00000	4344.80600
6.80787	0.00000	4339.24200
6.81170	0.00000	4339.24200
6.81552	0.00000	4339.24200
6.81936	0.00000	4339.24200
6.82319	0.00000	4339.24200
6.82702	0.00000	4344.80600
6.83085	0.00000	4344.80600
6.83468	0.00000	4344.80600
6.83852	0.00000	4344.80600
6.84236	0.00000	4344.80600
6.84619	0.00000	4344.80600
6.85002	0.00000	4343.85000
6.85385	0.00000	4343.85000
6.85769	0.00000	4343.85000
6.86152	0.00000	4343.85000
6.86535	0.00000	4343.85000
6.86919	0.00000	4336.69300
6.87302	0.00000	4336.69300
6.87686	0.00000	4336.69300
6.88068	0.00000	4336.69300
6.88451	0.00000	4336.69300
6.88833	0.00000	4347.82600
6.89218	0.00000	4347.82600
6.89600	0.00000	4347.82600
6.89983	0.00000	4347.82600
6.90367	0.00000	4347.82600
6.90750	0.00000	4347.82600
6.91132	0.00000	4347.47800
6.91516	0.00000	4347.47800
6.91900	0.00000	4347.47800
6.92283	0.00000	4347.47800
6.92666	0.00000	4347.47800
6.93049	0.00000	4345.28600
6.93433	0.00000	4345.28600
6.93816	0.00000	4345.28600
6.94200	0.00000	4345.28600
6.94583	0.00000	4345.28600
6.94966	0.00000	4341.78700
6.95349	0.00000	4341.78700
6.95732	0.00000	4341.78700
6.96111	0.00000	4341.78700
6.96495	0.00000	4341.78700
6.96877	0.00000	4341.78700
6.97261	0.00000	4345.42800
6.97644	0.00000	4345.42800
6.98027	0.00000	4345.42800
6.98409	0.00000	4345.42800
6.98793	0.00000	4345.42800
6.99176	0.00000	4345.28600
6.99559	0.00000	4345.28600
6.99942	0.00000	4345.28600
7.00325	0.00000	4345.28600
7.00708	0.00000	4345.28600
7.01092	0.00000	4342.74100
7.01474	0.00000	4342.74100
7.01858	0.00000	4342.74100
7.02240	0.00000	4342.74100
7.02624	0.00000	4342.74100
7.03007	0.00000	4345.28600
7.03390	0.00000	4345.28600
7.03772	0.00000	4345.28600
7.04155	0.00000	4345.28600
7.04538	0.00000	4345.28600
7.04920	0.00000	4345.28600
7.05304	0.00000	4346.86400
7.05687	0.00000	4346.86400
7.06070	0.00000	4346.86400
7.06452	0.00000	4346.86400
7.06836	0.00000	4346.86400
7.07219	0.00000	4347.82600
7.07602	0.00000	4347.82600
7.07985	0.00000	4347.82600
7.08368	0.00000	4347.82600
7.08751	0.00000	4347.82600
7.09134	0.00000	4344.80600
7.09518	0.00000	4344.80600
7.09900	0.00000	4344.80600
7.10283	0.00000	4344.80600
7.10668	0.00000	4344.80600
7.11050	0.00000	4344.80600
7.11434	0.00000	4344.95200
7.11817	0.00000	4344.95200
7.12201	0.00000	4344.95200
7.12584	0.00000	4344.95200
7.12967	0.00000	4344.95200
7.13351	0.00000	4342.74100
7.13734	0.00000	4342.74100
7.14117	0.00000	4342.74100
7.14500	0.00000	4342.74100
7.14882	0.00000	4342.74100
7.15266	0.00000	4348.30700
7.15649	0.00000	4348.30700
7.16032	0.00000	4348.30700
7.16415	0.00000	4348.30700
7.16798	0.00000	4348.30700
7.17181	0.00000	4348.30700
7.17563	0.00000	4344.47500
7.17946	0.00000	4344.47500
7.18329	0.00000	4344.47500
7.18712	0.00000	4344.47500
7.19095	0.00000	4344.47500
7.19478	0.00000	4344.80600
7.19861	0.00000	4344.80600
7.20243	0.00000	4344.80600
7.20626	0.00000	4344.80600
7.21010	0.00000	4344.80600
7.21393	0.00000	4347.82600
7.21776	0.00000	4347.82600
7.22159	0.00000	4347.82600
7.22542	0.00000	4347.82600
7.22925	0.00000	4347.82600
7.23308	0.00000	4347.82600
7.23692	0.00000	4337.82200
7.24075	0.00000	4337.82200
7.24458	0.00000	4337.82200
7.24841	0.00000	4337.82200
7.25224	0.00000	4337.82200
7.25607	0.00000	4342.74100
7.25990	0.00000	4342.74100
7.26373	0.00000	4342.74100
7.26756	0.00000	4342.74100
7.27139	0.00000	4342.74100
7.27522	0.00000	4344.80600
7.27905	0.00000	4344.80600
7.28289	0.00000	4344.80600
7.28671	0.00000	4344.80600
7.29054	0.00000	4344.80600
7.29438	0.00000	4342.26400
7.29822	0.00000	4342.26400
7.30205	0.00000	4342.26400
7.30588	0.00000	4342.26400
7.30972	0.00000	4342.26400
7.31355	0.00000	4342.26400
7.31737	0.00000	4341.94700
7.32120	0.00000	4341.94700
7.32504	0.00000	4341.94700
7.32887	0.00000	4341.94700
7.33271	0.00000	4341.94700
7.33658	0.00000	4339.24200
7.34041	0.00000	4339.24200
7.34423	0.00000	4339.24200
7.34806	0.00000	4339.24200
7.35189	0.00000	4339.24200
7.35573	0.00000	4342.26400
7.35955	0.00000	4342.26400
7.36339	0.00000	4342.26400
7.36722	0.00000	4342.26400
7.37105	0.00000	4342.26400
7.37488	0.00000	4342.26400
7.37871	0.00000	4341.47300
7.38255	0.00000	4341.47300
7.38639	0.00000	4341.47300
7.39021	0.00000	4341.47300
7.39404	0.00000	4341.47300
7.39787	0.00000	4336.69300
7.40171	0.00000	4336.69300
7.40554	0.00000	4336.69300
7.40938	0.00000	4336.69300
7.41321	0.00000	4336.69300
7.41704	0.00000	4337.16700
7.42087	0.00000	4337.16700
7.42470	0.00000	4337.16700
7.42853	0.00000	4337.16700
7.43236	0.00000	4337.16700
7.43620	0.00000	4333.66900
7.44002	0.00000	4333.66900
7.44385	0.00000	4333.66900
7.44768	0.00000	4333.66900
7.45151	0.00000	4333.66900
7.45534	0.00000	4333.66900
7.45917	0.00000	4341.78700
7.46301	0.00000	4341.78700
7.46684	0.00000	4341.78700
7.47067	0.00000	4341.78700
7.47450	0.00000	4341.78700
7.47833	0.00000	4336.69300
7.48216	0.00000	4336.69300
7.48600	0.00000	4336.69300
7.48983	0.00000	4336.69300
7.49366	0.00000	4336.69300
7.49749	0.00000	4345.76600
7.50133	0.00000	4345.76600
7.50516	0.00000	4345.76600
7.50898	0.00000	4345.76600
7.51282	0.00000	4345.76600
7.51665	0.00000	4345.76600
7.52048	0.00000	4330.85900
7.52431	0.00000	4330.85900
7.52814	0.00000	4330.85900
7.53198	0.00000	4330.85900
7.53581	0.00000	4330.85900
7.53964	0.00000	4342.74100
7.54347	0.00000	4342.74100
7.54731	0.00000	4342.74100
7.55114	0.00000	4342.74100
7.55497	0.00000	4342.74100
7.55880	0.00000	4333.66900
7.56265	0.00000	4333.66900
7.56648	0.00000	4333.66900
7.57030	0.00000	4333.66900
7.57413	0.00000	4333.66900
7.57796	0.00000	4333.66900
7.58179	0.00000	4341.94700
7.58562	0.00000	4341.94700
7.58945	0.00000	4341.94700
7.59328	0.00000	4341.94700
7.59711	0.00000	4341.94700
7.60094	0.00000	4337.16700
7.60477	0.00000	4337.16700
7.60860	0.00000	4337.16700
7.61244	0.00000	4337.16700
7.61627	0.00000	4337.16700
7.62010	0.00000	4334.14000
7.62393	0.00000	4334.14000
7.62777	0.00000	4334.14000
7.63160	0.00000	4334.14000
7.63543	0.00000	4334.14000
7.63926	0.00000	4334.61200
7.64310	0.00000	4334.61200
7.64693	0.00000	4334.61200
7.65077	0.00000	4334.61200
7.65461	0.00000	4334.61200
7.65845	0.00000	4334.61200
7.66228	0.00000	4341.31100
7.66612	0.00000	4341.31100
7.66995	0.00000	4341.31100
7.67379	0.00000	4341.31100
7.67761	0.00000	4341.31100
7.68144	0.00000	4334.14000
7.68527	0.00000	4334.14000
7.68910	0.00000	4334.14000
7.69293	0.00000	4334.14000
7.69677	0.00000	4334.14000
7.70060	0.00000	4343.22000
7.70443	0.00000	4343.22000
7.70826	0.00000	4343.22000
7.71210	0.00000	4343.22000
7.71593	0.00000	4343.22000
7.71976	0.00000	4343.22000
7.72359	0.00000	4341.94700
7.72743	0.00000	4341.94700
7.73126	0.00000	4341.94700
7.73509	0.00000	4341.94700
7.73892	0.00000	4341.94700
7.74276	0.00000	4331.58300
7.74659	0.00000	4331.58300
7.75042	0.00000	4331.58300
7.75426	0.00000	4331.58300
7.75809	0.00000	4331.58300
7.76192	0.00000	4339.24200
7.76575	0.00000	4339.24200
7.76959	0.00000	4339.24200
7.77342	0.00000	4339.24200
7.77725	0.00000	4339.24200
7.78107	0.00000	4339.24200
7.78490	0.00000	4332.72900
7.78874	0.00000	4332.72900
7.79256	0.00000	4332.72900
7.79639	0.00000	4332.72900
7.80022	0.00000	4332.72900
7.80405	0.00000	4336.69300
7.80788	0.00000	4336.69300
7.81171	0.00000	4336.69300
7.81554	0.00000	4336.69300
7.81937	0.00000	4336.69300
7.82321	0.00000	4331.11400
7.82704	0.00000	4331.11400
7.83089	0.00000	4331.11400
7.83471	0.00000	4331.11400
7.83854	0.00000	4331.11400
7.84237	0.00000	4334.14000
7.84622	0.00000	4334.14000
7.85005	0.00000	4334.14000
7.85388	0.00000	4334.14000
7.85772	0.00000	4334.14000
7.86155	0.00000	4334.14000
7.86539	0.00000	4339.88700
7.86922	0.00000	4339.88700
7.87304	0.00000	4339.88700
7.87687	0.00000	4339.88700
7.88071	0.00000	4339.88700
7.88454	0.00000	4339.71800
7.88836	0.00000	4339.71800
7.89219	0.00000	4339.71800
7.89603	0.00000	4339.71800
7.89986	0.00000	4339.71800
7.90370	0.00000	4339.71800
7.90753	0.00000	4339.71800
7.91136	0.00000	4339.71800
7.91518	0.00000	4339.71800
7.91902	0.00000	4339.71800
7.92285	0.00000	4339.71800
7.92668	0.00000	4336.87800
7.93051	0.00000	4336.87800
7.93434	0.00000	4336.87800
7.93817	0.00000	4336.87800
7.94201	0.00000	4336.87800
7.94584	0.00000	4334.61200
7.94968	0.00000	4334.61200
7.95351	0.00000	4334.61200
7.95734	0.00000	4334.61200
7.96117	0.00000	4334.61200
7.96501	0.00000	4331.58300
7.96883	0.00000	4331.58300
7.97266	0.00000	4331.58300
7.97649	0.00000	4331.58300
7.98032	0.00000	4331.58300
7.98417	0.00000	4336.69300
7.98801	0.00000	4336.69300
7.99184	0.00000	4336.69300
7.99567	0.00000	4336.69300
7.99950	0.00000	4336.69300
8.00333	0.00000	4336.69300
8.00716	0.00000	4326.69100
8.01100	0.00000	4326.69100
8.01483	0.00000	4326.69100
8.01866	0.00000	4326.69100
8.02249	0.00000	4326.69100
8.02632	0.00000	4329.49000
8.03015	0.00000	4329.49000
8.03397	0.00000	4329.49000
8.03780	0.00000	4329.49000
8.04163	0.00000	4329.49000
8.04547	0.00000	4331.11400
8.04930	0.00000	4331.11400
8.05311	0.00000	4331.11400
8.05694	0.00000	4331.11400
8.06076	0.00000	4331.11400
8.06460	0.00000	4331.11400
8.06842	0.00000	4335.93700
8.07227	0.00000	4335.93700
8.07610	0.00000	4335.93700
8.07993	0.00000	4335.93700
8.08376	0.00000	4335.93700
8.08760	0.00000	4328.55400
8.09143	0.00000	4328.55400
8.09526	0.00000	4328.55400
8.09910	0.00000	4328.55400
8.10294	0.00000	4328.55400
8.10676	0.00000	4328.08700
8.11059	0.00000	4328.08700
8.11443	0.00000	4328.08700
8.11826	0.00000	4328.08700
8.12209	0.00000	4328.08700
8.12593	0.00000	4323.88600
8.12975	0.00000	4323.88600
8.13359	0.00000	4323.88600
8.13742	0.00000	4323.88600
8.14125	0.00000	4323.88600
8.14509	0.00000	4323.88600
8.14893	0.00000	4325.99000
8.15276	0.00000	4325.99000
8.15658	0.00000	4325.99000
8.16042	0.00000	4325.99000
8.16425	0.00000	4325.99000
8.16808	0.00000	4322.95800
8.17192	0.00000	4322.95800
8.17574	0.00000	4322.95800
8.17958	0.00000	4322.95800
8.18341	0.00000	4322.95800
8.18724	0.00000	4325.52500
8.19107	0.00000	4325.52500
8.19490	0.00000	4325.52500
8.19872	0.00000	4325.52500
8.20255	0.00000	4325.52500
8.20637	0.00000	4325.52500
8.21020	0.00000	4330.39300
8.21403	0.00000	4330.39300
8.21786	0.00000	4330.39300
8.22169	0.00000	4330.39300
8.22552	0.00000	4330.39300
8.22936	0.00000	4331.58300
8.23318	0.00000	4331.58300
8.23701	0.00000	4331.58300
8.24084	0.00000	4331.58300
8.24468	0.00000	4331.58300
8.24851	0.00000	4329.02200
8.25235	0.00000	4329.02200
8.25618	0.00000	4329.02200
8.26001	0.00000	4329.02200
8.26384	0.00000	4329.02200
8.26767	0.00000	4322.49600
8.27150	0.00000	4322.49600
8.27534	0.00000	4322.49600
8.27917	0.00000	4322.49600
8.28299	0.00000	4322.49600
8.28683	0.00000	4322.49600
8.29066	0.00000	4328.08700
8.29450	0.00000	4328.08700
8.29833	0.00000	4328.08700
8.30216	0.00000	4328.08700
8.30599	0.00000	4328.08700
8.30982	0.00000	4328.55400
8.31364	0.00000	4328.55400
8.31747	0.00000	4328.55400
8.32130	0.00000	4328.55400
8.32511	0.00000	4328.55400
8.32894	0.00000	4325.52500
8.33278	0.00000	4325.52500
8.33665	0.00000	4325.52500
8.34050	0.00000	4325.52500
8.34434	0.00000	4325.52500
8.34817	0.00000	4325.52500
8.35200	0.00000	4316.72000
8.35583	0.00000	4316.72000
8.35966	0.00000	4316.72000
8.36349	0.00000	4316.72000
8.36732	0.00000	4316.72000
8.37116	0.00000	4325.52500
8.37499	0.00000	4325.52500
8.37882	0.00000	4325.52500
8.38265	0.00000	4325.52500
8.38648	0.00000	4325.52500
8.39031	0.00000	4326.45600
8.39417	0.00000	4326.45600
8.39802	0.00000	4326.45600
8.40187	0.00000	4326.45600
8.40571	0.00000	4326.45600
8.40955	0.00000	4332.05300
8.41338	0.00000	4332.05300
8.41723	0.00000	4332.05300
8.42107	0.00000	4332.05300
8.42491	0.00000	4332.05300
8.42874	0.00000	4332.05300
8.43257	0.00000	4324.13400
8.43640	0.00000	4324.13400
8.44023	0.00000	4324.13400
8.44406	0.00000	4324.13400
8.44790	0.00000	4324.13400
8.45174	0.00000	4328.55400
8.45558	0.00000	4328.55400
8.45941	0.00000	4328.55400
8.46324	0.00000	4328.55400
8.46707	0.00000	4328.55400
8.47090	0.00000	4325.99000
8.47475	0.00000	4325.99000
8.47857	0.00000	4325.99000
8.48241	0.00000	4325.99000
8.48624	0.00000	4325.99000
8.49007	0.00000	4325.99000
8.49390	0.00000	4332.72900
8.49773	0.00000	4332.72900
8.50156	0.00000	4332.72900
8.50539	0.00000	4332.72900
8.50923	0.00000	4332.72900
8.51307	0.00000	4319.92700
8.51690	0.00000	4319.92700
8.52073	0.00000	4319.92700
8.52456	0.00000	4319.92700
8.52839	0.00000	4319.92700
8.53223	0.00000	4329.02200
8.53605	0.00000	4329.02200
8.53989	0.00000	4329.02200
8.54372	0.00000	4329.02200
8.54756	0.00000	4329.02200
8.55140	0.00000	4317.35400
8.55526	0.00000	4317.35400
8.55909	0.00000	4317.35400
8.56292	0.00000	4317.35400
8.56676	0.00000	4317.35400
8.57059	0.00000	4317.35400
8.57442	0.00000	4329.24300
8.57826	0.00000	4329.24300
8.58209	0.00000	4329.24300
8.58592	0.00000	4329.24300
8.58975	0.00000	4329.24300
8.59359	0.00000	4329.49000
8.59742	0.00000	4329.49000
8.60125	0.00000	4329.49000
8.60509	0.00000	4329.49000
8.60893	0.00000	4329.49000
8.61277	0.00000	4317.81400
8.61660	0.00000	4317.81400
8.62043	0.00000	4317.81400
8.62426	0.00000	4317.81400
8.62808	0.00000	4317.81400
8.63192	0.00000	4317.35400
8.63574	0.00000	4317.35400
8.63957	0.00000	4317.35400
8.64340	0.00000	4317.35400
8.64725	0.00000	4317.35400
8.65108	0.00000	4317.35400
8.65491	0.00000	4320.38800
8.65875	0.00000	4320.38800
8.66258	0.00000	4320.38800
8.66642	0.00000	4320.38800
8.67025	0.00000	4320.38800
8.67408	0.00000	4322.95800
8.67791	0.00000	4322.95800
8.68174	0.00000	4322.95800
8.68558	0.00000	4322.95800
8.68941	0.00000	4322.95800
8.69325	0.00000	4317.81400
8.69709	0.00000	4317.81400
8.70092	0.00000	4317.81400
8.70476	0.00000	4317.81400
8.70859	0.00000	4317.81400
8.71242	0.00000	4317.81400
8.71626	0.00000	4320.65200
8.72009	0.00000	4320.65200
8.72392	0.00000	4320.65200
8.72776	0.00000	4320.65200
8.73159	0.00000	4320.65200
8.73542	0.00000	4320.85000
8.73926	0.00000	4320.85000
8.74309	0.00000	4320.85000
8.74692	0.00000	4320.85000
8.75075	0.00000	4320.85000
8.75458	0.00000	4320.85000
8.75841	0.00000	4320.85000
8.76224	0.00000	4320.85000
8.76608	0.00000	4320.85000
8.76991	0.00000	4320.85000
8.77374	0.00000	4322.95800
8.77756	0.00000	4322.95800
8.78140	0.00000	4322.95800
8.78523	0.00000	4322.95800
8.78905	0.00000	4322.95800
8.79289	0.00000	4322.95800
8.79673	0.00000	4322.03300
8.80056	0.00000	4322.03300
8.80439	0.00000	4322.03300
8.80823	0.00000	4322.03300
8.81206	0.00000	4322.03300
8.81589	0.00000	4323.42200
8.81972	0.00000	4323.42200
8.82355	0.00000	4323.42200
8.82738	0.00000	4323.42200
8.83121	0.00000	4323.42200
8.83504	0.00000	4312.19600
8.83887	0.00000	4312.19600
8.84271	0.00000	4312.19600
8.84654	0.00000	4312.19600
8.85036	0.00000	4312.19600
8.85419	0.00000	4312.19600
8.85802	0.00000	4315.52400
8.86186	0.00000	4315.52400
8.86569	0.00000	4315.52400
8.86952	0.00000	4315.52400
8.87335	0.00000	4315.52400
8.87719	0.00000	4326.45600
8.88102	0.00000	4326.45600
8.88484	0.00000	4326.45600
8.88868	0.00000	4326.45600
8.89251	0.00000	4326.45600
8.89634	0.00000	4325.99000
8.90017	0.00000	4325.99000
8.90401	0.00000	4325.99000
8.90784	0.00000	4325.99000
8.91167	0.00000	4325.99000
8.91550	0.00000	4315.23500
8.91935	0.00000	4315.23500
8.92318	0.00000	4315.23500
8.92701	0.00000	4315.23500
8.93084	0.00000	4315.23500
8.93468	0.00000	4315.23500
8.93851	0.00000	4324.83900
8.94234	0.00000	4324.83900
8.94617	0.00000	4324.83900
8.95000	0.00000	4324.83900
8.95383	0.00000	4324.83900
8.95767	0.00000	4323.42200
8.96150	0.00000	4323.42200
8.96533	0.00000	4323.42200
8.96917	0.00000	4323.42200
8.97300	0.00000	4323.42200
8.97684	0.00000	4322.95800
8.98067	0.00000	4322.95800
8.98450	0.00000	4322.95800
8.98834	0.00000	4322.95800
8.99218	0.00000	4322.95800
8.99601	0.00000	4320.38800
8.99983	0.00000	4320.38800
9.00367	0.00000	4320.38800
9.00750	0.00000	4320.38800
9.01133	0.00000	4320.38800
9.01516	0.00000	4320.38800
9.01900	0.00000	4325.06000
9.02282	0.00000	4325.06000
9.02666	0.00000	4325.06000
9.03049	0.00000	4325.06000
9.03432	0.00000	4325.06000
9.03816	0.00000	4323.42200
9.04199	0.00000	4323.42200
9.04582	0.00000	4323.42200
9.04965	0.00000	4323.42200
9.05349	0.00000	4323.42200
9.05732	0.00000	4320.38800
9.06117	0.00000	4320.38800
9.06500	0.00000	4320.38800
9.06882	0.00000	4320.38800
9.07266	0.00000	4320.38800
9.07649	0.00000	4320.38800
9.08032	0.00000	4317.63300
9.08416	0.00000	4317.63300
9.08799	0.00000	4317.63300
9.09182	0.00000	4317.63300
9.09564	0.00000	4317.63300
9.09948	0.00000	4314.77700
9.10331	0.00000	4314.77700
9.10714	0.00000	4314.77700
9.11098	0.00000	4314.77700
9.11481	0.00000	4314.77700
9.11864	0.00000	4326.45600
9.12247	0.00000	4326.45600
9.12631	0.00000	4326.45600
9.13015	0.00000	4326.45600
9.13398	0.00000	4326.45600
9.13780	0.00000	4315.69300
9.14165	0.00000	4315.69300
9.14548	0.00000	4315.69300
9.14931	0.00000	4315.69300
9.15311	0.00000	4315.69300
9.15694	0.00000	4315.69300
9.16077	0.00000	4313.86400
9.16459	0.00000	4313.86400
9.16843	0.00000	4313.86400
9.17226	0.00000	4313.86400
9.17610	0.00000	4313.86400
9.17993	0.00000	4320.85000
9.18376	0.00000	4320.85000
9.18759	0.00000	4320.85000
9.19143	0.00000	4320.85000
9.19525	0.00000	4320.85000
9.19909	0.00000	4309.15700
9.20292	0.00000	4309.15700
9.20675	0.00000	4309.15700
9.21057	0.00000	4309.15700
9.21441	0.00000	4309.15700
9.21825	0.00000	4315.69300
9.22207	0.00000	4315.69300
9.22590	0.00000	4315.69300
9.22973	0.00000	4315.69300
9.23356	0.00000	4315.69300
9.23738	0.00000	4315.69300
9.24121	0.00000	4319.92700
9.24504	0.00000	4319.92700
9.24887	0.00000	4319.92700
9.25270	0.00000	4319.92700
9.25653	0.00000	4319.92700
9.26035	0.00000	4312.65200
9.26418	0.00000	4312.65200
9.26800	0.00000	4312.65200
9.27184	0.00000	4312.65200
9.27568	0.00000	4312.65200
9.27951	0.00000	4315.69300
9.28335	0.00000	4315.69300
9.28719	0.00000	4315.69300
9.29102	0.00000	4315.69300
9.29484	0.00000	4315.69300
9.29867	0.00000	4315.69300
9.30251	0.00000	4315.06800
9.30634	0.00000	4315.06800
9.31018	0.00000	4315.06800
9.31401	0.00000	4315.06800
9.31785	0.00000	4315.06800
9.32169	0.00000	4315.23500
9.32551	0.00000	4315.23500
9.32933	0.00000	4315.23500
9.33316	0.00000	4315.23500
9.33700	0.00000	4315.23500
9.34083	0.00000	4318.73500
9.34466	0.00000	4318.73500
9.34848	0.00000	4318.73500
9.35230	0.00000	4318.73500
9.35613	0.00000	4318.73500
9.35996	0.00000	4315.23500
9.36379	0.00000	4315.23500
9.36761	0.00000	4315.23500
9.37144	0.00000	4315.23500
9.37526	0.00000	4315.23500
9.37910	0.00000	4315.23500
9.38293	0.00000	4315.52400
9.38677	0.00000	4315.52400
9.39060	0.00000	4315.52400
9.39443	0.00000	4315.52400
9.39826	0.00000	4315.52400
9.40209	0.00000	4312.65200
9.40593	0.00000	4312.65200
9.40976	0.00000	4312.65200
9.41358	0.00000	4312.65200
9.41742	0.00000	4312.65200
9.42125	0.00000	4314.77700
9.42508	0.00000	4314.77700
9.42891	0.00000	4314.77700
9.43274	0.00000	4314.77700
9.43656	0.00000	4314.77700
9.44040	0.00000	4312.65200
9.44422	0.00000	4312.65200
9.44806	0.00000	4312.65200
9.45190	0.00000	4312.65200
9.45572	0.00000	4312.65200
9.45956	0.00000	4312.65200
9.46339	0.00000	4303.97700
9.46722	0.00000	4303.97700
9.47105	0.00000	4303.97700
9.47488	0.00000	4303.97700
9.47871	0.00000	4303.97700
9.48255	0.00000	4309.61100
9.48638	0.00000	4309.61100
9.49022	0.00000	4309.61100
9.49405	0.00000	4309.61100
9.49788	0.00000	4309.61100
9.50172	0.00000	4310.06500
9.50557	0.00000	4310.06500
9.50941	0.00000	4310.06500
9.51324	0.00000	4310.06500
9.51707	0.00000	4310.06500
9.52090	0.00000	4310.06500
9.52473	0.00000	4309.92700
9.52855	0.00000	4309.92700
9.53238	0.00000	4309.92700
9.53622	0.00000	4309.92700
9.54006	0.00000	4309.92700
9.54389	0.00000	4306.11800
9.54772	0.00000	4306.11800
9.55156	0.00000	4306.11800
9.55538	0.00000	4306.11800
9.55920	0.00000	4306.11800
9.56304	0.00000	4318.27400
9.56686	0.00000	4318.27400
9.57069	0.00000	4318.27400
9.57451	0.00000	4318.27400
9.57835	0.00000	4318.27400
9.58218	0.00000	4317.81400
9.58603	0.00000	4317.81400
9.58986	0.00000	4317.81400
9.59369	0.00000	4317.81400
9.59753	0.00000	4317.81400
9.60136	0.00000	4317.81400
9.60519	0.00000	4306.45100
9.60902	0.00000	4306.45100
9.61285	0.00000	4306.45100
9.61668	0.00000	4306.45100
9.62051	0.00000	4306.45100
9.62434	0.00000	4310.06500
9.62817	0.00000	4310.06500
9.63201	0.00000	4310.06500
9.63584	0.00000	4310.06500
9.63967	0.00000	4310.06500
9.64351	0.00000	4315.23500
9.64733	0.00000	4315.23500
9.65117	0.00000	4315.23500
9.65500	0.00000	4315.23500
9.65883	0.00000	4315.23500
9.66267	0.00000	4307.02100
9.66650	0.00000	4307.02100
9.67033	0.00000	4307.02100
9.67416	0.00000	4307.02100
9.67798	0.00000	4307.02100
9.68181	0.00000	4307.02100
9.68564	0.00000	4317.35400
9.68948	0.00000	4317.35400
9.69331	0.00000	4317.35400
9.69711	0.00000	4317.35400
9.70095	0.00000	4317.35400
9.70477	0.00000	4321.31300
9.70860	0.00000	4321.31300
9.71243	0.00000	4321.31300
9.71625	0.00000	4321.31300
9.72008	0.00000	4321.31300
9.72391	0.00000	4312.65200
9.72775	0.00000	4312.65200
9.73158	0.00000	4312.65200
9.73540	0.00000	4312.65200
9.73923	0.00000	4312.65200
9.74307	0.00000	4312.65200
9.74690	0.00000	4313.86400
9.75073	0.00000	4313.86400
9.75456	0.00000	4313.86400
9.75839	0.00000	4313.86400
9.76221	0.00000	4313.86400
9.76604	0.00000	4312.19600
9.76986	0.00000	4312.19600
9.77370	0.00000	4312.19600
9.77753	0.00000	4312.19600
9.78136	0.00000	4312.19600
9.78519	0.00000	4318.27400
9.78901	0.00000	4318.27400
9.79284	0.00000	4318.27400
9.79667	0.00000	4318.27400
9.80049	0.00000	4318.27400
9.80432	0.00000	4312.19600
9.80817	0.00000	4312.19600
9.81201	0.00000	4312.19600
9.81584	0.00000	4312.19600
9.81967	0.00000	4312.19600
9.82349	0.00000	4312.19600
9.82732	0.00000	4314.15900
9.83115	0.00000	4314.15900
9.83498	0.00000	4314.15900
9.83881	0.00000	4314.15900
9.84264	0.00000	4314.15900
9.84647	0.00000	4306.56900
9.85031	0.00000	4306.56900
9.85414	0.00000	4306.56900
9.85797	0.00000	4306.56900
9.86180	0.00000	4306.56900
9.86563	0.00000	4307.02100
9.86946	0.00000	4307.02100
9.87329	0.00000	4307.02100
9.87711	0.00000	4307.02100
9.88094	0.00000	4307.02100
9.88476	0.00000	4315.23500
9.88861	0.00000	4315.23500
9.89245	0.00000	4315.23500
9.89628	0.00000	4315.23500
9.90011	0.00000	4315.23500
9.90393	0.00000	4315.23500
9.90776	0.00000	4308.25200
9.91160	0.00000	4308.25200
9.91543	0.00000	4308.25200
9.91927	0.00000	4308.25200
9.92310	0.00000	4308.25200
9.92693	0.00000	4303.97700
9.93076	0.00000	4303.97700
9.93458	0.00000	4303.97700
9.93841	0.00000	4303.97700
9.94223	0.00000	4303.97700
9.94607	0.00000	4321.31300
9.94991	0.00000	4321.31300
9.95374	0.00000	4321.31300
9.95757	0.00000	4321.31300
9.96140	0.00000	4321.31300
9.96524	0.00000	4306.11800
9.96906	0.00000	4306.11800
9.97290	0.00000	4306.11800
9.97673	0.00000	4306.11800
9.98057	0.00000	4306.11800
9.98442	0.00000	4306.11800
9.98825	0.00000	4309.61100
9.99209	0.00000	4309.61100
9.99592	0.00000	4309.61100
9.99976	0.00000	4309.61100
