Time (s)   Thrust (N)   RPM
0.00032	0.00000	5073.68200
0.00424	0.00000	5073.68200
0.00815	0.00000	5073.68200
0.01203	0.00000	5073.68200
0.01588	0.00000	5073.68200
0.01973	0.00000	5021.67100
0.02361	0.00000	5021.67100
0.02745	0.00000	5021.67100
0.03136	0.00000	5021.67100
0.03521	0.00000	5021.67100
0.03906	0.00000	5021.67100
0.04289	0.00000	4818.31400
0.04673	0.00000	4818.31400
0.05056	0.00000	4818.31400
0.05440	0.00000	4818.31400
0.05824	0.00000	4818.31400
0.06208	0.00000	4818.31400
0.06593	0.00000	4622.35600
0.06976	0.00000	4622.35600
0.07359	0.00000	4622.35600
0.07742	0.00000	4622.35600
0.08124	0.00000	4622.35600
0.08507	0.00000	4477.04100
0.08892	0.00000	4477.04100
0.09274	0.00000	4477.04100
0.09657	0.00000	4477.04100
0.10040	0.00000	4477.04100
0.10422	0.00000	4477.04100
0.10803	0.00000	4338.94200
0.11186	0.00000	4338.94200
0.11568	0.00000	4338.94200
0.11951	0.00000	4338.94200
0.12334	0.00000	4338.94200
0.12719	0.00000	4217.97500
0.13102	0.00000	4217.97500
0.13485	0.00000	4217.97500
0.13868	0.00000	4217.97500
0.14250	0.00000	4217.97500
0.14633	0.00000	4116.77900
0.15016	0.00000	4116.77900
0.15397	0.00000	4116.77900
0.15782	0.00000	4116.77900
0.16165	0.00000	4116.77900
0.16548	0.00000	4041.66600
0.16931	0.00000	4041.66600
0.17314	0.00000	4041.66600
0.17697	0.00000	4041.66600
0.18079	0.00000	4041.66600
0.18461	0.00000	3977.46900
0.18843	0.00000	3977.46900
0.19227	0.00000	3977.46900
0.19610	0.00000	3977.46900
0.19993	0.00000	3977.46900
0.20375	0.00000	3910.90200
0.20758	0.00000	3910.90200
0.21140	0.00000	3910.90200
0.21523	0.00000	3910.90200
0.21906	0.00000	3910.90200
0.22288	0.00000	3866.35600
0.22671	0.00000	3866.35600
0.23054	0.00000	3866.35600
0.23437	0.00000	3866.35600
0.23824	0.00000	3824.19000
0.24209	0.00000	3824.19000
0.24592	0.00000	3824.19000
0.24974	0.00000	3824.19000
0.25358	0.00000	3824.19000
0.25741	0.00000	3773.60600
0.26123	0.00000	3773.60600
0.26506	0.00000	3773.60600
0.26889	0.00000	3773.60600
0.27271	0.00000	3773.60600
0.27654	0.00000	3743.20600
0.28037	0.00000	3743.20600
0.28423	0.00000	3743.20600
0.28803	0.00000	3743.20600
0.29186	0.00000	3712.15600
0.29568	0.00000	3712.15600
0.29951	0.00000	3712.15600
0.30336	0.00000	3712.15600
0.30719	0.00000	3712.15600
0.31104	0.00000	3681.06600
0.31487	0.00000	3681.06600
0.31870	0.00000	3681.06600
0.32253	0.00000	3681.06600
0.32635	0.00000	3681.06600
0.33017	0.00000	3660.38600
0.33401	0.00000	3660.38600
0.33784	0.00000	3660.38600
0.34167	0.00000	3660.38600
0.34549	0.00000	3631.50500
0.34933	0.00000	3631.50500
0.35315	0.00000	3631.50500
0.35697	0.00000	3631.50500
0.36081	0.00000	3631.50500
0.36464	0.00000	3625.00000
0.36846	0.00000	3625.00000
0.37230	0.00000	3625.00000
0.37613	0.00000	3625.00000
0.37997	0.00000	3625.00000
0.38380	0.00000	3614.07900
0.38764	0.00000	3614.07900
0.39147	0.00000	3614.07900
0.39530	0.00000	3614.07900
0.39914	0.00000	3591.69800
0.40297	0.00000	3591.69800
0.40680	0.00000	3591.69800
0.41063	0.00000	3591.69800
0.41446	0.00000	3591.69800
0.41830	0.00000	3585.58700
0.42214	0.00000	3585.58700
0.42597	0.00000	3585.58700
0.42979	0.00000	3585.58700
0.43363	0.00000	3576.97700
0.43746	0.00000	3576.97700
0.44129	0.00000	3576.97700
0.44512	0.00000	3576.97700
0.44894	0.00000	3576.97700
0.45278	0.00000	3553.73800
0.45661	0.00000	3553.73800
0.46044	0.00000	3553.73800
0.46427	0.00000	3553.73800
0.46811	0.00000	3555.42400
0.47195	0.00000	3555.42400
0.47578	0.00000	3555.42400
0.47960	0.00000	3555.42400
0.48342	0.00000	3555.42400
0.48725	0.00000	3545.19700
0.49109	0.00000	3545.19700
0.49492	0.00000	3545.19700
0.49875	0.00000	3545.19700
0.50258	0.00000	3545.19700
0.50640	0.00000	3530.66000
0.51022	0.00000	3530.66000
0.51404	0.00000	3530.66000
0.51789	0.00000	3530.66000
0.52170	0.00000	3526.70100
0.52553	0.00000	3526.70100
0.52936	0.00000	3526.70100
0.53319	0.00000	3526.70100
0.53702	0.00000	3526.70100
0.54084	0.00000	3527.12200
0.54467	0.00000	3527.12200
0.54850	0.00000	3527.12200
0.55233	0.00000	3527.12200
0.55616	0.00000	3525.42700
0.55999	0.00000	3525.42700
0.56383	0.00000	3525.42700
0.56766	0.00000	3525.42700
0.57149	0.00000	3525.42700
0.57532	0.00000	3512.52300
0.57915	0.00000	3512.52300
0.58298	0.00000	3512.52300
0.58680	0.00000	3512.52300
0.59063	0.00000	3507.60400
0.59446	0.00000	3507.60400
0.59829	0.00000	3507.60400
0.60212	0.00000	3507.60400
0.60595	0.00000	3507.60400
0.60978	0.00000	3505.43400
0.61361	0.00000	3505.43400
0.61743	0.00000	3505.43400
0.62125	0.00000	3505.43400
0.62507	0.00000	3506.67900
0.62890	0.00000	3506.67900
0.63273	0.00000	3506.67900
0.63656	0.00000	3506.67900
0.64039	0.00000	3506.67900
0.64422	0.00000	3504.97100
0.64803	0.00000	3504.97100
0.65185	0.00000	3504.97100
0.65568	0.00000	3504.97100
0.65950	0.00000	3492.36600
0.66333	0.00000	3492.36600
0.66715	0.00000	3492.36600
0.67098	0.00000	3492.36600
0.67481	0.00000	3492.36600
0.67864	0.00000	3494.31800
0.68247	0.00000	3494.31800
0.68629	0.00000	3494.31800
0.69011	0.00000	3494.31800
0.69394	0.00000	3488.78800
0.69776	0.00000	3488.78800
0.70159	0.00000	3488.78800
0.70541	0.00000	3488.78800
0.70921	0.00000	3488.78800
0.71304	0.00000	3490.27500
0.71686	0.00000	3490.27500
0.72069	0.00000	3490.27500
0.72452	0.00000	3490.27500
0.72835	0.00000	3488.28800
0.73220	0.00000	3488.28800
0.73603	0.00000	3488.28800
0.73984	0.00000	3488.28800
0.74366	0.00000	3488.28800
0.74750	0.00000	3480.11300
0.75131	0.00000	3480.11300
0.75514	0.00000	3480.11300
0.75898	0.00000	3480.11300
0.76280	0.00000	3488.28800
0.76663	0.00000	3488.28800
0.77046	0.00000	3488.28800
0.77429	0.00000	3488.28800
0.77812	0.00000	3488.28800
0.78195	0.00000	3483.15900
0.78580	0.00000	3483.15900
0.78964	0.00000	3483.15900
0.79348	0.00000	3483.15900
0.79731	0.00000	3484.70300
0.80115	0.00000	3484.70300
0.80499	0.00000	3484.70300
0.80882	0.00000	3484.70300
0.81265	0.00000	3484.70300
0.81648	0.00000	3483.15900
0.82031	0.00000	3483.15900
0.82413	0.00000	3483.15900
0.82796	0.00000	3483.15900
0.83179	0.00000	3474.47500
0.83562	0.00000	3474.47500
0.83945	0.00000	3474.47500
0.84327	0.00000	3474.47500
0.84710	0.00000	3474.47500
0.85093	0.00000	3479.60100
0.85476	0.00000	3479.60100
0.85858	0.00000	3479.60100
0.86241	0.00000	3479.60100
0.86625	0.00000	3481.11800
0.87008	0.00000	3481.11800
0.87391	0.00000	3481.11800
0.87773	0.00000	3481.11800
0.88156	0.00000	3481.11800
0.88539	0.00000	3479.60100
0.88921	0.00000	3479.60100
0.89305	0.00000	3479.60100
0.89687	0.00000	3479.60100
0.90069	0.00000	3477.53300
0.90452	0.00000	3477.53300
0.90834	0.00000	3477.53300
0.91216	0.00000	3477.53300
0.91598	0.00000	3477.53300
0.91982	0.00000	3486.21600
0.92365	0.00000	3486.21600
0.92747	0.00000	3486.21600
0.93130	0.00000	3486.21600
0.93512	0.00000	3487.78700
0.93894	0.00000	3487.78700
0.94278	0.00000	3487.78700
0.94660	0.00000	3487.78700
0.95042	0.00000	3487.78700
0.95425	0.00000	3486.21600
0.95807	0.00000	3486.21600
0.96190	0.00000	3486.21600
0.96572	0.00000	3486.21600
0.96956	0.00000	3480.60300
0.97339	0.00000	3480.60300
0.97723	0.00000	3480.60300
0.98105	0.00000	3480.60300
0.98488	0.00000	3480.60300
0.98870	0.00000	3482.65200
0.99252	0.00000	3482.65200
0.99635	0.00000	3482.65200
1.00018	0.00000	3482.65200
1.00400	0.00000	3484.19500
1.00783	0.00000	3484.19500
1.01166	0.00000	3484.19500
1.01548	0.00000	3484.19500
1.01931	0.00000	3484.19500
1.02314	0.00000	3482.65200
1.02697	0.00000	3482.65200
1.03079	0.00000	3482.65200
1.03462	0.00000	3482.65200
1.03845	0.00000	3473.94800
1.04227	0.00000	3473.94800
1.04611	0.00000	3473.94800
1.04993	0.00000	3473.94800
1.05375	0.00000	3473.94800
1.05758	0.00000	3476.04300
1.06140	0.00000	3476.04300
1.06522	0.00000	3476.04300
1.06905	0.00000	3476.04300
1.07287	0.00000	3473.94800
1.07670	0.00000	3473.94800
1.08054	0.00000	3473.94800
1.08436	0.00000	3473.94800
1.08819	0.00000	3473.94800
1.09202	0.00000	3479.08700
1.09585	0.00000	3479.08700
1.09967	0.00000	3479.08700
1.10350	0.00000	3479.08700
1.10732	0.00000	3480.60300
1.11115	0.00000	3480.60300
1.11498	0.00000	3480.60300
1.11881	0.00000	3480.60300
1.12264	0.00000	3480.60300
1.12646	0.00000	3472.48500
1.13028	0.00000	3472.48500
1.13411	0.00000	3472.48500
1.13793	0.00000	3472.48500
1.14175	0.00000	3477.01100
1.14558	0.00000	3477.01100
1.14941	0.00000	3477.01100
1.15324	0.00000	3477.01100
1.15707	0.00000	3477.01100
1.16090	0.00000	3475.00000
1.16472	0.00000	3475.00000
1.16854	0.00000	3475.00000
1.17237	0.00000	3475.00000
1.17619	0.00000	3477.01100
1.18002	0.00000	3477.01100
1.18385	0.00000	3477.01100
1.18767	0.00000	3477.01100
1.19149	0.00000	3477.01100
1.19533	0.00000	3478.57100
1.19915	0.00000	3478.57100
1.20298	0.00000	3478.57100
1.20681	0.00000	3478.57100
1.21063	0.00000	3473.94800
1.21445	0.00000	3473.94800
1.21827	0.00000	3473.94800
1.22209	0.00000	3473.94800
1.22592	0.00000	3473.94800
1.22973	0.00000	3472.48500
1.23356	0.00000	3472.48500
1.23740	0.00000	3472.48500
1.24126	0.00000	3472.48500
1.24510	0.00000	3477.01100
1.24895	0.00000	3477.01100
1.25278	0.00000	3477.01100
1.25661	0.00000	3477.01100
1.26044	0.00000	3477.01100
1.26427	0.00000	3475.52300
1.26810	0.00000	3475.52300
1.27192	0.00000	3475.52300
1.27574	0.00000	3475.52300
1.27957	0.00000	3470.36300
1.28342	0.00000	3470.36300
1.28725	0.00000	3470.36300
1.29109	0.00000	3470.36300
1.29491	0.00000	3470.36300
1.29874	0.00000	3471.95800
1.30257	0.00000	3471.95800
1.30640	0.00000	3471.95800
1.31021	0.00000	3471.95800
1.31404	0.00000	3470.36300
1.31786	0.00000	3470.36300
1.32169	0.00000	3470.36300
1.32551	0.00000	3470.36300
1.32934	0.00000	3470.36300
1.33316	0.00000	3475.00000
1.33698	0.00000	3475.00000
1.34081	0.00000	3475.00000
1.34463	0.00000	3475.00000
1.34845	0.00000	3477.01100
1.35228	0.00000	3477.01100
1.35611	0.00000	3477.01100
1.35993	0.00000	3477.01100
1.36375	0.00000	3477.01100
1.36758	0.00000	3475.52300
1.37141	0.00000	3475.52300
1.37523	0.00000	3475.52300
1.37906	0.00000	3475.52300
1.38288	0.00000	3473.41900
1.38670	0.00000	3473.41900
1.39053	0.00000	3473.41900
1.39436	0.00000	3473.41900
1.39819	0.00000	3473.41900
1.40201	0.00000	3478.57100
1.40584	0.00000	3478.57100
1.40966	0.00000	3478.57100
1.41348	0.00000	3478.57100
1.41732	0.00000	3473.41900
1.42114	0.00000	3473.41900
1.42497	0.00000	3473.41900
1.42879	0.00000	3473.41900
1.43261	0.00000	3473.41900
1.43644	0.00000	3468.39300
1.44028	0.00000	3468.39300
1.44411	0.00000	3468.39300
1.44793	0.00000	3468.39300
1.45175	0.00000	3470.36300
1.45557	0.00000	3470.36300
1.45940	0.00000	3470.36300
1.46322	0.00000	3470.36300
1.46704	0.00000	3470.36300
1.47086	0.00000	3471.95800
1.47468	0.00000	3471.95800
1.47851	0.00000	3471.95800
1.48234	0.00000	3471.95800
1.48617	0.00000	3469.82700
1.48999	0.00000	3469.82700
1.49382	0.00000	3469.82700
1.49765	0.00000	3469.82700
1.50148	0.00000	3469.82700
1.50530	0.00000	3471.95800
1.50912	0.00000	3471.95800
1.51294	0.00000	3471.95800
1.51677	0.00000	3471.95800
1.52059	0.00000	3477.01100
1.52442	0.00000	3477.01100
1.52825	0.00000	3477.01100
1.53203	0.00000	3477.01100
1.53585	0.00000	3477.01100
1.53968	0.00000	3475.52300
1.54351	0.00000	3475.52300
1.54734	0.00000	3475.52300
1.55117	0.00000	3475.52300
1.55499	0.00000	3473.94800
1.55882	0.00000	3473.94800
1.56264	0.00000	3473.94800
1.56647	0.00000	3473.94800
1.57029	0.00000	3473.94800
1.57412	0.00000	3475.52300
1.57794	0.00000	3475.52300
1.58177	0.00000	3475.52300
1.58560	0.00000	3475.52300
1.58942	0.00000	3473.94800
1.59325	0.00000	3473.94800
1.59707	0.00000	3473.94800
1.60089	0.00000	3473.94800
1.60472	0.00000	3473.94800
1.60854	0.00000	3478.57100
1.61237	0.00000	3478.57100
1.61619	0.00000	3478.57100
1.62003	0.00000	3478.57100
1.62385	0.00000	3473.94800
1.62769	0.00000	3473.94800
1.63151	0.00000	3473.94800
1.63533	0.00000	3473.94800
1.63916	0.00000	3473.94800
1.64299	0.00000	3471.95800
1.64682	0.00000	3471.95800
1.65065	0.00000	3471.95800
1.65447	0.00000	3471.95800
1.65829	0.00000	3470.36300
1.66211	0.00000	3470.36300
1.66593	0.00000	3470.36300
1.66976	0.00000	3470.36300
1.67358	0.00000	3470.36300
1.67741	0.00000	3478.57100
1.68124	0.00000	3478.57100
1.68506	0.00000	3478.57100
1.68889	0.00000	3478.57100
1.69272	0.00000	3470.36300
1.69655	0.00000	3470.36300
1.70038	0.00000	3470.36300
1.70420	0.00000	3470.36300
1.70803	0.00000	3470.36300
1.71186	0.00000	3471.42800
1.71568	0.00000	3471.42800
1.71950	0.00000	3471.42800
1.72332	0.00000	3471.42800
1.72715	0.00000	3477.01100
1.73097	0.00000	3477.01100
1.73480	0.00000	3477.01100
1.73862	0.00000	3477.01100
1.74245	0.00000	3477.01100
1.74627	0.00000	3481.63100
1.75009	0.00000	3481.63100
1.75391	0.00000	3481.63100
1.75774	0.00000	3481.63100
1.76157	0.00000	3470.36300
1.76539	0.00000	3470.36300
1.76921	0.00000	3470.36300
1.77303	0.00000	3470.36300
1.77686	0.00000	3470.36300
1.78068	0.00000	3471.42800
1.78454	0.00000	3471.42800
1.78837	0.00000	3471.42800
1.79220	0.00000	3471.42800
1.79603	0.00000	3473.94800
1.79985	0.00000	3473.94800
1.80368	0.00000	3473.94800
1.80750	0.00000	3473.94800
1.81133	0.00000	3473.94800
1.81515	0.00000	3471.42800
1.81899	0.00000	3471.42800
1.82281	0.00000	3471.42800
1.82665	0.00000	3471.42800
1.83047	0.00000	3477.01100
1.83430	0.00000	3477.01100
1.83813	0.00000	3477.01100
1.84196	0.00000	3477.01100
1.84578	0.00000	3477.01100
1.84960	0.00000	3477.53300
1.85342	0.00000	3477.53300
1.85725	0.00000	3477.53300
1.86107	0.00000	3477.53300
1.86489	0.00000	3473.41900
1.86872	0.00000	3473.41900
1.87254	0.00000	3473.41900
1.87636	0.00000	3473.41900
1.88019	0.00000	3473.94800
1.88401	0.00000	3473.94800
1.88784	0.00000	3473.94800
1.89167	0.00000	3473.94800
1.89549	0.00000	3473.94800
1.89931	0.00000	3470.36300
1.90313	0.00000	3470.36300
1.90696	0.00000	3470.36300
1.91078	0.00000	3470.36300
1.91460	0.00000	3473.94800
1.91843	0.00000	3473.94800
1.92225	0.00000	3473.94800
1.92607	0.00000	3473.94800
1.92989	0.00000	3473.94800
1.93372	0.00000	3466.77800
1.93754	0.00000	3466.77800
1.94137	0.00000	3466.77800
1.94519	0.00000	3466.77800
1.94902	0.00000	3473.94800
1.95283	0.00000	3473.94800
1.95666	0.00000	3473.94800
1.96048	0.00000	3473.94800
1.96431	0.00000	3473.94800
1.96814	0.00000	3477.53300
1.97197	0.00000	3477.53300
1.97579	0.00000	3477.53300
1.97962	0.00000	3477.53300
1.98345	0.00000	3470.36300
1.98729	0.00000	3470.36300
1.99111	0.00000	3470.36300
1.99494	0.00000	3470.36300
1.99877	0.00000	3470.36300
2.00260	0.00000	3473.94800
2.00642	0.00000	3473.94800
2.01024	0.00000	3473.94800
2.01406	0.00000	3473.94800
2.01789	0.00000	3470.36300
2.02172	0.00000	3470.36300
2.02555	0.00000	3470.36300
2.02938	0.00000	3470.36300
2.03322	0.00000	3470.36300
2.03705	0.00000	3474.47500
2.04087	0.00000	3474.47500
2.04469	0.00000	3474.47500
2.04851	0.00000	3474.47500
2.05233	0.00000	3469.82700
2.05617	0.00000	3469.82700
2.06000	0.00000	3469.82700
2.06384	0.00000	3469.82700
2.06767	0.00000	3469.82700
2.07150	0.00000	3478.05300
2.07532	0.00000	3478.05300
2.07914	0.00000	3478.05300
2.08296	0.00000	3478.05300
2.08678	0.00000	3473.41900
2.09062	0.00000	3473.41900
2.09444	0.00000	3473.41900
2.09827	0.00000	3473.41900
2.10209	0.00000	3473.41900
2.10591	0.00000	3475.00000
2.10973	0.00000	3475.00000
2.11355	0.00000	3475.00000
2.11739	0.00000	3475.00000
2.12122	0.00000	3470.36300
2.12505	0.00000	3470.36300
2.12888	0.00000	3470.36300
2.13271	0.00000	3470.36300
2.13653	0.00000	3470.36300
2.14035	0.00000	3475.00000
2.14418	0.00000	3475.00000
2.14801	0.00000	3475.00000
2.15183	0.00000	3475.00000
2.15565	0.00000	3480.60300
2.15949	0.00000	3480.60300
2.16332	0.00000	3480.60300
2.16715	0.00000	3480.60300
2.17097	0.00000	3480.60300
2.17480	0.00000	3471.95800
2.17862	0.00000	3471.95800
2.18244	0.00000	3471.95800
2.18626	0.00000	3471.95800
2.19009	0.00000	3473.41900
2.19393	0.00000	3473.41900
2.19775	0.00000	3473.41900
2.20157	0.00000	3473.41900
2.20541	0.00000	3473.41900
2.20921	0.00000	3475.52300
2.21304	0.00000	3475.52300
2.21687	0.00000	3475.52300
2.22069	0.00000	3475.52300
2.22452	0.00000	3466.23500
2.22835	0.00000	3466.23500
2.23218	0.00000	3466.23500
2.23601	0.00000	3466.23500
2.23989	0.00000	3466.23500
2.24372	0.00000	3471.95800
2.24755	0.00000	3471.95800
2.25138	0.00000	3471.95800
2.25521	0.00000	3471.95800
2.25904	0.00000	3470.36300
2.26288	0.00000	3470.36300
2.26671	0.00000	3470.36300
2.27054	0.00000	3470.36300
2.27437	0.00000	3470.36300
2.27819	0.00000	3475.52300
2.28201	0.00000	3475.52300
2.28587	0.00000	3475.52300
2.28971	0.00000	3475.52300
2.29354	0.00000	3473.94800
2.29739	0.00000	3473.94800
2.30135	0.00000	3473.94800
2.30524	0.00000	3473.94800
2.30907	0.00000	3473.94800
2.31291	0.00000	3468.39300
2.31675	0.00000	3468.39300
2.32059	0.00000	3468.39300
2.32442	0.00000	3468.39300
2.32826	0.00000	3470.36300
2.33208	0.00000	3470.36300
2.33592	0.00000	3470.36300
2.33974	0.00000	3470.36300
2.34357	0.00000	3470.36300
2.34739	0.00000	3475.52300
2.35122	0.00000	3475.52300
2.35504	0.00000	3475.52300
2.35887	0.00000	3475.52300
2.36269	0.00000	3473.41900
2.36652	0.00000	3473.41900
2.37034	0.00000	3473.41900
2.37416	0.00000	3473.41900
2.37799	0.00000	3473.41900
2.38181	0.00000	3479.08700
2.38564	0.00000	3479.08700
2.38947	0.00000	3479.08700
2.39330	0.00000	3479.08700
2.39712	0.00000	3470.36300
2.40095	0.00000	3470.36300
2.40478	0.00000	3470.36300
2.40860	0.00000	3470.36300
2.41243	0.00000	3470.36300
2.41626	0.00000	3468.39300
2.42009	0.00000	3468.39300
2.42392	0.00000	3468.39300
2.42775	0.00000	3468.39300
2.43158	0.00000	3473.94800
2.43541	0.00000	3473.94800
2.43924	0.00000	3473.94800
2.44306	0.00000	3473.94800
2.44689	0.00000	3473.94800
2.45071	0.00000	3475.52300
2.45454	0.00000	3475.52300
2.45837	0.00000	3475.52300
2.46219	0.00000	3475.52300
2.46602	0.00000	3484.19500
2.46984	0.00000	3484.19500
2.47367	0.00000	3484.19500
2.47749	0.00000	3484.19500
2.48132	0.00000	3484.19500
2.48515	0.00000	3468.39300
2.48897	0.00000	3468.39300
2.49280	0.00000	3468.39300
2.49662	0.00000	3468.39300
2.50045	0.00000	3473.41900
2.50427	0.00000	3473.41900
2.50810	0.00000	3473.41900
2.51192	0.00000	3473.41900
2.51574	0.00000	3473.41900
2.51957	0.00000	3468.39300
2.52339	0.00000	3468.39300
2.52722	0.00000	3468.39300
2.53104	0.00000	3468.39300
2.53486	0.00000	3473.41900
2.53868	0.00000	3473.41900
2.54251	0.00000	3473.41900
2.54633	0.00000	3473.41900
2.55016	0.00000	3473.41900
2.55399	0.00000	3468.92800
2.55781	0.00000	3468.92800
2.56163	0.00000	3468.92800
2.56546	0.00000	3468.92800
2.56929	0.00000	3480.60300
2.57311	0.00000	3480.60300
2.57694	0.00000	3480.60300
2.58077	0.00000	3480.60300
2.58460	0.00000	3480.60300
2.58844	0.00000	3475.52300
2.59226	0.00000	3475.52300
2.59609	0.00000	3475.52300
2.59991	0.00000	3475.52300
2.60373	0.00000	3470.36300
2.60756	0.00000	3470.36300
2.61138	0.00000	3470.36300
2.61520	0.00000	3470.36300
2.61903	0.00000	3470.36300
2.62286	0.00000	3479.08700
2.62668	0.00000	3479.08700
2.63051	0.00000	3479.08700
2.63433	0.00000	3479.08700
2.63816	0.00000	3470.89700
2.64198	0.00000	3470.89700
2.64580	0.00000	3470.89700
2.64963	0.00000	3470.89700
2.65346	0.00000	3470.89700
2.65729	0.00000	3471.95800
2.66111	0.00000	3471.95800
2.66493	0.00000	3471.95800
2.66877	0.00000	3471.95800
2.67259	0.00000	3477.01100
2.67643	0.00000	3477.01100
2.68026	0.00000	3477.01100
2.68408	0.00000	3477.01100
2.68791	0.00000	3477.01100
2.69174	0.00000	3475.52300
2.69556	0.00000	3475.52300
2.69938	0.00000	3475.52300
2.70321	0.00000	3475.52300
2.70704	0.00000	3477.53300
2.71088	0.00000	3477.53300
2.71470	0.00000	3477.53300
2.71853	0.00000	3477.53300
2.72235	0.00000	3477.53300
2.72618	0.00000	3476.04300
2.72999	0.00000	3476.04300
2.73381	0.00000	3476.04300
2.73764	0.00000	3476.04300
2.74146	0.00000	3473.94800
2.74529	0.00000	3473.94800
2.74911	0.00000	3473.94800
2.75294	0.00000	3473.94800
2.75676	0.00000	3473.94800
2.76059	0.00000	3479.08700
2.76441	0.00000	3479.08700
2.76823	0.00000	3479.08700
2.77203	0.00000	3479.08700
2.77585	0.00000	3484.19500
2.77968	0.00000	3484.19500
2.78351	0.00000	3484.19500
2.78737	0.00000	3484.19500
2.79120	0.00000	3484.19500
2.79503	0.00000	3472.48500
2.79886	0.00000	3472.48500
2.80269	0.00000	3472.48500
2.80651	0.00000	3472.48500
2.81034	0.00000	3477.53300
2.81416	0.00000	3477.53300
2.81799	0.00000	3477.53300
2.82181	0.00000	3477.53300
2.82563	0.00000	3477.53300
2.82945	0.00000	3475.52300
2.83328	0.00000	3475.52300
2.83711	0.00000	3475.52300
2.84093	0.00000	3475.52300
2.84476	0.00000	3477.01100
2.84858	0.00000	3477.01100
2.85241	0.00000	3477.01100
2.85623	0.00000	3477.01100
2.86003	0.00000	3477.01100
2.86385	0.00000	3475.52300
2.86768	0.00000	3475.52300
2.87151	0.00000	3475.52300
2.87533	0.00000	3475.52300
2.87916	0.00000	3480.60300
2.88299	0.00000	3480.60300
2.88682	0.00000	3480.60300
2.89064	0.00000	3480.60300
2.89447	0.00000	3480.60300
2.89829	0.00000	3464.82800
2.90211	0.00000	3464.82800
2.90594	0.00000	3464.82800
2.90976	0.00000	3464.82800
2.91360	0.00000	3466.77800
2.91742	0.00000	3466.77800
2.92125	0.00000	3466.77800
2.92508	0.00000	3466.77800
2.92890	0.00000	3466.77800
2.93273	0.00000	3475.52300
2.93656	0.00000	3475.52300
2.94038	0.00000	3475.52300
2.94421	0.00000	3475.52300
2.94803	0.00000	3470.36300
2.95184	0.00000	3470.36300
2.95566	0.00000	3470.36300
2.95949	0.00000	3470.36300
2.96332	0.00000	3470.36300
2.96714	0.00000	3479.08700
2.97097	0.00000	3479.08700
2.97479	0.00000	3479.08700
2.97862	0.00000	3479.08700
2.98245	0.00000	3484.19500
2.98627	0.00000	3484.19500
2.99010	0.00000	3484.19500
2.99392	0.00000	3484.19500
2.99775	0.00000	3484.19500
3.00157	0.00000	3475.00000
3.00539	0.00000	3475.00000
3.00921	0.00000	3475.00000
3.01304	0.00000	3475.00000
3.01686	0.00000	3473.94800
3.02069	0.00000	3473.94800
3.02451	0.00000	3473.94800
3.02834	0.00000	3473.94800
3.03216	0.00000	3473.94800
3.03599	0.00000	3472.48500
3.03982	0.00000	3472.48500
3.04365	0.00000	3472.48500
3.04748	0.00000	3472.48500
3.05130	0.00000	3473.94800
3.05512	0.00000	3473.94800
3.05895	0.00000	3473.94800
3.06278	0.00000	3473.94800
3.06660	0.00000	3473.94800
3.07042	0.00000	3475.00000
3.07425	0.00000	3475.00000
3.07808	0.00000	3475.00000
3.08189	0.00000	3475.00000
3.08572	0.00000	3473.94800
3.08954	0.00000	3473.94800
3.09337	0.00000	3473.94800
3.09720	0.00000	3473.94800
3.10103	0.00000	3473.94800
3.10486	0.00000	3478.57100
3.10868	0.00000	3478.57100
3.11250	0.00000	3478.57100
3.11632	0.00000	3478.57100
3.12015	0.00000	3477.01100
3.12397	0.00000	3477.01100
3.12779	0.00000	3477.01100
3.13162	0.00000	3477.01100
3.13545	0.00000	3477.01100
3.13927	0.00000	3471.42800
3.14309	0.00000	3471.42800
3.14691	0.00000	3471.42800
3.15074	0.00000	3471.42800
3.15458	0.00000	3473.94800
3.15841	0.00000	3473.94800
3.16223	0.00000	3473.94800
3.16605	0.00000	3473.94800
3.16987	0.00000	3473.94800
3.17369	0.00000	3467.85700
3.17751	0.00000	3467.85700
3.18133	0.00000	3467.85700
3.18515	0.00000	3467.85700
3.18898	0.00000	3473.41900
3.19281	0.00000	3473.41900
3.19663	0.00000	3473.41900
3.20046	0.00000	3473.41900
3.20428	0.00000	3473.41900
3.20811	0.00000	3478.57100
3.21194	0.00000	3478.57100
3.21576	0.00000	3478.57100
3.21959	0.00000	3478.57100
3.22341	0.00000	3481.11800
3.22723	0.00000	3481.11800
3.23105	0.00000	3481.11800
3.23488	0.00000	3481.11800
3.23874	0.00000	3481.11800
3.24257	0.00000	3478.57100
3.24641	0.00000	3478.57100
3.25023	0.00000	3478.57100
3.25406	0.00000	3478.57100
3.25789	0.00000	3477.53300
3.26171	0.00000	3477.53300
3.26554	0.00000	3477.53300
3.26938	0.00000	3477.53300
3.27320	0.00000	3477.53300
3.27703	0.00000	3471.42800
3.28086	0.00000	3471.42800
3.28471	0.00000	3471.42800
3.28855	0.00000	3471.42800
3.29239	0.00000	3473.94800
3.29624	0.00000	3473.94800
3.30003	0.00000	3473.94800
3.30385	0.00000	3473.94800
3.30768	0.00000	3473.94800
3.31150	0.00000	3478.05300
3.31532	0.00000	3478.05300
3.31916	0.00000	3478.05300
3.32300	0.00000	3478.05300
3.32682	0.00000	3477.01100
3.33064	0.00000	3477.01100
3.33446	0.00000	3477.01100
3.33829	0.00000	3477.01100
3.34213	0.00000	3473.94800
3.34596	0.00000	3473.94800
3.34978	0.00000	3473.94800
3.35361	0.00000	3473.94800
3.35745	0.00000	3473.94800
3.36127	0.00000	3477.01100
3.36509	0.00000	3477.01100
3.36892	0.00000	3477.01100
3.37275	0.00000	3477.01100
3.37658	0.00000	3477.53300
3.38040	0.00000	3477.53300
3.38422	0.00000	3477.53300
3.38803	0.00000	3477.53300
3.39184	0.00000	3477.53300
3.39567	0.00000	3481.11800
3.39950	0.00000	3481.11800
3.40334	0.00000	3481.11800
3.40716	0.00000	3481.11800
3.41098	0.00000	3470.36300
3.41480	0.00000	3470.36300
3.41863	0.00000	3470.36300
3.42245	0.00000	3470.36300
3.42628	0.00000	3470.36300
3.43011	0.00000	3473.94800
3.43393	0.00000	3473.94800
3.43775	0.00000	3473.94800
3.44158	0.00000	3473.94800
3.44542	0.00000	3480.60300
3.44921	0.00000	3480.60300
3.45304	0.00000	3480.60300
3.45687	0.00000	3480.60300
3.46069	0.00000	3480.60300
3.46452	0.00000	3467.31800
3.46834	0.00000	3467.31800
3.47217	0.00000	3467.31800
3.47599	0.00000	3467.31800
3.47982	0.00000	3470.36300
3.48366	0.00000	3470.36300
3.48749	0.00000	3470.36300
3.49132	0.00000	3470.36300
3.49514	0.00000	3470.36300
3.49896	0.00000	3477.53300
3.50279	0.00000	3477.53300
3.50661	0.00000	3477.53300
3.51044	0.00000	3477.53300
3.51427	0.00000	3470.36300
3.51809	0.00000	3470.36300
3.52192	0.00000	3470.36300
3.52574	0.00000	3470.36300
3.52957	0.00000	3470.36300
3.53340	0.00000	3481.11800
3.53722	0.00000	3481.11800
3.54104	0.00000	3481.11800
3.54486	0.00000	3481.11800
3.54868	0.00000	3473.94800
3.55251	0.00000	3473.94800
3.55634	0.00000	3473.94800
3.56017	0.00000	3473.94800
3.56401	0.00000	3473.94800
3.56784	0.00000	3478.05300
3.57166	0.00000	3478.05300
3.57548	0.00000	3478.05300
3.57931	0.00000	3478.05300
3.58314	0.00000	3480.60300
3.58696	0.00000	3480.60300
3.59078	0.00000	3480.60300
3.59461	0.00000	3480.60300
3.59843	0.00000	3480.60300
3.60226	0.00000	3478.05300
3.60609	0.00000	3478.05300
3.60992	0.00000	3478.05300
3.61374	0.00000	3478.05300
3.61756	0.00000	3473.94800
3.62140	0.00000	3473.94800
3.62523	0.00000	3473.94800
3.62905	0.00000	3473.94800
3.63288	0.00000	3473.94800
3.63670	0.00000	3479.08700
3.64053	0.00000	3479.08700
3.64436	0.00000	3479.08700
3.64818	0.00000	3479.08700
3.65201	0.00000	3477.01100
3.65585	0.00000	3477.01100
3.65967	0.00000	3477.01100
3.66349	0.00000	3477.01100
3.66731	0.00000	3477.01100
3.67113	0.00000	3478.57100
3.67496	0.00000	3478.57100
3.67878	0.00000	3478.57100
3.68260	0.00000	3478.57100
3.68644	0.00000	3477.01100
3.69028	0.00000	3477.01100
3.69411	0.00000	3477.01100
3.69793	0.00000	3477.01100
3.70175	0.00000	3477.01100
3.70558	0.00000	3478.57100
3.70940	0.00000	3478.57100
3.71323	0.00000	3478.57100
3.71705	0.00000	3478.57100
3.72089	0.00000	3477.53300
3.72472	0.00000	3477.53300
3.72855	0.00000	3477.53300
3.73237	0.00000	3477.53300
3.73621	0.00000	3477.53300
3.74003	0.00000	3475.52300
3.74386	0.00000	3475.52300
3.74768	0.00000	3475.52300
3.75151	0.00000	3475.52300
3.75534	0.00000	3470.36300
3.75916	0.00000	3470.36300
3.76301	0.00000	3470.36300
3.76684	0.00000	3470.36300
3.77066	0.00000	3470.36300
3.77449	0.00000	3468.39300
3.77831	0.00000	3468.39300
3.78214	0.00000	3468.39300
3.78600	0.00000	3468.39300
3.78983	0.00000	3477.53300
3.79366	0.00000	3477.53300
3.79749	0.00000	3477.53300
3.80132	0.00000	3477.53300
3.80515	0.00000	3477.53300
3.80897	0.00000	3472.48500
3.81280	0.00000	3472.48500
3.81663	0.00000	3472.48500
3.82045	0.00000	3472.48500
3.82427	0.00000	3473.94800
3.82811	0.00000	3473.94800
3.83192	0.00000	3473.94800
3.83575	0.00000	3473.94800
3.83959	0.00000	3473.94800
3.84341	0.00000	3482.65200
3.84723	0.00000	3482.65200
3.85106	0.00000	3482.65200
3.85488	0.00000	3482.65200
3.85870	0.00000	3477.53300
3.86254	0.00000	3477.53300
3.86636	0.00000	3477.53300
3.87019	0.00000	3477.53300
3.87402	0.00000	3477.53300
3.87785	0.00000	3472.48500
3.88167	0.00000	3472.48500
3.88550	0.00000	3472.48500
3.88932	0.00000	3472.48500
3.89315	0.00000	3477.01100
3.89697	0.00000	3477.01100
3.90080	0.00000	3477.01100
3.90463	0.00000	3477.01100
3.90845	0.00000	3477.01100
3.91228	0.00000	3479.08700
3.91611	0.00000	3479.08700
3.91993	0.00000	3479.08700
3.92377	0.00000	3479.08700
3.92759	0.00000	3480.60300
3.93141	0.00000	3480.60300
3.93524	0.00000	3480.60300
3.93908	0.00000	3480.60300
3.94292	0.00000	3480.60300
3.94675	0.00000	3475.52300
3.95057	0.00000	3475.52300
3.95441	0.00000	3475.52300
3.95823	0.00000	3475.52300
3.96206	0.00000	3477.01100
3.96587	0.00000	3477.01100
3.96969	0.00000	3477.01100
3.97352	0.00000	3477.01100
3.97734	0.00000	3477.01100
3.98117	0.00000	3471.95800
3.98499	0.00000	3471.95800
3.98881	0.00000	3471.95800
3.99264	0.00000	3471.95800
3.99647	0.00000	3466.77800
4.00030	0.00000	3466.77800
4.00412	0.00000	3466.77800
4.00794	0.00000	3466.77800
4.01176	0.00000	3466.77800
4.01558	0.00000	3471.95800
4.01941	0.00000	3471.95800
4.02323	0.00000	3471.95800
4.02705	0.00000	3471.95800
4.03089	0.00000	3477.53300
4.03472	0.00000	3477.53300
4.03855	0.00000	3477.53300
4.04238	0.00000	3477.53300
4.04620	0.00000	3477.53300
4.05003	0.00000	3472.48500
4.05385	0.00000	3472.48500
4.05768	0.00000	3472.48500
4.06151	0.00000	3472.48500
4.06534	0.00000	3477.53300
4.06919	0.00000	3477.53300
4.07302	0.00000	3477.53300
4.07685	0.00000	3477.53300
4.08067	0.00000	3477.53300
4.08450	0.00000	3476.04300
4.08833	0.00000	3476.04300
4.09216	0.00000	3476.04300
4.09599	0.00000	3476.04300
4.09982	0.00000	3480.60300
4.10365	0.00000	3480.60300
4.10747	0.00000	3480.60300
4.11130	0.00000	3480.60300
4.11512	0.00000	3480.60300
4.11894	0.00000	3479.08700
4.12278	0.00000	3479.08700
4.12661	0.00000	3479.08700
4.13043	0.00000	3479.08700
4.13425	0.00000	3477.53300
4.13808	0.00000	3477.53300
4.14190	0.00000	3477.53300
4.14572	0.00000	3477.53300
4.14954	0.00000	3477.53300
4.15337	0.00000	3476.04300
4.15719	0.00000	3476.04300
4.16102	0.00000	3476.04300
4.16484	0.00000	3476.04300
4.16866	0.00000	3473.94800
4.17249	0.00000	3473.94800
4.17632	0.00000	3473.94800
4.18015	0.00000	3473.94800
4.18397	0.00000	3473.94800
4.18780	0.00000	3475.52300
4.19162	0.00000	3475.52300
4.19545	0.00000	3475.52300
4.19927	0.00000	3475.52300
4.20310	0.00000	3473.94800
4.20693	0.00000	3473.94800
4.21076	0.00000	3473.94800
4.21460	0.00000	3473.94800
4.21843	0.00000	3473.94800
4.22226	0.00000	3472.48500
4.22608	0.00000	3472.48500
4.22991	0.00000	3472.48500
4.23373	0.00000	3472.48500
4.23756	0.00000	3481.11800
4.24142	0.00000	3481.11800
4.24527	0.00000	3481.11800
4.24911	0.00000	3481.11800
4.25295	0.00000	3481.11800
4.25678	0.00000	3476.04300
4.26060	0.00000	3476.04300
4.26445	0.00000	3476.04300
4.26830	0.00000	3476.04300
4.27214	0.00000	3481.11800
4.27596	0.00000	3481.11800
4.27979	0.00000	3481.11800
4.28362	0.00000	3481.11800
4.28747	0.00000	3481.11800
4.29131	0.00000	3486.21600
4.29513	0.00000	3486.21600
4.29896	0.00000	3486.21600
4.30279	0.00000	3486.21600
4.30661	0.00000	3484.70300
4.31043	0.00000	3484.70300
4.31426	0.00000	3484.70300
4.31809	0.00000	3484.70300
4.32192	0.00000	3484.70300
4.32574	0.00000	3479.60100
4.32957	0.00000	3479.60100
4.33339	0.00000	3479.60100
4.33722	0.00000	3479.60100
4.34104	0.00000	3484.70300
4.34487	0.00000	3484.70300
4.34870	0.00000	3484.70300
4.35252	0.00000	3484.70300
4.35635	0.00000	3484.70300
4.36019	0.00000	3486.21600
4.36401	0.00000	3486.21600
4.36785	0.00000	3486.21600
4.37167	0.00000	3486.21600
4.37550	0.00000	3481.11800
4.37932	0.00000	3481.11800
4.38315	0.00000	3481.11800
4.38697	0.00000	3481.11800
4.39080	0.00000	3481.11800
4.39463	0.00000	3479.60100
4.39846	0.00000	3479.60100
4.40229	0.00000	3479.60100
4.40611	0.00000	3479.60100
4.40994	0.00000	3481.11800
4.41377	0.00000	3481.11800
4.41760	0.00000	3481.11800
4.42142	0.00000	3481.11800
4.42525	0.00000	3481.11800
4.42908	0.00000	3483.15900
4.43291	0.00000	3483.15900
4.43673	0.00000	3483.15900
4.44055	0.00000	3483.15900
4.44438	0.00000	3481.63100
4.44821	0.00000	3481.63100
4.45203	0.00000	3481.63100
4.45585	0.00000	3481.63100
4.45969	0.00000	3481.63100
4.46351	0.00000	3472.48500
4.46734	0.00000	3472.48500
4.47117	0.00000	3472.48500
4.47500	0.00000	3472.48500
4.47883	0.00000	3477.53300
4.48266	0.00000	3477.53300
4.48648	0.00000	3477.53300
4.49030	0.00000	3477.53300
4.49414	0.00000	3477.53300
4.49796	0.00000	3483.15900
4.50178	0.00000	3483.15900
4.50561	0.00000	3483.15900
4.50944	0.00000	3483.15900
4.51327	0.00000	3481.63100
4.51709	0.00000	3481.63100
4.52091	0.00000	3481.63100
4.52473	0.00000	3481.63100
4.52855	0.00000	3481.63100
4.53237	0.00000	3486.71700
4.53620	0.00000	3486.71700
4.54003	0.00000	3486.71700
4.54385	0.00000	3486.71700
4.54768	0.00000	3478.05300
4.55150	0.00000	3478.05300
4.55533	0.00000	3478.05300
4.55915	0.00000	3478.05300
4.56298	0.00000	3478.05300
4.56681	0.00000	3479.60100
4.57063	0.00000	3479.60100
4.57446	0.00000	3479.60100
4.57829	0.00000	3479.60100
4.58211	0.00000	3484.70300
4.58594	0.00000	3484.70300
4.58976	0.00000	3484.70300
4.59359	0.00000	3484.70300
4.59741	0.00000	3484.70300
4.60124	0.00000	3493.34600
4.60507	0.00000	3493.34600
4.60889	0.00000	3493.34600
4.61271	0.00000	3493.34600
4.61653	0.00000	3488.28800
4.62036	0.00000	3488.28800
4.62418	0.00000	3488.28800
4.62803	0.00000	3488.28800
4.63185	0.00000	3488.28800
4.63567	0.00000	3480.11300
4.63950	0.00000	3480.11300
4.64332	0.00000	3480.11300
4.64715	0.00000	3480.11300
4.65097	0.00000	3488.28800
4.65479	0.00000	3488.28800
4.65862	0.00000	3488.28800
4.66244	0.00000	3488.28800
4.66627	0.00000	3488.28800
4.67010	0.00000	3486.71700
4.67393	0.00000	3486.71700
4.67775	0.00000	3486.71700
4.68158	0.00000	3486.71700
4.68540	0.00000	3485.21000
4.68921	0.00000	3485.21000
4.69303	0.00000	3485.21000
4.69686	0.00000	3485.21000
4.70068	0.00000	3485.21000
4.70451	0.00000	3486.71700
4.70835	0.00000	3486.71700
4.71217	0.00000	3486.71700
4.71600	0.00000	3486.71700
4.71983	0.00000	3478.05300
4.72365	0.00000	3478.05300
4.72747	0.00000	3478.05300
4.73130	0.00000	3478.05300
4.73513	0.00000	3478.05300
4.73896	0.00000	3483.15900
4.74278	0.00000	3483.15900
4.74660	0.00000	3483.15900
4.75042	0.00000	3483.15900
4.75425	0.00000	3485.21000
4.75809	0.00000	3485.21000
4.76191	0.00000	3485.21000
4.76574	0.00000	3485.21000
4.76957	0.00000	3485.21000
4.77340	0.00000	3486.71700
4.77723	0.00000	3486.71700
4.78106	0.00000	3486.71700
4.78488	0.00000	3486.71700
4.78874	0.00000	3481.63100
4.79258	0.00000	3481.63100
4.79640	0.00000	3481.63100
4.80023	0.00000	3481.63100
4.80403	0.00000	3481.63100
4.80785	0.00000	3483.66400
4.81168	0.00000	3483.66400
4.81551	0.00000	3483.66400
4.81934	0.00000	3483.66400
4.82316	0.00000	3485.21000
4.82700	0.00000	3485.21000
4.83083	0.00000	3485.21000
4.83466	0.00000	3485.21000
4.83848	0.00000	3485.21000
4.84231	0.00000	3490.27500
4.84613	0.00000	3490.27500
4.84996	0.00000	3490.27500
4.85379	0.00000	3490.27500
4.85761	0.00000	3481.63100
4.86144	0.00000	3481.63100
4.86526	0.00000	3481.63100
4.86909	0.00000	3481.63100
4.87292	0.00000	3481.63100
4.87674	0.00000	3490.27500
4.88056	0.00000	3490.27500
4.88439	0.00000	3490.27500
4.88823	0.00000	3490.27500
4.89203	0.00000	3488.28800
4.89585	0.00000	3488.28800
4.89967	0.00000	3488.28800
4.90351	0.00000	3488.28800
4.90733	0.00000	3488.28800
4.91116	0.00000	3483.66400
4.91498	0.00000	3483.66400
4.91880	0.00000	3483.66400
4.92262	0.00000	3483.66400
4.92645	0.00000	3491.87300
4.93027	0.00000	3491.87300
4.93411	0.00000	3491.87300
4.93793	0.00000	3491.87300
4.94175	0.00000	3491.87300
4.94558	0.00000	3483.15900
4.94940	0.00000	3483.15900
4.95322	0.00000	3483.15900
4.95705	0.00000	3483.15900
4.96088	0.00000	3481.11800
4.96472	0.00000	3481.11800
4.96855	0.00000	3481.11800
4.97237	0.00000	3481.11800
4.97619	0.00000	3481.11800
4.98003	0.00000	3476.04300
4.98385	0.00000	3476.04300
4.98768	0.00000	3476.04300
4.99150	0.00000	3476.04300
4.99533	0.00000	3488.78800
4.99916	0.00000	3488.78800
5.00349	0.00000	3488.78800
5.00735	0.00000	3488.78800
5.01120	0.00000	3488.78800
5.01505	0.00000	3516.50900
5.01890	0.00000	3516.50900
5.02273	0.00000	3516.50900
5.02659	0.00000	3516.50900
5.03044	0.00000	3516.50900
5.03431	0.00000	3866.56300
5.03819	0.00000	3866.56300
5.04203	0.00000	3866.56300
5.04589	0.00000	3866.56300
5.04974	0.00000	3866.56300
5.05357	0.00000	4234.96700
5.05742	0.00000	4234.96700
5.06124	0.00000	4234.96700
5.06508	0.00000	4234.96700
5.06893	0.00000	4234.96700
5.07277	0.00000	4512.81000
5.07660	0.00000	4512.81000
5.08043	0.00000	4512.81000
5.08427	0.00000	4512.81000
5.08811	0.00000	4512.81000
5.09195	0.00000	4512.81000
5.09579	0.00000	4719.35000
5.09962	0.00000	4719.35000
5.10346	0.00000	4719.35000
5.10730	0.00000	4719.35000
5.11114	0.00000	4719.35000
5.11498	0.00000	4719.35000
5.11882	0.00000	4872.32200
5.12266	0.00000	4872.32200
5.12648	0.00000	4872.32200
5.13031	0.00000	4872.32200
5.13415	0.00000	4872.32200
5.13797	0.00000	4872.32200
5.14181	0.00000	4979.97900
5.14564	0.00000	4979.97900
5.14948	0.00000	4979.97900
5.15332	0.00000	4979.97900
5.15716	0.00000	4979.97900
5.16099	0.00000	4979.97900
5.16483	0.00000	5043.54500
5.16866	0.00000	5043.54500
5.17250	0.00000	5043.54500
5.17634	0.00000	5043.54500
5.18017	0.00000	5043.54500
5.18401	0.00000	5043.54500
5.18786	0.00000	5096.86600
5.19170	0.00000	5096.86600
5.19561	0.00000	5096.86600
5.19948	0.00000	5096.86600
5.20333	0.00000	5096.86600
5.20717	0.00000	5096.86600
5.21103	0.00000	5096.86600
5.21489	0.00000	5128.67600
5.21873	0.00000	5128.67600
5.22257	0.00000	5128.67600
5.22641	0.00000	5128.67600
5.23024	0.00000	5128.67600
5.23409	0.00000	5128.67600
5.23795	0.00000	5155.62600
5.24181	0.00000	5155.62600
5.24566	0.00000	5155.62600
5.24952	0.00000	5155.62600
5.25336	0.00000	5155.62600
5.25721	0.00000	5155.62600
5.26105	0.00000	5155.62600
5.26488	0.00000	5176.68400
5.26871	0.00000	5176.68400
5.27254	0.00000	5176.68400
5.27637	0.00000	5176.68400
5.28022	0.00000	5176.68400
5.28403	0.00000	5176.68400
5.28790	0.00000	5192.88100
5.29175	0.00000	5192.88100
5.29560	0.00000	5192.88100
5.29944	0.00000	5192.88100
5.30331	0.00000	5192.88100
5.30716	0.00000	5192.88100
5.31100	0.00000	5192.11700
5.31483	0.00000	5192.11700
5.31868	0.00000	5192.11700
5.32253	0.00000	5192.11700
5.32638	0.00000	5192.11700
5.33023	0.00000	5192.11700
5.33406	0.00000	5192.11700
5.33791	0.00000	5198.75200
5.34175	0.00000	5198.75200
5.34558	0.00000	5198.75200
5.34942	0.00000	5198.75200
5.35326	0.00000	5198.75200
5.35710	0.00000	5198.75200
5.36093	0.00000	5202.56900
5.36479	0.00000	5202.56900
5.36864	0.00000	5202.56900
5.37247	0.00000	5202.56900
5.37632	0.00000	5202.56900
5.38017	0.00000	5202.56900
5.38401	0.00000	5202.56900
5.38786	0.00000	5198.52900
5.39169	0.00000	5198.52900
5.39553	0.00000	5198.52900
5.39936	0.00000	5198.52900
5.40320	0.00000	5198.52900
5.40703	0.00000	5198.52900
5.41087	0.00000	5200.65800
5.41471	0.00000	5200.65800
5.41855	0.00000	5200.65800
5.42239	0.00000	5200.65800
5.42622	0.00000	5200.65800
5.43005	0.00000	5200.65800
5.43389	0.00000	5200.65800
5.43773	0.00000	5205.88200
5.44157	0.00000	5205.88200
5.44541	0.00000	5205.88200
5.44921	0.00000	5205.88200
5.45305	0.00000	5205.88200
5.45689	0.00000	5205.88200
5.46073	0.00000	5208.05900
5.46457	0.00000	5208.05900
5.46840	0.00000	5208.05900
5.47225	0.00000	5208.05900
5.47608	0.00000	5208.05900
5.47992	0.00000	5208.05900
5.48375	0.00000	5208.05900
5.48758	0.00000	5203.43100
5.49142	0.00000	5203.43100
5.49525	0.00000	5203.43100
5.49909	0.00000	5203.43100
5.50293	0.00000	5203.43100
5.50678	0.00000	5203.43100
5.51061	0.00000	5210.52600
5.51445	0.00000	5210.52600
5.51829	0.00000	5210.52600
5.52214	0.00000	5210.52600
5.52597	0.00000	5210.52600
5.52981	0.00000	5210.52600
5.53365	0.00000	5210.52600
5.53750	0.00000	5205.88200
5.54133	0.00000	5205.88200
5.54518	0.00000	5205.88200
5.54901	0.00000	5205.88200
5.55284	0.00000	5205.88200
5.55668	0.00000	5205.88200
5.56052	0.00000	5203.67900
5.56436	0.00000	5203.67900
5.56818	0.00000	5203.67900
5.57203	0.00000	5203.67900
5.57587	0.00000	5203.67900
5.57971	0.00000	5203.67900
5.58355	0.00000	5203.67900
5.58737	0.00000	5207.78700
5.59122	0.00000	5207.78700
5.59507	0.00000	5207.78700
5.59889	0.00000	5207.78700
5.60273	0.00000	5207.78700
5.60657	0.00000	5207.78700
5.61042	0.00000	5208.05900
5.61426	0.00000	5208.05900
5.61811	0.00000	5208.05900
5.62195	0.00000	5208.05900
5.62579	0.00000	5208.05900
5.62964	0.00000	5208.05900
5.63348	0.00000	5212.99300
5.63731	0.00000	5212.99300
5.64116	0.00000	5212.99300
5.64499	0.00000	5212.99300
5.64883	0.00000	5212.99300
5.65266	0.00000	5212.99300
5.65651	0.00000	5212.99300
5.66035	0.00000	5209.15300
5.66419	0.00000	5209.15300
5.66803	0.00000	5209.15300
5.67187	0.00000	5209.15300
5.67570	0.00000	5209.15300
5.67956	0.00000	5209.15300
5.68339	0.00000	5208.60700
5.68724	0.00000	5208.60700
5.69109	0.00000	5208.60700
5.69498	0.00000	5208.60700
5.69884	0.00000	5208.60700
5.70268	0.00000	5208.60700
5.70654	0.00000	5208.60700
5.71039	0.00000	5207.24100
5.71423	0.00000	5207.24100
5.71806	0.00000	5207.24100
5.72190	0.00000	5207.24100
5.72574	0.00000	5207.24100
5.72957	0.00000	5207.24100
5.73341	0.00000	5203.67900
5.73726	0.00000	5203.67900
5.74110	0.00000	5203.67900
5.74494	0.00000	5203.67900
5.74878	0.00000	5203.67900
5.75261	0.00000	5203.67900
5.75646	0.00000	5203.67900
5.76031	0.00000	5199.08600
5.76415	0.00000	5199.08600
5.76799	0.00000	5199.08600
5.77183	0.00000	5199.08600
5.77567	0.00000	5199.08600
5.77952	0.00000	5199.08600
5.78337	0.00000	5208.60700
5.78724	0.00000	5208.60700
5.79108	0.00000	5208.60700
5.79494	0.00000	5208.60700
5.79877	0.00000	5208.60700
5.80262	0.00000	5208.60700
5.80647	0.00000	5208.60700
5.81030	0.00000	5212.69600
5.81415	0.00000	5212.69600
5.81799	0.00000	5212.69600
5.82184	0.00000	5212.69600
5.82568	0.00000	5212.69600
5.82951	0.00000	5212.69600
5.83336	0.00000	5203.67900
5.83721	0.00000	5203.67900
5.84105	0.00000	5203.67900
5.84488	0.00000	5203.67900
5.84871	0.00000	5203.67900
5.85254	0.00000	5203.67900
5.85638	0.00000	5203.67900
5.86022	0.00000	5203.98200
5.86403	0.00000	5203.98200
5.86786	0.00000	5203.98200
5.87170	0.00000	5203.98200
5.87555	0.00000	5203.98200
5.87939	0.00000	5203.98200
5.88323	0.00000	5199.31100
5.88707	0.00000	5199.31100
5.89091	0.00000	5199.31100
5.89475	0.00000	5199.31100
5.89860	0.00000	5199.31100
5.90244	0.00000	5199.31100
5.90629	0.00000	5199.31100
5.91011	0.00000	5204.78300
5.91395	0.00000	5204.78300
5.91779	0.00000	5204.78300
5.92163	0.00000	5204.78300
5.92547	0.00000	5204.78300
5.92932	0.00000	5204.78300
5.93316	0.00000	5206.14300
5.93701	0.00000	5206.14300
5.94085	0.00000	5206.14300
5.94468	0.00000	5206.14300
5.94852	0.00000	5206.14300
5.95236	0.00000	5206.14300
5.95620	0.00000	5204.23200
5.96003	0.00000	5204.23200
5.96386	0.00000	5204.23200
5.96769	0.00000	5204.23200
5.97154	0.00000	5204.23200
5.97537	0.00000	5204.23200
5.97921	0.00000	5204.23200
5.98304	0.00000	5201.77100
5.98688	0.00000	5201.77100
5.99071	0.00000	5201.77100
5.99455	0.00000	5201.77100
5.99838	0.00000	5201.77100
6.00221	0.00000	5201.77100
6.00605	0.00000	5201.21500
6.00988	0.00000	5201.21500
6.01373	0.00000	5201.21500
6.01756	0.00000	5201.21500
6.02141	0.00000	5201.21500
6.02525	0.00000	5201.21500
6.02909	0.00000	5201.21500
6.03292	0.00000	5207.24100
6.03676	0.00000	5207.24100
6.04060	0.00000	5207.24100
6.04443	0.00000	5207.24100
6.04828	0.00000	5207.24100
6.05211	0.00000	5207.24100
6.05595	0.00000	5206.14300
6.05978	0.00000	5206.14300
6.06362	0.00000	5206.14300
6.06746	0.00000	5206.14300
6.07130	0.00000	5206.14300
6.07515	0.00000	5206.14300
6.07899	0.00000	5206.14300
6.08282	0.00000	5201.53300
6.08665	0.00000	5201.53300
6.09051	0.00000	5201.53300
6.09436	0.00000	5201.53300
6.09818	0.00000	5201.53300
6.10202	0.00000	5201.53300
6.10587	0.00000	5206.14300
6.10971	0.00000	5206.14300
6.11355	0.00000	5206.14300
6.11739	0.00000	5206.14300
6.12123	0.00000	5206.14300
6.12507	0.00000	5206.14300
6.12891	0.00000	5206.14300
6.13274	0.00000	5201.53300
6.13659	0.00000	5201.53300
6.14043	0.00000	5201.53300
6.14426	0.00000	5201.53300
6.14810	0.00000	5201.53300
6.15195	0.00000	5201.53300
6.15579	0.00000	5208.60700
6.15963	0.00000	5208.60700
6.16345	0.00000	5208.60700
6.16731	0.00000	5208.60700
6.17114	0.00000	5208.60700
6.17497	0.00000	5208.60700
6.17881	0.00000	5208.60700
6.18264	0.00000	5203.98200
6.18647	0.00000	5203.98200
6.19031	0.00000	5203.98200
6.19415	0.00000	5203.98200
6.19799	0.00000	5203.98200
6.20183	0.00000	5203.98200
6.20566	0.00000	5206.14300
6.20950	0.00000	5206.14300
6.21334	0.00000	5206.14300
6.21717	0.00000	5206.14300
6.22102	0.00000	5206.14300
6.22487	0.00000	5206.14300
6.22872	0.00000	5206.14300
6.23256	0.00000	5205.88200
6.23640	0.00000	5205.88200
6.24026	0.00000	5205.88200
6.24412	0.00000	5205.88200
6.24796	0.00000	5205.88200
6.25180	0.00000	5205.88200
6.25566	0.00000	5208.60700
6.25949	0.00000	5208.60700
6.26333	0.00000	5208.60700
6.26716	0.00000	5208.60700
6.27100	0.00000	5208.60700
6.27484	0.00000	5208.60700
6.27868	0.00000	5208.60700
6.28251	0.00000	5207.78700
6.28635	0.00000	5207.78700
6.29021	0.00000	5207.78700
6.29406	0.00000	5207.78700
6.29791	0.00000	5207.78700
6.30174	0.00000	5207.78700
6.30557	0.00000	5210.52600
6.30941	0.00000	5210.52600
6.31325	0.00000	5210.52600
6.31708	0.00000	5210.52600
6.32092	0.00000	5210.52600
6.32476	0.00000	5210.52600
6.32860	0.00000	5210.52600
6.33243	0.00000	5207.24100
6.33628	0.00000	5207.24100
6.34013	0.00000	5207.24100
6.34396	0.00000	5207.24100
6.34780	0.00000	5207.24100
6.35164	0.00000	5207.24100
6.35549	0.00000	5211.07100
6.35932	0.00000	5211.07100
6.36315	0.00000	5211.07100
6.36700	0.00000	5211.07100
6.37084	0.00000	5211.07100
6.37468	0.00000	5211.07100
6.37851	0.00000	5208.60700
6.38234	0.00000	5208.60700
6.38618	0.00000	5208.60700
6.39002	0.00000	5208.60700
6.39386	0.00000	5208.60700
6.39769	0.00000	5208.60700
6.40153	0.00000	5208.60700
6.40536	0.00000	5209.15300
6.40920	0.00000	5209.15300
6.41304	0.00000	5209.15300
6.41688	0.00000	5209.15300
6.42072	0.00000	5209.15300
6.42457	0.00000	5209.15300
6.42842	0.00000	5204.23200
6.43228	0.00000	5204.23200
6.43613	0.00000	5204.23200
6.43996	0.00000	5204.23200
6.44382	0.00000	5204.23200
6.44765	0.00000	5204.23200
6.45149	0.00000	5204.23200
6.45532	0.00000	5203.43100
6.45916	0.00000	5203.43100
6.46300	0.00000	5203.43100
6.46684	0.00000	5203.43100
6.47069	0.00000	5203.43100
6.47453	0.00000	5203.43100
6.47836	0.00000	5208.60700
6.48220	0.00000	5208.60700
6.48604	0.00000	5208.60700
6.48990	0.00000	5208.60700
6.49373	0.00000	5208.60700
6.49758	0.00000	5208.60700
6.50142	0.00000	5208.60700
6.50525	0.00000	5201.53300
6.50908	0.00000	5201.53300
6.51292	0.00000	5201.53300
6.51676	0.00000	5201.53300
6.52060	0.00000	5201.53300
6.52443	0.00000	5201.53300
6.52827	0.00000	5203.67900
6.53211	0.00000	5203.67900
6.53594	0.00000	5203.67900
6.53978	0.00000	5203.67900
6.54361	0.00000	5203.67900
6.54745	0.00000	5203.67900
6.55128	0.00000	5203.67900
6.55511	0.00000	5205.88200
6.55894	0.00000	5205.88200
6.56279	0.00000	5205.88200
6.56662	0.00000	5205.88200
6.57046	0.00000	5205.88200
6.57429	0.00000	5205.88200
6.57813	0.00000	5210.52600
6.58196	0.00000	5210.52600
6.58580	0.00000	5210.52600
6.58964	0.00000	5210.52600
6.59347	0.00000	5210.52600
6.59730	0.00000	5210.52600
6.60113	0.00000	5210.52600
6.60497	0.00000	5210.24200
6.60880	0.00000	5210.24200
6.61264	0.00000	5210.24200
6.61647	0.00000	5210.24200
6.62030	0.00000	5210.24200
6.62415	0.00000	5210.24200
6.62799	0.00000	5210.52600
6.63183	0.00000	5210.52600
6.63566	0.00000	5210.52600
6.63950	0.00000	5210.52600
6.64334	0.00000	5210.52600
6.64718	0.00000	5210.52600
6.65101	0.00000	5210.52600
6.65485	0.00000	5196.63800
6.65868	0.00000	5196.63800
6.66252	0.00000	5196.63800
6.66635	0.00000	5196.63800
6.67018	0.00000	5196.63800
6.67403	0.00000	5196.63800
6.67787	0.00000	5210.52600
6.68170	0.00000	5210.52600
6.68553	0.00000	5210.52600
6.68937	0.00000	5210.52600
6.69321	0.00000	5210.52600
6.69705	0.00000	5210.52600
6.70089	0.00000	5210.52600
6.70472	0.00000	5200.42500
6.70855	0.00000	5200.42500
6.71240	0.00000	5200.42500
6.71623	0.00000	5200.42500
6.72003	0.00000	5200.42500
6.72387	0.00000	5200.42500
6.72770	0.00000	5198.75200
6.73154	0.00000	5198.75200
6.73538	0.00000	5198.75200
6.73922	0.00000	5198.75200
6.74305	0.00000	5198.75200
6.74688	0.00000	5198.75200
6.75071	0.00000	5198.75200
6.75454	0.00000	5208.60700
6.75840	0.00000	5208.60700
6.76223	0.00000	5208.60700
6.76606	0.00000	5208.60700
6.76990	0.00000	5208.60700
6.77375	0.00000	5208.60700
6.77759	0.00000	5208.05900
6.78142	0.00000	5208.05900
6.78527	0.00000	5208.05900
6.78914	0.00000	5208.05900
6.79298	0.00000	5208.05900
6.79683	0.00000	5208.05900
6.80066	0.00000	5203.12500
6.80448	0.00000	5203.12500
6.80833	0.00000	5203.12500
6.81218	0.00000	5203.12500
6.81603	0.00000	5203.12500
6.81987	0.00000	5203.12500
6.82371	0.00000	5203.12500
6.82756	0.00000	5204.23200
6.83139	0.00000	5204.23200
6.83522	0.00000	5204.23200
6.83906	0.00000	5204.23200
6.84290	0.00000	5204.23200
6.84674	0.00000	5204.23200
6.85058	0.00000	5205.59200
6.85442	0.00000	5205.59200
6.85827	0.00000	5205.59200
6.86211	0.00000	5205.59200
6.86594	0.00000	5205.59200
6.86979	0.00000	5205.59200
6.87363	0.00000	5205.59200
6.87746	0.00000	5200.98000
6.88130	0.00000	5200.98000
6.88513	0.00000	5200.98000
6.88896	0.00000	5200.98000
6.89279	0.00000	5200.98000
6.89664	0.00000	5200.98000
6.90047	0.00000	5200.65800
6.90432	0.00000	5200.65800
6.90816	0.00000	5200.65800
6.91200	0.00000	5200.65800
6.91585	0.00000	5200.65800
6.91968	0.00000	5200.65800
6.92352	0.00000	5200.65800
6.92736	0.00000	5205.33400
6.93121	0.00000	5205.33400
6.93507	0.00000	5205.33400
6.93891	0.00000	5205.33400
6.94275	0.00000	5205.33400
6.94658	0.00000	5205.33400
6.95043	0.00000	5208.05900
6.95427	0.00000	5208.05900
6.95811	0.00000	5208.05900
6.96196	0.00000	5208.05900
6.96579	0.00000	5208.05900
6.96962	0.00000	5208.05900
6.97348	0.00000	5208.05900
6.97731	0.00000	5200.98000
6.98115	0.00000	5200.98000
6.98499	0.00000	5200.98000
6.98884	0.00000	5200.98000
6.99268	0.00000	5200.98000
6.99651	0.00000	5200.98000
7.00036	0.00000	5205.59200
7.00419	0.00000	5205.59200
7.00803	0.00000	5205.59200
7.01186	0.00000	5205.59200
7.01570	0.00000	5205.59200
7.01956	0.00000	5205.59200
7.02340	0.00000	5205.59200
7.02723	0.00000	5195.51700
7.03107	0.00000	5195.51700
7.03491	0.00000	5195.51700
7.03875	0.00000	5195.51700
7.04259	0.00000	5195.51700
7.04644	0.00000	5195.51700
7.05027	0.00000	5203.12500
7.05411	0.00000	5203.12500
7.05796	0.00000	5203.12500
7.06179	0.00000	5203.12500
7.06563	0.00000	5203.12500
7.06947	0.00000	5203.12500
7.07331	0.00000	5203.67900
7.07714	0.00000	5203.67900
7.08100	0.00000	5203.67900
7.08484	0.00000	5203.67900
7.08868	0.00000	5203.67900
7.09251	0.00000	5203.67900
7.09635	0.00000	5203.67900
7.10019	0.00000	5201.21500
7.10403	0.00000	5201.21500
7.10786	0.00000	5201.21500
7.11172	0.00000	5201.21500
7.11556	0.00000	5201.21500
7.11940	0.00000	5201.21500
7.12324	0.00000	5205.59200
7.12707	0.00000	5205.59200
7.13091	0.00000	5205.59200
7.13475	0.00000	5205.59200
7.13859	0.00000	5205.59200
7.14244	0.00000	5205.59200
7.14627	0.00000	5205.59200
7.15010	0.00000	5199.86900
7.15393	0.00000	5199.86900
7.15779	0.00000	5199.86900
7.16161	0.00000	5199.86900
7.16546	0.00000	5199.86900
7.16929	0.00000	5199.86900
7.17313	0.00000	5198.75200
7.17697	0.00000	5198.75200
7.18080	0.00000	5198.75200
7.18463	0.00000	5198.75200
7.18846	0.00000	5198.75200
7.19229	0.00000	5198.75200
7.19613	0.00000	5198.75200
7.19997	0.00000	5198.52900
7.20380	0.00000	5198.52900
7.20763	0.00000	5198.52900
7.21147	0.00000	5198.52900
7.21532	0.00000	5198.52900
7.21915	0.00000	5198.52900
7.22299	0.00000	5205.59200
7.22684	0.00000	5205.59200
7.23067	0.00000	5205.59200
7.23452	0.00000	5205.59200
7.23840	0.00000	5205.59200
7.24226	0.00000	5205.59200
7.24609	0.00000	5205.59200
7.24993	0.00000	5202.88000
7.25377	0.00000	5202.88000
7.25762	0.00000	5202.88000
7.26147	0.00000	5202.88000
7.26532	0.00000	5202.88000
7.26915	0.00000	5202.88000
7.27298	0.00000	5200.65800
7.27683	0.00000	5200.65800
7.28067	0.00000	5200.65800
7.28451	0.00000	5200.65800
7.28836	0.00000	5200.65800
7.29222	0.00000	5200.65800
7.29603	0.00000	5200.65800
7.29987	0.00000	5202.88000
7.30374	0.00000	5202.88000
7.30758	0.00000	5202.88000
7.31142	0.00000	5202.88000
7.31526	0.00000	5202.88000
7.31911	0.00000	5202.88000
7.32296	0.00000	5203.12500
7.32681	0.00000	5203.12500
7.33065	0.00000	5203.12500
7.33449	0.00000	5203.12500
7.33833	0.00000	5203.12500
7.34217	0.00000	5203.12500
7.34601	0.00000	5203.12500
7.34985	0.00000	5201.77100
7.35368	0.00000	5201.77100
7.35751	0.00000	5201.77100
7.36138	0.00000	5201.77100
7.36521	0.00000	5201.77100
7.36905	0.00000	5201.77100
7.37291	0.00000	5198.19100
7.37675	0.00000	5198.19100
7.38058	0.00000	5198.19100
7.38444	0.00000	5198.19100
7.38827	0.00000	5198.19100
7.39212	0.00000	5198.19100
7.39595	0.00000	5200.65800
7.39978	0.00000	5200.65800
7.40362	0.00000	5200.65800
7.40746	0.00000	5200.65800
7.41130	0.00000	5200.65800
7.41515	0.00000	5200.65800
7.41899	0.00000	5200.65800
7.42283	0.00000	5208.60700
7.42667	0.00000	5208.60700
7.43051	0.00000	5208.60700
7.43435	0.00000	5208.60700
7.43818	0.00000	5208.60700
7.44203	0.00000	5208.60700
7.44587	0.00000	5196.28700
7.44970	0.00000	5196.28700
7.45355	0.00000	5196.28700
7.45739	0.00000	5196.28700
7.46123	0.00000	5196.28700
7.46508	0.00000	5196.28700
7.46892	0.00000	5196.28700
7.47275	0.00000	5200.98000
7.47658	0.00000	5200.98000
7.48042	0.00000	5200.98000
7.48426	0.00000	5200.98000
7.48810	0.00000	5200.98000
7.49194	0.00000	5200.98000
7.49578	0.00000	5200.65800
7.49963	0.00000	5200.65800
7.50346	0.00000	5200.65800
7.50729	0.00000	5200.65800
7.51112	0.00000	5200.65800
7.51497	0.00000	5200.65800
7.51880	0.00000	5200.65800
7.52263	0.00000	5196.07800
7.52646	0.00000	5196.07800
7.53029	0.00000	5196.07800
7.53414	0.00000	5196.07800
7.53798	0.00000	5196.07800
7.54183	0.00000	5196.07800
7.54567	0.00000	5203.12500
7.54951	0.00000	5203.12500
7.55336	0.00000	5203.12500
7.55719	0.00000	5203.12500
7.56104	0.00000	5203.12500
7.56487	0.00000	5203.12500
7.56871	0.00000	5203.12500
7.57255	0.00000	5202.88000
7.57639	0.00000	5202.88000
7.58024	0.00000	5202.88000
7.58408	0.00000	5202.88000
7.58793	0.00000	5202.88000
7.59176	0.00000	5202.88000
7.59560	0.00000	5205.03900
7.59945	0.00000	5205.03900
7.60328	0.00000	5205.03900
7.60713	0.00000	5205.03900
7.61096	0.00000	5205.03900
7.61479	0.00000	5205.03900
7.61864	0.00000	5205.03900
7.62247	0.00000	5202.88000
7.62632	0.00000	5202.88000
7.63016	0.00000	5202.88000
7.63400	0.00000	5202.88000
7.63785	0.00000	5202.88000
7.64169	0.00000	5202.88000
7.64555	0.00000	5205.59200
7.64938	0.00000	5205.59200
7.65324	0.00000	5205.59200
7.65708	0.00000	5205.59200
7.66092	0.00000	5205.59200
7.66475	0.00000	5205.59200
7.66858	0.00000	5205.59200
7.67242	0.00000	5203.67900
7.67626	0.00000	5203.67900
7.68009	0.00000	5203.67900
7.68392	0.00000	5203.67900
7.68776	0.00000	5203.67900
7.69159	0.00000	5203.67900
7.69544	0.00000	5202.56900
7.69928	0.00000	5202.56900
7.70312	0.00000	5202.56900
7.70695	0.00000	5202.56900
7.71081	0.00000	5202.56900
7.71466	0.00000	5202.56900
7.71850	0.00000	5205.03900
7.72234	0.00000	5205.03900
7.72617	0.00000	5205.03900
7.73001	0.00000	5205.03900
7.73384	0.00000	5205.03900
7.73768	0.00000	5205.03900
7.74152	0.00000	5205.03900
7.74536	0.00000	5197.41100
7.74919	0.00000	5197.41100
7.75303	0.00000	5197.41100
7.75689	0.00000	5197.41100
7.76072	0.00000	5197.41100
7.76456	0.00000	5197.41100
7.76840	0.00000	5195.72300
7.77225	0.00000	5195.72300
7.77609	0.00000	5195.72300
7.77993	0.00000	5195.72300
7.78376	0.00000	5195.72300
7.78760	0.00000	5195.72300
7.79147	0.00000	5195.72300
7.79532	0.00000	5200.42500
7.79916	0.00000	5200.42500
7.80301	0.00000	5200.42500
7.80685	0.00000	5200.42500
7.81069	0.00000	5200.42500
7.81454	0.00000	5200.42500
7.81837	0.00000	5200.09800
7.82222	0.00000	5200.09800
7.82606	0.00000	5200.09800
7.82989	0.00000	5200.09800
7.83372	0.00000	5200.09800
7.83757	0.00000	5200.09800
7.84140	0.00000	5200.09800
7.84524	0.00000	5193.06300
7.84908	0.00000	5193.06300
7.85293	0.00000	5193.06300
7.85677	0.00000	5193.06300
7.86060	0.00000	5193.06300
7.86443	0.00000	5193.06300
7.86827	0.00000	5193.25600
7.87209	0.00000	5193.25600
7.87593	0.00000	5193.25600
7.87977	0.00000	5193.25600
7.88360	0.00000	5193.25600
7.88744	0.00000	5193.25600
7.89127	0.00000	5193.25600
7.89512	0.00000	5197.41100
7.89896	0.00000	5197.41100
7.90280	0.00000	5197.41100
7.90663	0.00000	5197.41100
7.91048	0.00000	5197.41100
7.91432	0.00000	5197.41100
7.91815	0.00000	5190.78900
7.92198	0.00000	5190.78900
7.92583	0.00000	5190.78900
7.92966	0.00000	5190.78900
7.93350	0.00000	5190.78900
7.93733	0.00000	5190.78900
7.94118	0.00000	5190.78900
7.94500	0.00000	5198.19100
7.94885	0.00000	5198.19100
7.95269	0.00000	5198.19100
7.95652	0.00000	5198.19100
7.96037	0.00000	5198.19100
7.96421	0.00000	5198.19100
7.96803	0.00000	5199.53800
7.97187	0.00000	5199.53800
7.97571	0.00000	5199.53800
7.97954	0.00000	5199.53800
7.98338	0.00000	5199.53800
7.98722	0.00000	5199.53800
7.99107	0.00000	5200.09800
7.99491	0.00000	5200.09800
7.99874	0.00000	5200.09800
8.00258	0.00000	5200.09800
8.00642	0.00000	5200.09800
8.01026	0.00000	5200.09800
8.01411	0.00000	5200.09800
8.01794	0.00000	5194.38900
8.02177	0.00000	5194.38900
8.02562	0.00000	5194.38900
8.02946	0.00000	5194.38900
8.03330	0.00000	5194.38900
8.03714	0.00000	5194.38900
8.04098	0.00000	5195.15800
8.04482	0.00000	5195.15800
8.04866	0.00000	5195.15800
8.05249	0.00000	5195.15800
8.05633	0.00000	5195.15800
8.06017	0.00000	5195.15800
8.06400	0.00000	5195.15800
8.06785	0.00000	5192.49700
8.07168	0.00000	5192.49700
8.07551	0.00000	5192.49700
8.07935	0.00000	5192.49700
8.08319	0.00000	5192.49700
8.08702	0.00000	5192.49700
8.09086	0.00000	5189.64400
8.09470	0.00000	5189.64400
8.09853	0.00000	5189.64400
8.10237	0.00000	5189.64400
8.10621	0.00000	5189.64400
8.11004	0.00000	5189.64400
8.11388	0.00000	5189.64400
8.11772	0.00000	5187.58100
8.12155	0.00000	5187.58100
8.12539	0.00000	5187.58100
8.12921	0.00000	5187.58100
8.13306	0.00000	5187.58100
8.13690	0.00000	5187.58100
8.14074	0.00000	5192.11700
8.14458	0.00000	5192.11700
8.14842	0.00000	5192.11700
8.15226	0.00000	5192.11700
8.15610	0.00000	5192.11700
8.15993	0.00000	5192.11700
8.16376	0.00000	5192.11700
8.16760	0.00000	5188.89600
8.17143	0.00000	5188.89600
8.17527	0.00000	5188.89600
8.17911	0.00000	5188.89600
8.18295	0.00000	5188.89600
8.18679	0.00000	5188.89600
8.19062	0.00000	5194.59100
8.19445	0.00000	5194.59100
8.19829	0.00000	5194.59100
8.20214	0.00000	5194.59100
8.20597	0.00000	5194.59100
8.20981	0.00000	5194.59100
8.21365	0.00000	5187.74700
8.21748	0.00000	5187.74700
8.22131	0.00000	5187.74700
8.22515	0.00000	5187.74700
8.22898	0.00000	5187.74700
8.23281	0.00000	5187.74700
8.23665	0.00000	5187.74700
8.24053	0.00000	5195.15800
8.24438	0.00000	5195.15800
8.24822	0.00000	5195.15800
8.25203	0.00000	5195.15800
8.25587	0.00000	5195.15800
8.25971	0.00000	5195.15800
8.26355	0.00000	5189.64400
8.26740	0.00000	5189.64400
8.27124	0.00000	5189.64400
8.27509	0.00000	5189.64400
8.27894	0.00000	5189.64400
8.28278	0.00000	5189.64400
8.28662	0.00000	5189.64400
8.29050	0.00000	5199.31100
8.29435	0.00000	5199.31100
8.29819	0.00000	5199.31100
8.30205	0.00000	5199.31100
8.30596	0.00000	5199.31100
8.30986	0.00000	5199.31100
8.31371	0.00000	5197.06500
8.31755	0.00000	5197.06500
8.32140	0.00000	5197.06500
8.32524	0.00000	5197.06500
8.32908	0.00000	5197.06500
8.33293	0.00000	5197.06500
8.33678	0.00000	5197.06500
8.34062	0.00000	5187.58100
8.34447	0.00000	5187.58100
8.34831	0.00000	5187.58100
8.35215	0.00000	5187.58100
8.35600	0.00000	5187.58100
8.35985	0.00000	5187.58100
8.36369	0.00000	5194.59100
8.36753	0.00000	5194.59100
8.37137	0.00000	5194.59100
8.37521	0.00000	5194.59100
8.37905	0.00000	5194.59100
8.38290	0.00000	5194.59100
8.38674	0.00000	5194.59100
8.39057	0.00000	5194.59100
8.39440	0.00000	5194.59100
8.39824	0.00000	5194.59100
8.40208	0.00000	5194.59100
8.40593	0.00000	5194.59100
8.40977	0.00000	5194.59100
8.41361	0.00000	5197.62800
8.41744	0.00000	5197.62800
8.42128	0.00000	5197.62800
8.42513	0.00000	5197.62800
8.42897	0.00000	5197.62800
8.43280	0.00000	5197.62800
8.43663	0.00000	5190.21700
8.44049	0.00000	5190.21700
8.44433	0.00000	5190.21700
8.44816	0.00000	5190.21700
8.45201	0.00000	5190.21700
8.45585	0.00000	5190.21700
8.45969	0.00000	5190.21700
8.46353	0.00000	5192.49700
8.46738	0.00000	5192.49700
8.47121	0.00000	5192.49700
8.47506	0.00000	5192.49700
8.47892	0.00000	5192.49700
8.48276	0.00000	5192.49700
8.48664	0.00000	5194.59100
8.49048	0.00000	5194.59100
8.49433	0.00000	5194.59100
8.49816	0.00000	5194.59100
8.50201	0.00000	5194.59100
8.50585	0.00000	5194.59100
8.50968	0.00000	5194.59100
8.51351	0.00000	5194.38900
8.51737	0.00000	5194.38900
8.52120	0.00000	5194.38900
8.52505	0.00000	5194.38900
8.52889	0.00000	5194.38900
8.53273	0.00000	5194.38900
8.53658	0.00000	5196.49900
8.54043	0.00000	5196.49900
8.54427	0.00000	5196.49900
8.54812	0.00000	5196.49900
8.55195	0.00000	5196.49900
8.55579	0.00000	5196.49900
8.55964	0.00000	5196.49900
8.56346	0.00000	5188.89600
8.56730	0.00000	5188.89600
8.57113	0.00000	5188.89600
8.57497	0.00000	5188.89600
8.57881	0.00000	5188.89600
8.58266	0.00000	5188.89600
8.58649	0.00000	5199.53800
8.59034	0.00000	5199.53800
8.59418	0.00000	5199.53800
8.59802	0.00000	5199.53800
8.60186	0.00000	5199.53800
8.60570	0.00000	5199.53800
8.60953	0.00000	5192.11700
8.61336	0.00000	5192.11700
8.61720	0.00000	5192.11700
8.62104	0.00000	5192.11700
8.62488	0.00000	5192.11700
8.62872	0.00000	5192.11700
8.63255	0.00000	5192.11700
8.63639	0.00000	5193.25600
8.64023	0.00000	5193.25600
8.64407	0.00000	5193.25600
8.64791	0.00000	5193.25600
8.65174	0.00000	5193.25600
8.65558	0.00000	5193.25600
8.65942	0.00000	5197.06500
8.66328	0.00000	5197.06500
8.66712	0.00000	5197.06500
8.67095	0.00000	5197.06500
8.67479	0.00000	5197.06500
8.67864	0.00000	5197.06500
8.68247	0.00000	5197.06500
8.68630	0.00000	5196.85000
8.69014	0.00000	5196.85000
8.69398	0.00000	5196.85000
8.69781	0.00000	5196.85000
8.70165	0.00000	5196.85000
8.70549	0.00000	5196.85000
8.70932	0.00000	5194.59100
8.71316	0.00000	5194.59100
8.71699	0.00000	5194.59100
8.72083	0.00000	5194.59100
8.72467	0.00000	5194.59100
8.72851	0.00000	5194.59100
8.73236	0.00000	5194.59100
8.73620	0.00000	5192.49700
8.74003	0.00000	5192.49700
8.74385	0.00000	5192.49700
8.74769	0.00000	5192.49700
8.75154	0.00000	5192.49700
8.75538	0.00000	5192.49700
8.75922	0.00000	5187.74700
8.76306	0.00000	5187.74700
8.76690	0.00000	5187.74700
8.77073	0.00000	5187.74700
8.77458	0.00000	5187.74700
8.77841	0.00000	5187.74700
8.78225	0.00000	5187.74700
8.78609	0.00000	5194.38900
8.78994	0.00000	5194.38900
8.79379	0.00000	5194.38900
8.79764	0.00000	5194.38900
8.80149	0.00000	5194.38900
8.80533	0.00000	5194.38900
8.80917	0.00000	5197.06500
8.81301	0.00000	5197.06500
8.81686	0.00000	5197.06500
8.82070	0.00000	5197.06500
8.82453	0.00000	5197.06500
8.82837	0.00000	5197.06500
8.83222	0.00000	5192.11700
8.83603	0.00000	5192.11700
8.83987	0.00000	5192.11700
8.84372	0.00000	5192.11700
8.84755	0.00000	5192.11700
8.85139	0.00000	5192.11700
8.85522	0.00000	5192.11700
8.85907	0.00000	5195.15800
8.86290	0.00000	5195.15800
8.86674	0.00000	5195.15800
8.87058	0.00000	5195.15800
8.87441	0.00000	5195.15800
8.87825	0.00000	5195.15800
8.88208	0.00000	5192.11700
8.88593	0.00000	5192.11700
8.88977	0.00000	5192.11700
8.89360	0.00000	5192.11700
8.89744	0.00000	5192.11700
8.90127	0.00000	5192.11700
8.90511	0.00000	5192.11700
8.90897	0.00000	5187.58100
8.91281	0.00000	5187.58100
8.91665	0.00000	5187.58100
8.92050	0.00000	5187.58100
8.92434	0.00000	5187.58100
8.92817	0.00000	5187.58100
8.93203	0.00000	5194.59100
8.93586	0.00000	5194.59100
8.93969	0.00000	5194.59100
8.94353	0.00000	5194.59100
8.94737	0.00000	5194.59100
8.95122	0.00000	5194.59100
8.95506	0.00000	5194.59100
8.95890	0.00000	5185.12400
8.96273	0.00000	5185.12400
8.96657	0.00000	5185.12400
8.97041	0.00000	5185.12400
8.97425	0.00000	5185.12400
8.97808	0.00000	5185.12400
8.98192	0.00000	5194.59100
8.98576	0.00000	5194.59100
8.98960	0.00000	5194.59100
8.99345	0.00000	5194.59100
8.99729	0.00000	5194.59100
9.00114	0.00000	5194.59100
9.00498	0.00000	5194.59100
9.00881	0.00000	5189.46900
9.01265	0.00000	5189.46900
9.01650	0.00000	5189.46900
9.02034	0.00000	5189.46900
9.02418	0.00000	5189.46900
9.02802	0.00000	5189.46900
9.03186	0.00000	5192.11700
9.03570	0.00000	5192.11700
9.03954	0.00000	5192.11700
9.04338	0.00000	5192.11700
9.04722	0.00000	5192.11700
9.05106	0.00000	5192.11700
9.05491	0.00000	5189.64400
9.05874	0.00000	5189.64400
9.06259	0.00000	5189.64400
9.06643	0.00000	5189.64400
9.07026	0.00000	5189.64400
9.07410	0.00000	5189.64400
9.07793	0.00000	5189.64400
9.08177	0.00000	5195.72300
9.08560	0.00000	5195.72300
9.08944	0.00000	5195.72300
9.09329	0.00000	5195.72300
9.09714	0.00000	5195.72300
9.10098	0.00000	5195.72300
9.10482	0.00000	5194.59100
9.10868	0.00000	5194.59100
9.11251	0.00000	5194.59100
9.11635	0.00000	5194.59100
9.12017	0.00000	5194.59100
9.12403	0.00000	5194.59100
9.12787	0.00000	5194.59100
9.13171	0.00000	5187.58100
9.13555	0.00000	5187.58100
9.13938	0.00000	5187.58100
9.14322	0.00000	5187.58100
9.14707	0.00000	5187.58100
9.15090	0.00000	5187.58100
9.15475	0.00000	5189.64400
9.15859	0.00000	5189.64400
9.16243	0.00000	5189.64400
9.16627	0.00000	5189.64400
9.17010	0.00000	5189.64400
9.17393	0.00000	5189.64400
9.17776	0.00000	5189.64400
9.18160	0.00000	5187.58100
9.18545	0.00000	5187.58100
9.18929	0.00000	5187.58100
9.19313	0.00000	5187.58100
9.19697	0.00000	5187.58100
9.20082	0.00000	5187.58100
9.20466	0.00000	5192.11700
9.20850	0.00000	5192.11700
9.21233	0.00000	5192.11700
9.21620	0.00000	5192.11700
9.22003	0.00000	5192.11700
9.22387	0.00000	5192.11700
9.22770	0.00000	5192.11700
9.23154	0.00000	5189.46900
9.23538	0.00000	5189.46900
9.23926	0.00000	5189.46900
9.24312	0.00000	5189.46900
9.24697	0.00000	5189.46900
9.25082	0.00000	5189.46900
9.25467	0.00000	5190.21700
9.25851	0.00000	5190.21700
9.26236	0.00000	5190.21700
9.26620	0.00000	5190.21700
9.27004	0.00000	5190.21700
9.27390	0.00000	5190.21700
9.27775	0.00000	5192.68800
9.28162	0.00000	5192.68800
9.28546	0.00000	5192.68800
9.28931	0.00000	5192.68800
9.29317	0.00000	5192.68800
9.29702	0.00000	5192.68800
9.30086	0.00000	5192.68800
9.30470	0.00000	5191.92900
9.30854	0.00000	5191.92900
9.31237	0.00000	5191.92900
9.31621	0.00000	5191.92900
9.32003	0.00000	5191.92900
9.32388	0.00000	5191.92900
9.32771	0.00000	5197.06500
9.33157	0.00000	5197.06500
9.33541	0.00000	5197.06500
9.33925	0.00000	5197.06500
9.34308	0.00000	5197.06500
9.34693	0.00000	5197.06500
9.35076	0.00000	5197.06500
9.35460	0.00000	5185.70000
9.35844	0.00000	5185.70000
9.36228	0.00000	5185.70000
9.36612	0.00000	5185.70000
9.36995	0.00000	5185.70000
9.37379	0.00000	5185.70000
9.37763	0.00000	5192.68800
9.38147	0.00000	5192.68800
9.38531	0.00000	5192.68800
9.38915	0.00000	5192.68800
9.39299	0.00000	5192.68800
9.39683	0.00000	5192.68800
9.40067	0.00000	5192.68800
9.40451	0.00000	5185.70000
9.40835	0.00000	5185.70000
9.41218	0.00000	5185.70000
9.41602	0.00000	5185.70000
9.41987	0.00000	5185.70000
9.42371	0.00000	5185.70000
9.42754	0.00000	5199.53800
9.43138	0.00000	5199.53800
9.43523	0.00000	5199.53800
9.43906	0.00000	5199.53800
9.44290	0.00000	5199.53800
9.44674	0.00000	5199.53800
9.45059	0.00000	5199.53800
9.45443	0.00000	5198.19100
9.45827	0.00000	5198.19100
9.46210	0.00000	5198.19100
9.46596	0.00000	5198.19100
9.46979	0.00000	5198.19100
9.47363	0.00000	5198.19100
9.47747	0.00000	5197.06500
9.48133	0.00000	5197.06500
9.48516	0.00000	5197.06500
9.48900	0.00000	5197.06500
9.49283	0.00000	5197.06500
9.49666	0.00000	5197.06500
9.50049	0.00000	5192.68800
9.50433	0.00000	5192.68800
9.50817	0.00000	5192.68800
9.51200	0.00000	5192.68800
9.51584	0.00000	5192.68800
9.51967	0.00000	5192.68800
9.52351	0.00000	5192.68800
9.52736	0.00000	5193.82300
9.53120	0.00000	5193.82300
9.53504	0.00000	5193.82300
9.53888	0.00000	5193.82300
9.54272	0.00000	5193.82300
9.54655	0.00000	5193.82300
9.55040	0.00000	5192.68800
9.55424	0.00000	5192.68800
9.55808	0.00000	5192.68800
9.56191	0.00000	5192.68800
9.56575	0.00000	5192.68800
9.56960	0.00000	5192.68800
9.57344	0.00000	5192.68800
9.57727	0.00000	5193.06300
9.58112	0.00000	5193.06300
9.58496	0.00000	5193.06300
9.58880	0.00000	5193.06300
9.59264	0.00000	5193.06300
9.59648	0.00000	5193.06300
9.60032	0.00000	5192.68800
9.60415	0.00000	5192.68800
9.60800	0.00000	5192.68800
9.61184	0.00000	5192.68800
9.61568	0.00000	5192.68800
9.61951	0.00000	5192.68800
9.62336	0.00000	5192.68800
9.62720	0.00000	5194.95400
9.63103	0.00000	5194.95400
9.63487	0.00000	5194.95400
9.63872	0.00000	5194.95400
9.64256	0.00000	5194.95400
9.64640	0.00000	5194.95400
9.65025	0.00000	5192.68800
9.65409	0.00000	5192.68800
9.65792	0.00000	5192.68800
9.66176	0.00000	5192.68800
9.66560	0.00000	5192.68800
9.66944	0.00000	5192.68800
9.67328	0.00000	5192.68800
9.67712	0.00000	5190.03900
9.68097	0.00000	5190.03900
9.68481	0.00000	5190.03900
9.68866	0.00000	5190.03900
9.69249	0.00000	5190.03900
9.69633	0.00000	5190.03900
9.70017	0.00000	5197.62800
9.70401	0.00000	5197.62800
9.70786	0.00000	5197.62800
9.71170	0.00000	5197.62800
9.71554	0.00000	5197.62800
9.71937	0.00000	5197.62800
9.72320	0.00000	5202.01200
9.72704	0.00000	5202.01200
9.73089	0.00000	5202.01200
9.73472	0.00000	5202.01200
9.73856	0.00000	5202.01200
9.74241	0.00000	5202.01200
9.74625	0.00000	5202.01200
9.75008	0.00000	5193.25600
9.75392	0.00000	5193.25600
9.75776	0.00000	5193.25600
9.76159	0.00000	5193.25600
9.76544	0.00000	5193.25600
9.76928	0.00000	5193.25600
9.77311	0.00000	5193.25600
9.77697	0.00000	5193.25600
9.78080	0.00000	5193.25600
9.78464	0.00000	5193.25600
9.78848	0.00000	5193.25600
9.79234	0.00000	5193.25600
9.79618	0.00000	5193.25600
9.80003	0.00000	5197.41100
9.80388	0.00000	5197.41100
9.80772	0.00000	5197.41100
9.81157	0.00000	5197.41100
9.81541	0.00000	5197.41100
9.81926	0.00000	5197.41100
9.82311	0.00000	5195.15800
9.82694	0.00000	5195.15800
9.83078	0.00000	5195.15800
9.83463	0.00000	5195.15800
9.83847	0.00000	5195.15800
9.84230	0.00000	5195.15800
9.84615	0.00000	5195.15800
9.84999	0.00000	5188.15400
9.85382	0.00000	5188.15400
9.85765	0.00000	5188.15400
9.86150	0.00000	5188.15400
9.86534	0.00000	5188.15400
9.86918	0.00000	5188.15400
9.87302	0.00000	5194.59100
9.87686	0.00000	5194.59100
9.88070	0.00000	5194.59100
9.88455	0.00000	5194.59100
9.88838	0.00000	5194.59100
9.89222	0.00000	5194.59100
9.89603	0.00000	5194.59100
9.89986	0.00000	5197.41100
9.90370	0.00000	5197.41100
9.90753	0.00000	5197.41100
9.91137	0.00000	5197.41100
9.91522	0.00000	5197.41100
9.91906	0.00000	5197.41100
9.92289	0.00000	5195.15800
9.92673	0.00000	5195.15800
9.93058	0.00000	5195.15800
9.93441	0.00000	5195.15800
9.93824	0.00000	5195.15800
9.94208	0.00000	5195.15800
9.94591	0.00000	5195.15800
9.94974	0.00000	5191.92900
9.95358	0.00000	5191.92900
9.95741	0.00000	5191.92900
9.96125	0.00000	5191.92900
9.96509	0.00000	5191.92900
9.96894	0.00000	5191.92900
9.97277	0.00000	5199.53800
9.97662	0.00000	5199.53800
9.98045	0.00000	5199.53800
9.98429	0.00000	5199.53800
9.98812	0.00000	5199.53800
9.99196	0.00000	5199.53800
9.99579	0.00000	5199.53800
9.99962	0.00000	5199.53800
