Time (s)   Thrust (N)   RPM
0.00029	0.00000	4325.98000
0.00418	0.00000	4325.98000
0.00804	0.00000	4325.98000
0.01189	0.00000	4314.98300
0.01572	0.00000	4314.98300
0.01957	0.00000	4314.98300
0.02348	0.00000	4314.98300
0.02734	0.00000	4314.98300
0.03117	0.00000	4155.83000
0.03500	0.00000	4155.83000
0.03882	0.00000	4155.83000
0.04265	0.00000	4155.83000
0.04647	0.00000	4155.83000
0.05030	0.00000	3961.58800
0.05412	0.00000	3961.58800
0.05795	0.00000	3961.58800
0.06177	0.00000	3961.58800
0.06560	0.00000	3961.58800
0.06942	0.00000	3793.52600
0.07324	0.00000	3793.52600
0.07707	0.00000	3793.52600
0.08089	0.00000	3793.52600
0.08471	0.00000	3652.77700
0.08853	0.00000	3652.77700
0.09237	0.00000	3652.77700
0.09619	0.00000	3652.77700
0.10002	0.00000	3652.77700
0.10385	0.00000	3524.43600
0.10767	0.00000	3524.43600
0.11150	0.00000	3524.43600
0.11532	0.00000	3524.43600
0.11916	0.00000	3412.06400
0.12302	0.00000	3412.06400
0.12684	0.00000	3412.06400
0.13068	0.00000	3412.06400
0.13451	0.00000	3412.06400
0.13834	0.00000	3295.89800
0.14217	0.00000	3295.89800
0.14602	0.00000	3295.89800
0.14985	0.00000	3295.89800
0.15368	0.00000	3202.50000
0.15751	0.00000	3202.50000
0.16134	0.00000	3202.50000
0.16516	0.00000	3202.50000
0.16898	0.00000	3113.56700
0.17281	0.00000	3113.56700
0.17663	0.00000	3113.56700
0.18046	0.00000	3113.56700
0.18429	0.00000	3037.19000
0.18811	0.00000	3037.19000
0.19194	0.00000	3037.19000
0.19578	0.00000	3037.19000
0.19961	0.00000	3037.19000
0.20343	0.00000	2970.06300
0.20725	0.00000	2970.06300
0.21108	0.00000	2970.06300
0.21491	0.00000	2970.06300
0.21874	0.00000	2891.94900
0.22256	0.00000	2891.94900
0.22639	0.00000	2891.94900
0.23021	0.00000	2891.94900
0.23403	0.00000	2824.51900
0.23786	0.00000	2824.51900
0.24168	0.00000	2824.51900
0.24550	0.00000	2824.51900
0.24933	0.00000	2759.96700
0.25316	0.00000	2759.96700
0.25700	0.00000	2759.96700
0.26082	0.00000	2759.96700
0.26464	0.00000	2694.29300
0.26847	0.00000	2694.29300
0.27229	0.00000	2694.29300
0.27611	0.00000	2654.86700
0.27993	0.00000	2654.86700
0.28377	0.00000	2654.86700
0.28759	0.00000	2654.86700
0.29141	0.00000	2611.60700
0.29523	0.00000	2611.60700
0.29906	0.00000	2611.60700
0.30288	0.00000	2611.60700
0.30671	0.00000	2557.19800
0.31053	0.00000	2557.19800
0.31436	0.00000	2557.19800
0.31818	0.00000	2557.19800
0.32201	0.00000	2502.79000
0.32582	0.00000	2502.79000
0.32965	0.00000	2502.79000
0.33347	0.00000	2502.79000
0.33729	0.00000	2466.21600
0.34111	0.00000	2466.21600
0.34493	0.00000	2466.21600
0.34875	0.00000	2466.21600
0.35258	0.00000	2437.50000
0.35641	0.00000	2437.50000
0.36025	0.00000	2437.50000
0.36407	0.00000	2437.50000
0.36790	0.00000	2395.35500
0.37172	0.00000	2395.35500
0.37555	0.00000	2395.35500
0.37938	0.00000	2365.45100
0.38318	0.00000	2365.45100
0.38700	0.00000	2365.45100
0.39083	0.00000	2365.45100
0.39465	0.00000	2313.64700
0.39847	0.00000	2313.64700
0.40230	0.00000	2313.64700
0.40613	0.00000	2313.64700
0.40995	0.00000	2274.94200
0.41377	0.00000	2274.94200
0.41760	0.00000	2274.94200
0.42142	0.00000	2264.89400
0.42524	0.00000	2264.89400
0.42907	0.00000	2264.89400
0.43290	0.00000	2264.89400
0.43673	0.00000	2234.22900
0.44055	0.00000	2234.22900
0.44437	0.00000	2234.22900
0.44820	0.00000	2234.22900
0.45202	0.00000	2212.32400
0.45584	0.00000	2212.32400
0.45966	0.00000	2212.32400
0.46348	0.00000	2184.55200
0.46730	0.00000	2184.55200
0.47112	0.00000	2184.55200
0.47495	0.00000	2184.55200
0.47878	0.00000	2174.10700
0.48260	0.00000	2174.10700
0.48642	0.00000	2174.10700
0.49026	0.00000	2174.10700
0.49408	0.00000	2140.33000
0.49790	0.00000	2140.33000
0.50173	0.00000	2140.33000
0.50555	0.00000	2120.53500
0.50938	0.00000	2120.53500
0.51320	0.00000	2120.53500
0.51703	0.00000	2120.53500
0.52086	0.00000	2098.21400
0.52468	0.00000	2098.21400
0.52850	0.00000	2098.21400
0.53232	0.00000	2098.21400
0.53614	0.00000	2084.82100
0.53996	0.00000	2084.82100
0.54379	0.00000	2084.82100
0.54761	0.00000	2064.30300
0.55144	0.00000	2064.30300
0.55526	0.00000	2064.30300
0.55908	0.00000	2064.30300
0.56291	0.00000	2040.17800
0.56673	0.00000	2040.17800
0.57055	0.00000	2040.17800
0.57437	0.00000	2019.23000
0.57820	0.00000	2019.23000
0.58202	0.00000	2019.23000
0.58584	0.00000	2019.23000
0.58967	0.00000	2025.18200
0.59349	0.00000	2025.18200
0.59731	0.00000	2025.18200
0.60113	0.00000	2025.18200
0.60496	0.00000	1996.69400
0.60879	0.00000	1996.69400
0.61261	0.00000	1996.69400
0.61643	0.00000	1979.67200
0.62026	0.00000	1979.67200
0.62409	0.00000	1979.67200
0.62792	0.00000	1979.67200
0.63174	0.00000	1984.22300
0.63556	0.00000	1984.22300
0.63940	0.00000	1984.22300
0.64318	0.00000	1947.81500
0.64700	0.00000	1947.81500
0.65083	0.00000	1947.81500
0.65465	0.00000	1947.81500
0.65847	0.00000	1947.81500
0.66230	0.00000	1947.81500
0.66612	0.00000	1947.81500
0.66994	0.00000	1934.74200
0.67376	0.00000	1934.74200
0.67758	0.00000	1934.74200
0.68140	0.00000	1934.74200
0.68522	0.00000	1911.40700
0.68905	0.00000	1911.40700
0.69287	0.00000	1911.40700
0.69669	0.00000	1911.76400
0.70051	0.00000	1911.76400
0.70433	0.00000	1911.76400
0.70816	0.00000	1911.76400
0.71198	0.00000	1897.97800
0.71580	0.00000	1897.97800
0.71963	0.00000	1897.97800
0.72346	0.00000	1897.97800
0.72728	0.00000	1893.38200
0.73110	0.00000	1893.38200
0.73492	0.00000	1893.38200
0.73874	0.00000	1888.92300
0.74257	0.00000	1888.92300
0.74639	0.00000	1888.92300
0.75021	0.00000	1888.92300
0.75403	0.00000	1875.00000
0.75785	0.00000	1875.00000
0.76168	0.00000	1875.00000
0.76550	0.00000	1865.71700
0.76932	0.00000	1865.71700
0.77314	0.00000	1865.71700
0.77696	0.00000	1865.71700
0.78078	0.00000	1852.02200
0.78461	0.00000	1852.02200
0.78843	0.00000	1852.02200
0.79225	0.00000	1851.79400
0.79607	0.00000	1851.79400
0.79989	0.00000	1851.79400
0.80371	0.00000	1851.79400
0.80753	0.00000	1847.15300
0.81136	0.00000	1847.15300
0.81518	0.00000	1847.15300
0.81900	0.00000	1828.58900
0.82282	0.00000	1828.58900
0.82665	0.00000	1828.58900
0.83047	0.00000	1828.58900
0.83430	0.00000	1815.25700
0.83814	0.00000	1815.25700
0.84199	0.00000	1815.25700
0.84583	0.00000	1814.66500
0.84965	0.00000	1814.66500
0.85348	0.00000	1814.66500
0.85730	0.00000	1814.66500
0.86112	0.00000	1814.66500
0.86494	0.00000	1814.66500
0.86877	0.00000	1814.66500
0.87260	0.00000	1818.75000
0.87643	0.00000	1818.75000
0.88026	0.00000	1818.75000
0.88409	0.00000	1818.75000
0.88791	0.00000	1800.74200
0.89173	0.00000	1800.74200
0.89555	0.00000	1800.74200
0.89937	0.00000	1804.68700
0.90318	0.00000	1804.68700
0.90701	0.00000	1804.68700
0.91085	0.00000	1782.17800
0.91466	0.00000	1782.17800
0.91848	0.00000	1782.17800
0.92231	0.00000	1782.17800
0.92614	0.00000	1772.89600
0.92997	0.00000	1772.89600
0.93379	0.00000	1772.89600
0.93761	0.00000	1785.93700
0.94144	0.00000	1785.93700
0.94525	0.00000	1785.93700
0.94907	0.00000	1785.93700
0.95289	0.00000	1781.25000
0.95673	0.00000	1781.25000
0.96054	0.00000	1781.25000
0.96437	0.00000	1771.87500
0.96820	0.00000	1771.87500
0.97202	0.00000	1771.87500
0.97584	0.00000	1771.87500
0.97967	0.00000	1781.25000
0.98353	0.00000	1781.25000
0.98737	0.00000	1781.25000
0.99118	0.00000	1767.18700
0.99500	0.00000	1767.18700
0.99883	0.00000	1767.18700
1.00266	0.00000	1767.18700
1.00649	0.00000	1767.18700
1.01030	0.00000	1767.18700
1.01414	0.00000	1767.18700
1.01797	0.00000	1753.12500
1.02180	0.00000	1753.12500
1.02563	0.00000	1753.12500
1.02950	0.00000	1753.12500
1.03335	0.00000	1762.50000
1.03718	0.00000	1762.50000
1.04103	0.00000	1762.50000
1.04487	0.00000	1748.43700
1.04869	0.00000	1748.43700
1.05252	0.00000	1748.43700
1.05634	0.00000	1748.43700
1.06016	0.00000	1748.43700
1.06398	0.00000	1748.43700
1.06781	0.00000	1748.43700
1.07164	0.00000	1756.62800
1.07546	0.00000	1756.62800
1.07929	0.00000	1756.62800
1.08311	0.00000	1751.89400
1.08695	0.00000	1751.89400
1.09077	0.00000	1751.89400
1.09458	0.00000	1751.89400
1.09841	0.00000	1734.37500
1.10224	0.00000	1734.37500
1.10606	0.00000	1734.37500
1.10988	0.00000	1742.42400
1.11371	0.00000	1742.42400
1.11755	0.00000	1742.42400
1.12137	0.00000	1742.42400
1.12520	0.00000	1739.06200
1.12903	0.00000	1739.06200
1.13286	0.00000	1739.06200
1.13667	0.00000	1720.31200
1.14050	0.00000	1720.31200
1.14432	0.00000	1720.31200
1.14814	0.00000	1720.31200
1.15196	0.00000	1734.37500
1.15578	0.00000	1734.37500
1.15961	0.00000	1734.37500
1.16343	0.00000	1715.62500
1.16725	0.00000	1715.62500
1.17108	0.00000	1715.62500
1.17489	0.00000	1715.62500
1.17871	0.00000	1720.31200
1.18253	0.00000	1720.31200
1.18636	0.00000	1720.31200
1.19018	0.00000	1728.21900
1.19400	0.00000	1728.21900
1.19784	0.00000	1728.21900
1.20166	0.00000	1728.21900
1.20549	0.00000	1728.21900
1.20931	0.00000	1728.21900
1.21313	0.00000	1728.21900
1.21695	0.00000	1728.21900
1.22078	0.00000	1728.21900
1.22460	0.00000	1728.21900
1.22843	0.00000	1723.48400
1.23226	0.00000	1723.48400
1.23608	0.00000	1723.48400
1.23990	0.00000	1723.48400
1.24373	0.00000	1710.93700
1.24755	0.00000	1710.93700
1.25137	0.00000	1710.93700
1.25518	0.00000	1718.75000
1.25900	0.00000	1718.75000
1.26282	0.00000	1718.75000
1.26664	0.00000	1718.75000
1.27046	0.00000	1710.93700
1.27428	0.00000	1710.93700
1.27810	0.00000	1710.93700
1.28192	0.00000	1714.01500
1.28574	0.00000	1714.01500
1.28956	0.00000	1714.01500
1.29338	0.00000	1714.01500
1.29720	0.00000	1706.25000
1.30103	0.00000	1706.25000
1.30485	0.00000	1706.25000
1.30867	0.00000	1696.87500
1.31249	0.00000	1696.87500
1.31634	0.00000	1696.87500
1.32015	0.00000	1704.54500
1.32398	0.00000	1704.54500
1.32781	0.00000	1704.54500
1.33163	0.00000	1704.54500
1.33545	0.00000	1709.28000
1.33926	0.00000	1709.28000
1.34308	0.00000	1709.28000
1.34689	0.00000	1704.54500
1.35072	0.00000	1704.54500
1.35454	0.00000	1704.54500
1.35836	0.00000	1704.54500
1.36218	0.00000	1701.56200
1.36600	0.00000	1701.56200
1.36982	0.00000	1701.56200
1.37364	0.00000	1704.54500
1.37746	0.00000	1704.54500
1.38127	0.00000	1704.54500
1.38510	0.00000	1704.54500
1.38893	0.00000	1692.18700
1.39275	0.00000	1692.18700
1.39657	0.00000	1692.18700
1.40040	0.00000	1704.54500
1.40422	0.00000	1704.54500
1.40804	0.00000	1704.54500
1.41185	0.00000	1704.54500
1.41567	0.00000	1699.81000
1.41949	0.00000	1699.81000
1.42331	0.00000	1699.81000
1.42713	0.00000	1699.81000
1.43096	0.00000	1699.81000
1.43478	0.00000	1699.81000
1.43860	0.00000	1699.81000
1.44243	0.00000	1699.81000
1.44625	0.00000	1699.81000
1.45008	0.00000	1699.81000
1.45390	0.00000	1709.28000
1.45772	0.00000	1709.28000
1.46154	0.00000	1709.28000
1.46536	0.00000	1699.81000
1.46917	0.00000	1699.81000
1.47301	0.00000	1699.81000
1.47683	0.00000	1699.81000
1.48065	0.00000	1709.28000
1.48447	0.00000	1709.28000
1.48829	0.00000	1709.28000
1.49211	0.00000	1690.34000
1.49594	0.00000	1690.34000
1.49976	0.00000	1690.34000
1.50358	0.00000	1690.34000
1.50741	0.00000	1704.54500
1.51123	0.00000	1704.54500
1.51505	0.00000	1704.54500
1.51887	0.00000	1695.07500
1.52269	0.00000	1695.07500
1.52655	0.00000	1695.07500
1.53038	0.00000	1695.07500
1.53421	0.00000	1695.07500
1.53804	0.00000	1695.07500
1.54186	0.00000	1695.07500
1.54569	0.00000	1704.54500
1.54951	0.00000	1704.54500
1.55333	0.00000	1704.54500
1.55715	0.00000	1685.60600
1.56097	0.00000	1685.60600
1.56480	0.00000	1685.60600
1.56862	0.00000	1685.60600
1.57246	0.00000	1687.50000
1.57629	0.00000	1687.50000
1.58011	0.00000	1687.50000
1.58394	0.00000	1685.60600
1.58776	0.00000	1685.60600
1.59159	0.00000	1685.60600
1.59541	0.00000	1685.60600
1.59923	0.00000	1678.12500
1.60305	0.00000	1678.12500
1.60687	0.00000	1678.12500
1.61070	0.00000	1685.60600
1.61451	0.00000	1685.60600
1.61834	0.00000	1685.60600
1.62216	0.00000	1690.34000
1.62598	0.00000	1690.34000
1.62980	0.00000	1690.34000
1.63362	0.00000	1690.34000
1.63746	0.00000	1690.34000
1.64127	0.00000	1690.34000
1.64510	0.00000	1690.34000
1.64892	0.00000	1685.60600
1.65275	0.00000	1685.60600
1.65656	0.00000	1685.60600
1.66039	0.00000	1685.60600
1.66421	0.00000	1678.12500
1.66804	0.00000	1678.12500
1.67186	0.00000	1678.12500
1.67569	0.00000	1685.60600
1.67950	0.00000	1685.60600
1.68334	0.00000	1685.60600
1.68716	0.00000	1685.60600
1.69098	0.00000	1673.43700
1.69481	0.00000	1673.43700
1.69863	0.00000	1673.43700
1.70245	0.00000	1680.87100
1.70627	0.00000	1680.87100
1.71009	0.00000	1680.87100
1.71392	0.00000	1685.60600
1.71774	0.00000	1685.60600
1.72157	0.00000	1685.60600
1.72539	0.00000	1685.60600
1.72923	0.00000	1690.34000
1.73305	0.00000	1690.34000
1.73687	0.00000	1690.34000
1.74069	0.00000	1680.87100
1.74452	0.00000	1680.87100
1.74835	0.00000	1680.87100
1.75217	0.00000	1680.87100
1.75600	0.00000	1682.81200
1.75982	0.00000	1682.81200
1.76365	0.00000	1682.81200
1.76747	0.00000	1685.60600
1.77129	0.00000	1685.60600
1.77511	0.00000	1685.60600
1.77893	0.00000	1685.60600
1.78275	0.00000	1690.34000
1.78658	0.00000	1690.34000
1.79039	0.00000	1690.34000
1.79422	0.00000	1685.60600
1.79803	0.00000	1685.60600
1.80186	0.00000	1685.60600
1.80567	0.00000	1676.13600
1.80950	0.00000	1676.13600
1.81332	0.00000	1676.13600
1.81714	0.00000	1676.13600
1.82096	0.00000	1690.34000
1.82478	0.00000	1690.34000
1.82860	0.00000	1690.34000
1.83242	0.00000	1698.02300
1.83624	0.00000	1698.02300
1.84006	0.00000	1698.02300
1.84388	0.00000	1698.02300
1.84770	0.00000	1690.34000
1.85152	0.00000	1690.34000
1.85534	0.00000	1690.34000
1.85916	0.00000	1680.87100
1.86299	0.00000	1680.87100
1.86681	0.00000	1680.87100
1.87063	0.00000	1680.87100
1.87445	0.00000	1690.34000
1.87827	0.00000	1690.34000
1.88209	0.00000	1690.34000
1.88591	0.00000	1680.87100
1.88974	0.00000	1680.87100
1.89356	0.00000	1680.87100
1.89739	0.00000	1680.87100
1.90121	0.00000	1680.87100
1.90503	0.00000	1680.87100
1.90885	0.00000	1680.87100
1.91268	0.00000	1685.60600
1.91650	0.00000	1685.60600
1.92032	0.00000	1685.60600
1.92413	0.00000	1680.87100
1.92796	0.00000	1680.87100
1.93179	0.00000	1680.87100
1.93561	0.00000	1680.87100
1.93943	0.00000	1673.43700
1.94327	0.00000	1673.43700
1.94709	0.00000	1673.43700
1.95091	0.00000	1680.87100
1.95474	0.00000	1680.87100
1.95856	0.00000	1680.87100
1.96238	0.00000	1680.87100
1.96620	0.00000	1685.60600
1.97002	0.00000	1685.60600
1.97384	0.00000	1685.60600
1.97767	0.00000	1685.60600
1.98153	0.00000	1685.60600
1.98537	0.00000	1685.60600
1.98920	0.00000	1676.13600
1.99304	0.00000	1676.13600
1.99686	0.00000	1676.13600
2.00069	0.00000	1676.13600
2.00451	0.00000	1690.34000
2.00834	0.00000	1690.34000
2.01216	0.00000	1690.34000
2.01598	0.00000	1698.02300
2.01981	0.00000	1698.02300
2.02364	0.00000	1698.02300
2.02746	0.00000	1698.02300
2.03128	0.00000	1690.34000
2.03511	0.00000	1690.34000
2.03893	0.00000	1690.34000
2.04275	0.00000	1680.87100
2.04658	0.00000	1680.87100
2.05040	0.00000	1680.87100
2.05422	0.00000	1680.87100
2.05805	0.00000	1680.87100
2.06187	0.00000	1680.87100
2.06569	0.00000	1680.87100
2.06951	0.00000	1680.87100
2.07333	0.00000	1680.87100
2.07715	0.00000	1680.87100
2.08097	0.00000	1680.87100
2.08480	0.00000	1680.87100
2.08863	0.00000	1680.87100
2.09245	0.00000	1680.87100
2.09627	0.00000	1668.75000
2.10009	0.00000	1668.75000
2.10391	0.00000	1668.75000
2.10773	0.00000	1680.87100
2.11155	0.00000	1680.87100
2.11537	0.00000	1680.87100
2.11918	0.00000	1680.87100
2.12300	0.00000	1673.43700
2.12682	0.00000	1673.43700
2.13064	0.00000	1673.43700
2.13447	0.00000	1680.87100
2.13828	0.00000	1680.87100
2.14211	0.00000	1680.87100
2.14593	0.00000	1680.87100
2.14976	0.00000	1685.60600
2.15358	0.00000	1685.60600
2.15740	0.00000	1685.60600
2.16123	0.00000	1693.23900
2.16504	0.00000	1693.23900
2.16886	0.00000	1693.23900
2.17269	0.00000	1693.23900
2.17656	0.00000	1693.23900
2.18039	0.00000	1693.23900
2.18421	0.00000	1693.23900
2.18803	0.00000	1690.34000
2.19186	0.00000	1690.34000
2.19569	0.00000	1690.34000
2.19951	0.00000	1676.13600
2.20333	0.00000	1676.13600
2.20715	0.00000	1676.13600
2.21098	0.00000	1676.13600
2.21480	0.00000	1690.34000
2.21862	0.00000	1690.34000
2.22244	0.00000	1690.34000
2.22626	0.00000	1676.13600
2.23008	0.00000	1676.13600
2.23391	0.00000	1676.13600
2.23773	0.00000	1680.87100
2.24155	0.00000	1680.87100
2.24537	0.00000	1680.87100
2.24919	0.00000	1680.87100
2.25302	0.00000	1680.87100
2.25684	0.00000	1680.87100
2.26067	0.00000	1680.87100
2.26449	0.00000	1676.13600
2.26831	0.00000	1676.13600
2.27213	0.00000	1676.13600
2.27596	0.00000	1676.13600
2.27978	0.00000	1690.34000
2.28360	0.00000	1690.34000
2.28742	0.00000	1690.34000
2.29125	0.00000	1685.60600
2.29507	0.00000	1685.60600
2.29889	0.00000	1685.60600
2.30272	0.00000	1685.60600
2.30654	0.00000	1685.60600
2.31037	0.00000	1685.60600
2.31419	0.00000	1685.60600
2.31803	0.00000	1698.02300
2.32186	0.00000	1698.02300
2.32568	0.00000	1698.02300
2.32951	0.00000	1693.23900
2.33332	0.00000	1693.23900
2.33714	0.00000	1693.23900
2.34097	0.00000	1693.23900
2.34480	0.00000	1676.13600
2.34862	0.00000	1676.13600
2.35244	0.00000	1676.13600
2.35627	0.00000	1680.87100
2.36009	0.00000	1680.87100
2.36392	0.00000	1680.87100
2.36774	0.00000	1680.87100
2.37156	0.00000	1673.43700
2.37538	0.00000	1673.43700
2.37918	0.00000	1673.43700
2.38300	0.00000	1676.13600
2.38682	0.00000	1676.13600
2.39064	0.00000	1676.13600
2.39446	0.00000	1676.13600
2.39828	0.00000	1668.75000
2.40211	0.00000	1668.75000
2.40593	0.00000	1668.75000
2.40975	0.00000	1680.87100
2.41358	0.00000	1680.87100
2.41740	0.00000	1680.87100
2.42123	0.00000	1680.87100
2.42505	0.00000	1680.87100
2.42888	0.00000	1680.87100
2.43270	0.00000	1680.87100
2.43652	0.00000	1702.80600
2.44034	0.00000	1702.80600
2.44416	0.00000	1702.80600
2.44799	0.00000	1693.23900
2.45182	0.00000	1693.23900
2.45564	0.00000	1693.23900
2.45946	0.00000	1693.23900
2.46328	0.00000	1685.60600
2.46710	0.00000	1685.60600
2.47092	0.00000	1685.60600
2.47474	0.00000	1680.87100
2.47857	0.00000	1680.87100
2.48239	0.00000	1680.87100
2.48622	0.00000	1680.87100
2.49004	0.00000	1668.75000
2.49387	0.00000	1668.75000
2.49770	0.00000	1668.75000
2.50152	0.00000	1676.13600
2.50534	0.00000	1676.13600
2.50917	0.00000	1676.13600
2.51299	0.00000	1680.87100
2.51681	0.00000	1680.87100
2.52063	0.00000	1680.87100
2.52446	0.00000	1680.87100
2.52829	0.00000	1680.87100
2.53211	0.00000	1680.87100
2.53593	0.00000	1680.87100
2.53975	0.00000	1676.13600
2.54358	0.00000	1676.13600
2.54740	0.00000	1676.13600
2.55118	0.00000	1676.13600
2.55500	0.00000	1690.34000
2.55882	0.00000	1690.34000
2.56264	0.00000	1690.34000
2.56646	0.00000	1693.23900
2.57028	0.00000	1693.23900
2.57410	0.00000	1693.23900
2.57793	0.00000	1693.23900
2.58175	0.00000	1690.34000
2.58557	0.00000	1690.34000
2.58939	0.00000	1690.34000
2.59322	0.00000	1698.02300
2.59704	0.00000	1698.02300
2.60087	0.00000	1698.02300
2.60469	0.00000	1698.02300
2.60851	0.00000	1698.02300
2.61233	0.00000	1698.02300
2.61616	0.00000	1698.02300
2.61998	0.00000	1685.60600
2.62381	0.00000	1685.60600
2.62763	0.00000	1685.60600
2.63145	0.00000	1676.13600
2.63528	0.00000	1676.13600
2.63911	0.00000	1676.13600
2.64293	0.00000	1676.13600
2.64675	0.00000	1673.43700
2.65056	0.00000	1673.43700
2.65438	0.00000	1673.43700
2.65821	0.00000	1676.13600
2.66203	0.00000	1676.13600
2.66585	0.00000	1676.13600
2.66967	0.00000	1676.13600
2.67349	0.00000	1685.60600
2.67732	0.00000	1685.60600
2.68114	0.00000	1685.60600
2.68496	0.00000	1680.87100
2.68879	0.00000	1680.87100
2.69261	0.00000	1680.87100
2.69643	0.00000	1676.13600
2.70025	0.00000	1676.13600
2.70408	0.00000	1676.13600
2.70790	0.00000	1676.13600
2.71173	0.00000	1680.87100
2.71556	0.00000	1680.87100
2.71938	0.00000	1680.87100
2.72318	0.00000	1698.02300
2.72700	0.00000	1698.02300
2.73083	0.00000	1698.02300
2.73465	0.00000	1698.02300
2.73847	0.00000	1685.60600
2.74230	0.00000	1685.60600
2.74613	0.00000	1685.60600
2.74995	0.00000	1676.13600
2.75377	0.00000	1676.13600
2.75759	0.00000	1676.13600
2.76141	0.00000	1676.13600
2.76523	0.00000	1668.75000
2.76904	0.00000	1668.75000
2.77287	0.00000	1668.75000
2.77669	0.00000	1676.13600
2.78051	0.00000	1676.13600
2.78433	0.00000	1676.13600
2.78815	0.00000	1680.87100
2.79197	0.00000	1680.87100
2.79580	0.00000	1680.87100
2.79963	0.00000	1680.87100
2.80345	0.00000	1680.87100
2.80728	0.00000	1680.87100
2.81110	0.00000	1680.87100
2.81492	0.00000	1676.13600
2.81875	0.00000	1676.13600
2.82257	0.00000	1676.13600
2.82640	0.00000	1676.13600
2.83023	0.00000	1690.34000
2.83405	0.00000	1690.34000
2.83788	0.00000	1690.34000
2.84169	0.00000	1693.23900
2.84552	0.00000	1693.23900
2.84934	0.00000	1693.23900
2.85317	0.00000	1693.23900
2.85699	0.00000	1685.60600
2.86081	0.00000	1685.60600
2.86464	0.00000	1685.60600
2.86846	0.00000	1680.87100
2.87228	0.00000	1680.87100
2.87610	0.00000	1680.87100
2.87993	0.00000	1676.13600
2.88376	0.00000	1676.13600
2.88759	0.00000	1676.13600
2.89142	0.00000	1676.13600
2.89524	0.00000	1685.60600
2.89906	0.00000	1685.60600
2.90288	0.00000	1685.60600
2.90672	0.00000	1676.13600
2.91054	0.00000	1676.13600
2.91437	0.00000	1676.13600
2.91819	0.00000	1676.13600
2.92202	0.00000	1668.75000
2.92584	0.00000	1668.75000
2.92967	0.00000	1668.75000
2.93350	0.00000	1676.13600
2.93731	0.00000	1676.13600
2.94114	0.00000	1676.13600
2.94497	0.00000	1676.13600
2.94879	0.00000	1680.87100
2.95261	0.00000	1680.87100
2.95643	0.00000	1680.87100
2.96026	0.00000	1693.23900
2.96408	0.00000	1693.23900
2.96790	0.00000	1693.23900
2.97173	0.00000	1698.02300
2.97555	0.00000	1698.02300
2.97938	0.00000	1698.02300
2.98323	0.00000	1698.02300
2.98707	0.00000	1690.34000
2.99089	0.00000	1690.34000
2.99471	0.00000	1690.34000
2.99854	0.00000	1676.13600
3.00236	0.00000	1676.13600
3.00619	0.00000	1676.13600
3.01001	0.00000	1676.13600
3.01383	0.00000	1690.34000
3.01766	0.00000	1690.34000
3.02149	0.00000	1690.34000
3.02531	0.00000	1671.40100
3.02914	0.00000	1671.40100
3.03297	0.00000	1671.40100
3.03694	0.00000	1680.87100
3.04087	0.00000	1680.87100
3.04480	0.00000	1680.87100
3.04875	0.00000	1680.87100
3.05261	0.00000	1680.87100
3.05644	0.00000	1680.87100
3.06027	0.00000	1680.87100
3.06410	0.00000	1676.13600
3.06793	0.00000	1676.13600
3.07176	0.00000	1676.13600
3.07558	0.00000	1676.13600
3.07940	0.00000	1690.34000
3.08318	0.00000	1690.34000
3.08700	0.00000	1690.34000
3.09081	0.00000	1693.23900
3.09464	0.00000	1693.23900
3.09845	0.00000	1693.23900
3.10228	0.00000	1693.23900
3.10609	0.00000	1693.23900
3.10991	0.00000	1693.23900
3.11373	0.00000	1693.23900
3.11755	0.00000	1680.87100
3.12136	0.00000	1680.87100
3.12518	0.00000	1680.87100
3.12901	0.00000	1676.13600
3.13284	0.00000	1676.13600
3.13666	0.00000	1676.13600
3.14101	0.00000	1676.13600
3.14490	0.00000	1668.75000
3.14876	0.00000	1668.75000
3.15259	0.00000	1668.75000
3.15642	0.00000	1680.87100
3.16025	0.00000	1680.87100
3.16407	0.00000	1680.87100
3.16789	0.00000	1680.87100
3.17172	0.00000	1680.87100
3.17554	0.00000	1680.87100
3.17936	0.00000	1680.87100
3.18318	0.00000	1680.87100
3.18700	0.00000	1680.87100
3.19082	0.00000	1680.87100
3.19465	0.00000	1676.13600
3.19847	0.00000	1676.13600
3.20230	0.00000	1676.13600
3.20612	0.00000	1676.13600
3.20994	0.00000	1685.60600
3.21376	0.00000	1685.60600
3.21758	0.00000	1685.60600
3.22141	0.00000	1693.23900
3.22523	0.00000	1693.23900
3.22905	0.00000	1693.23900
3.23287	0.00000	1693.23900
3.23668	0.00000	1685.60600
3.24050	0.00000	1685.60600
3.24433	0.00000	1685.60600
3.24815	0.00000	1676.13600
3.25198	0.00000	1676.13600
3.25580	0.00000	1676.13600
3.25963	0.00000	1676.13600
3.26346	0.00000	1676.13600
3.26729	0.00000	1676.13600
3.27111	0.00000	1676.13600
3.27492	0.00000	1680.87100
3.27875	0.00000	1680.87100
3.28257	0.00000	1680.87100
3.28639	0.00000	1676.13600
3.29022	0.00000	1676.13600
3.29404	0.00000	1676.13600
3.29786	0.00000	1676.13600
3.30168	0.00000	1668.75000
3.30550	0.00000	1668.75000
3.30932	0.00000	1668.75000
3.31315	0.00000	1676.13600
3.31697	0.00000	1676.13600
3.32079	0.00000	1676.13600
3.32461	0.00000	1676.13600
3.32843	0.00000	1685.60600
3.33225	0.00000	1685.60600
3.33607	0.00000	1685.60600
3.33990	0.00000	1698.02300
3.34372	0.00000	1698.02300
3.34754	0.00000	1698.02300
3.35136	0.00000	1698.02300
3.35518	0.00000	1698.02300
3.35900	0.00000	1698.02300
3.36281	0.00000	1698.02300
3.36663	0.00000	1685.60600
3.37046	0.00000	1685.60600
3.37429	0.00000	1685.60600
3.37811	0.00000	1676.13600
3.38194	0.00000	1676.13600
3.38576	0.00000	1676.13600
3.38958	0.00000	1676.13600
3.39340	0.00000	1668.75000
3.39722	0.00000	1668.75000
3.40104	0.00000	1668.75000
3.40486	0.00000	1676.13600
3.40868	0.00000	1676.13600
3.41251	0.00000	1676.13600
3.41633	0.00000	1676.13600
3.42015	0.00000	1685.60600
3.42397	0.00000	1685.60600
3.42779	0.00000	1685.60600
3.43161	0.00000	1680.87100
3.43543	0.00000	1680.87100
3.43926	0.00000	1680.87100
3.44309	0.00000	1680.87100
3.44691	0.00000	1680.87100
3.45072	0.00000	1680.87100
3.45454	0.00000	1680.87100
3.45836	0.00000	1680.87100
3.46219	0.00000	1680.87100
3.46602	0.00000	1680.87100
3.46985	0.00000	1693.23900
3.47367	0.00000	1693.23900
3.47750	0.00000	1693.23900
3.48132	0.00000	1693.23900
3.48514	0.00000	1685.60600
3.48897	0.00000	1685.60600
3.49279	0.00000	1685.60600
3.49661	0.00000	1676.13600
3.50043	0.00000	1676.13600
3.50425	0.00000	1676.13600
3.50807	0.00000	1676.13600
3.51189	0.00000	1664.06200
3.51571	0.00000	1664.06200
3.51953	0.00000	1664.06200
3.52334	0.00000	1676.13600
3.52716	0.00000	1676.13600
3.53099	0.00000	1676.13600
3.53481	0.00000	1671.40100
3.53863	0.00000	1671.40100
3.54245	0.00000	1671.40100
3.54627	0.00000	1671.40100
3.55009	0.00000	1673.43700
3.55391	0.00000	1673.43700
3.55774	0.00000	1673.43700
3.56156	0.00000	1671.40100
3.56539	0.00000	1671.40100
3.56921	0.00000	1671.40100
3.57302	0.00000	1671.40100
3.57685	0.00000	1685.60600
3.58067	0.00000	1685.60600
3.58449	0.00000	1685.60600
3.58831	0.00000	1693.23900
3.59214	0.00000	1693.23900
3.59596	0.00000	1693.23900
3.59978	0.00000	1693.23900
3.60359	0.00000	1680.87100
3.60741	0.00000	1680.87100
3.61123	0.00000	1680.87100
3.61505	0.00000	1680.87100
3.61886	0.00000	1680.87100
3.62268	0.00000	1680.87100
3.62650	0.00000	1676.13600
3.63032	0.00000	1676.13600
3.63414	0.00000	1676.13600
3.63796	0.00000	1676.13600
3.64178	0.00000	1668.75000
3.64560	0.00000	1668.75000
3.64942	0.00000	1668.75000
3.65323	0.00000	1671.40100
3.65706	0.00000	1671.40100
3.66089	0.00000	1671.40100
3.66470	0.00000	1671.40100
3.66852	0.00000	1685.60600
3.67235	0.00000	1685.60600
3.67617	0.00000	1685.60600
3.67999	0.00000	1693.23900
3.68380	0.00000	1693.23900
3.68763	0.00000	1693.23900
3.69146	0.00000	1693.23900
3.69528	0.00000	1680.87100
3.69910	0.00000	1680.87100
3.70292	0.00000	1680.87100
3.70674	0.00000	1676.13600
3.71056	0.00000	1676.13600
3.71438	0.00000	1676.13600
3.71820	0.00000	1676.13600
3.72203	0.00000	1676.13600
3.72585	0.00000	1676.13600
3.72967	0.00000	1676.13600
3.73349	0.00000	1668.75000
3.73731	0.00000	1668.75000
3.74113	0.00000	1668.75000
3.74495	0.00000	1671.40100
3.74878	0.00000	1671.40100
3.75260	0.00000	1671.40100
3.75642	0.00000	1671.40100
3.76025	0.00000	1685.60600
3.76406	0.00000	1685.60600
3.76788	0.00000	1685.60600
3.77170	0.00000	1693.23900
3.77552	0.00000	1693.23900
3.77934	0.00000	1693.23900
3.78315	0.00000	1693.23900
3.78698	0.00000	1680.87100
3.79080	0.00000	1680.87100
3.79462	0.00000	1680.87100
3.79844	0.00000	1680.87100
3.80226	0.00000	1680.87100
3.80608	0.00000	1680.87100
3.80990	0.00000	1693.23900
3.81372	0.00000	1693.23900
3.81754	0.00000	1693.23900
3.82136	0.00000	1693.23900
3.82518	0.00000	1685.60600
3.82900	0.00000	1685.60600
3.83282	0.00000	1685.60600
3.83665	0.00000	1671.40100
3.84046	0.00000	1671.40100
3.84428	0.00000	1671.40100
3.84811	0.00000	1671.40100
3.85193	0.00000	1668.75000
3.85575	0.00000	1668.75000
3.85957	0.00000	1668.75000
3.86339	0.00000	1676.13600
3.86718	0.00000	1676.13600
3.87100	0.00000	1676.13600
3.87482	0.00000	1676.13600
3.87864	0.00000	1676.13600
3.88246	0.00000	1676.13600
3.88629	0.00000	1676.13600
3.89011	0.00000	1693.23900
3.89392	0.00000	1693.23900
3.89775	0.00000	1693.23900
3.90156	0.00000	1693.23900
3.90540	0.00000	1693.23900
3.90923	0.00000	1693.23900
3.91304	0.00000	1693.23900
3.91687	0.00000	1685.60600
3.92069	0.00000	1685.60600
3.92450	0.00000	1685.60600
3.92832	0.00000	1676.13600
3.93214	0.00000	1676.13600
3.93596	0.00000	1676.13600
3.93978	0.00000	1676.13600
3.94359	0.00000	1668.75000
3.94742	0.00000	1668.75000
3.95124	0.00000	1668.75000
3.95506	0.00000	1671.40100
3.95887	0.00000	1671.40100
3.96269	0.00000	1671.40100
3.96651	0.00000	1671.40100
3.97033	0.00000	1685.60600
3.97415	0.00000	1685.60600
3.97797	0.00000	1685.60600
3.98179	0.00000	1688.45600
3.98562	0.00000	1688.45600
3.98944	0.00000	1688.45600
3.99326	0.00000	1688.45600
3.99709	0.00000	1688.45600
4.00091	0.00000	1688.45600
4.00472	0.00000	1688.45600
4.00855	0.00000	1685.60600
4.01237	0.00000	1685.60600
4.01620	0.00000	1685.60600
4.02002	0.00000	1671.40100
4.02384	0.00000	1671.40100
4.02766	0.00000	1671.40100
4.03149	0.00000	1671.40100
4.03530	0.00000	1668.75000
4.03912	0.00000	1668.75000
4.04294	0.00000	1668.75000
4.04676	0.00000	1676.13600
4.05058	0.00000	1676.13600
4.05440	0.00000	1676.13600
4.05824	0.00000	1676.13600
4.06206	0.00000	1676.13600
4.06588	0.00000	1676.13600
4.06971	0.00000	1676.13600
4.07353	0.00000	1693.23900
4.07734	0.00000	1693.23900
4.08116	0.00000	1693.23900
4.08498	0.00000	1693.23900
4.08881	0.00000	1693.23900
4.09263	0.00000	1693.23900
4.09645	0.00000	1693.23900
4.10028	0.00000	1685.60600
4.10410	0.00000	1685.60600
4.10792	0.00000	1685.60600
4.11174	0.00000	1676.13600
4.11556	0.00000	1676.13600
4.11937	0.00000	1676.13600
4.12318	0.00000	1676.13600
4.12700	0.00000	1668.75000
4.13082	0.00000	1668.75000
4.13464	0.00000	1668.75000
4.13847	0.00000	1671.40100
4.14229	0.00000	1671.40100
4.14611	0.00000	1671.40100
4.14993	0.00000	1676.13600
4.15375	0.00000	1676.13600
4.15757	0.00000	1676.13600
4.16140	0.00000	1676.13600
4.16526	0.00000	1676.13600
4.16909	0.00000	1676.13600
4.17292	0.00000	1676.13600
4.17674	0.00000	1676.13600
4.18056	0.00000	1676.13600
4.18439	0.00000	1676.13600
4.18822	0.00000	1676.13600
4.19205	0.00000	1685.60600
4.19586	0.00000	1685.60600
4.19969	0.00000	1685.60600
4.20352	0.00000	1688.45600
4.20735	0.00000	1688.45600
4.21118	0.00000	1688.45600
4.21501	0.00000	1688.45600
4.21883	0.00000	1668.75000
4.22265	0.00000	1668.75000
4.22647	0.00000	1668.75000
4.23029	0.00000	1671.40100
4.23411	0.00000	1671.40100
4.23792	0.00000	1671.40100
4.24174	0.00000	1671.40100
4.24556	0.00000	1671.40100
4.24938	0.00000	1671.40100
4.25320	0.00000	1671.40100
4.25703	0.00000	1693.23900
4.26085	0.00000	1693.23900
4.26468	0.00000	1693.23900
4.26850	0.00000	1688.45600
4.27232	0.00000	1688.45600
4.27614	0.00000	1688.45600
4.27996	0.00000	1688.45600
4.28378	0.00000	1680.87100
4.28761	0.00000	1680.87100
4.29143	0.00000	1680.87100
4.29525	0.00000	1676.13600
4.29907	0.00000	1676.13600
4.30289	0.00000	1676.13600
4.30672	0.00000	1676.13600
4.31054	0.00000	1664.06200
4.31436	0.00000	1664.06200
4.31818	0.00000	1664.06200
4.32200	0.00000	1666.66600
4.32582	0.00000	1666.66600
4.32964	0.00000	1666.66600
4.33346	0.00000	1671.40100
4.33729	0.00000	1671.40100
4.34112	0.00000	1671.40100
4.34494	0.00000	1671.40100
4.34876	0.00000	1676.13600
4.35258	0.00000	1676.13600
4.35641	0.00000	1676.13600
4.36023	0.00000	1693.23900
4.36406	0.00000	1693.23900
4.36788	0.00000	1693.23900
4.37170	0.00000	1693.23900
4.37553	0.00000	1685.60600
4.37935	0.00000	1685.60600
4.38318	0.00000	1685.60600
4.38700	0.00000	1671.40100
4.39082	0.00000	1671.40100
4.39465	0.00000	1671.40100
4.39848	0.00000	1671.40100
4.40229	0.00000	1676.13600
4.40612	0.00000	1676.13600
4.40995	0.00000	1676.13600
4.41377	0.00000	1671.40100
4.41759	0.00000	1671.40100
4.42142	0.00000	1671.40100
4.42524	0.00000	1688.45600
4.42906	0.00000	1688.45600
4.43288	0.00000	1688.45600
4.43671	0.00000	1688.45600
4.44053	0.00000	1680.87100
4.44436	0.00000	1680.87100
4.44818	0.00000	1680.87100
4.45200	0.00000	1671.40100
4.45583	0.00000	1671.40100
4.45965	0.00000	1671.40100
4.46347	0.00000	1671.40100
4.46730	0.00000	1664.06200
4.47112	0.00000	1664.06200
4.47494	0.00000	1664.06200
4.47876	0.00000	1671.40100
4.48259	0.00000	1671.40100
4.48641	0.00000	1671.40100
4.49024	0.00000	1671.40100
4.49406	0.00000	1671.40100
4.49788	0.00000	1671.40100
4.50170	0.00000	1671.40100
4.50552	0.00000	1693.23900
4.50934	0.00000	1693.23900
4.51317	0.00000	1693.23900
4.51699	0.00000	1693.23900
4.52083	0.00000	1693.23900
4.52465	0.00000	1693.23900
4.52847	0.00000	1693.23900
4.53229	0.00000	1680.87100
4.53611	0.00000	1680.87100
4.53993	0.00000	1680.87100
4.54375	0.00000	1671.40100
4.54757	0.00000	1671.40100
4.55139	0.00000	1671.40100
4.55518	0.00000	1671.40100
4.55900	0.00000	1664.06200
4.56283	0.00000	1664.06200
4.56665	0.00000	1664.06200
4.57047	0.00000	1666.66600
4.57430	0.00000	1666.66600
4.57811	0.00000	1666.66600
4.58193	0.00000	1671.40100
4.58575	0.00000	1671.40100
4.58958	0.00000	1671.40100
4.59340	0.00000	1671.40100
4.59722	0.00000	1671.40100
4.60104	0.00000	1671.40100
4.60486	0.00000	1671.40100
4.60869	0.00000	1671.40100
4.61251	0.00000	1671.40100
4.61633	0.00000	1671.40100
4.62015	0.00000	1671.40100
4.62397	0.00000	1664.06200
4.62779	0.00000	1664.06200
4.63161	0.00000	1664.06200
4.63544	0.00000	1666.66600
4.63926	0.00000	1666.66600
4.64308	0.00000	1666.66600
4.64691	0.00000	1666.66600
4.65072	0.00000	1680.87100
4.65454	0.00000	1680.87100
4.65837	0.00000	1680.87100
4.66219	0.00000	1688.45600
4.66601	0.00000	1688.45600
4.66983	0.00000	1688.45600
4.67366	0.00000	1671.40100
4.67747	0.00000	1671.40100
4.68129	0.00000	1671.40100
4.68511	0.00000	1671.40100
4.68893	0.00000	1676.13600
4.69275	0.00000	1676.13600
4.69657	0.00000	1676.13600
4.70039	0.00000	1671.40100
4.70421	0.00000	1671.40100
4.70803	0.00000	1671.40100
4.71185	0.00000	1671.40100
4.71567	0.00000	1680.87100
4.71949	0.00000	1680.87100
4.72332	0.00000	1680.87100
4.72714	0.00000	1688.45600
4.73097	0.00000	1688.45600
4.73479	0.00000	1688.45600
4.73861	0.00000	1688.45600
4.74243	0.00000	1676.13600
4.74625	0.00000	1676.13600
4.75007	0.00000	1676.13600
4.75389	0.00000	1676.13600
4.75771	0.00000	1676.13600
4.76152	0.00000	1676.13600
4.76536	0.00000	1676.13600
4.76918	0.00000	1676.13600
4.77299	0.00000	1676.13600
4.77681	0.00000	1676.13600
4.78063	0.00000	1676.13600
4.78446	0.00000	1676.13600
4.78828	0.00000	1676.13600
4.79210	0.00000	1671.40100
4.79592	0.00000	1671.40100
4.79974	0.00000	1671.40100
4.80356	0.00000	1671.40100
4.80738	0.00000	1680.87100
4.81118	0.00000	1680.87100
4.81500	0.00000	1680.87100
4.81882	0.00000	1683.67300
4.82264	0.00000	1683.67300
4.82646	0.00000	1683.67300
4.83027	0.00000	1683.67300
4.83410	0.00000	1680.87100
4.83792	0.00000	1680.87100
4.84174	0.00000	1680.87100
4.84557	0.00000	1676.13600
4.84938	0.00000	1676.13600
4.85321	0.00000	1676.13600
4.85703	0.00000	1671.40100
4.86085	0.00000	1671.40100
4.86467	0.00000	1671.40100
4.86849	0.00000	1671.40100
4.87231	0.00000	1680.87100
4.87614	0.00000	1680.87100
4.88001	0.00000	1680.87100
4.88385	0.00000	1683.67300
4.88768	0.00000	1683.67300
4.89150	0.00000	1683.67300
4.89532	0.00000	1683.67300
4.89914	0.00000	1685.60600
4.90297	0.00000	1685.60600
4.90680	0.00000	1685.60600
4.91063	0.00000	1676.13600
4.91445	0.00000	1676.13600
4.91828	0.00000	1676.13600
4.92210	0.00000	1676.13600
4.92592	0.00000	1693.23900
4.92974	0.00000	1693.23900
4.93356	0.00000	1693.23900
4.93738	0.00000	1676.13600
4.94120	0.00000	1676.13600
4.94502	0.00000	1676.13600
4.94884	0.00000	1676.13600
4.95266	0.00000	1676.13600
4.95649	0.00000	1676.13600
4.96031	0.00000	1676.13600
4.96414	0.00000	1680.87100
4.96796	0.00000	1680.87100
4.97179	0.00000	1680.87100
4.97561	0.00000	1688.45600
4.97942	0.00000	1688.45600
4.98325	0.00000	1688.45600
4.98707	0.00000	1688.45600
4.99089	0.00000	1680.87100
4.99471	0.00000	1680.87100
4.99852	0.00000	1680.87100
5.00284	0.00000	1676.13600
5.00670	0.00000	1676.13600
5.01053	0.00000	1676.13600
5.01436	0.00000	1767.18700
5.01822	0.00000	1767.18700
5.02206	0.00000	1767.18700
5.02589	0.00000	1767.18700
5.02972	0.00000	2211.08400
5.03359	0.00000	2211.08400
5.03745	0.00000	2211.08400
5.04128	0.00000	2211.08400
5.04511	0.00000	2617.53300
5.04894	0.00000	2617.53300
5.05276	0.00000	2617.53300
5.05660	0.00000	2617.53300
5.06043	0.00000	2941.40600
5.06425	0.00000	2941.40600
5.06811	0.00000	2941.40600
5.07195	0.00000	2941.40600
5.07577	0.00000	3217.50000
5.07960	0.00000	3217.50000
5.08342	0.00000	3217.50000
5.08724	0.00000	3217.50000
5.09106	0.00000	3217.50000
5.09488	0.00000	3447.11500
5.09869	0.00000	3447.11500
5.10252	0.00000	3447.11500
5.10634	0.00000	3447.11500
5.11016	0.00000	3598.44900
5.11399	0.00000	3598.44900
5.11781	0.00000	3598.44900
5.12163	0.00000	3598.44900
5.12545	0.00000	3598.44900
5.12926	0.00000	3719.20600
5.13308	0.00000	3719.20600
5.13690	0.00000	3719.20600
5.14073	0.00000	3719.20600
5.14455	0.00000	3719.20600
5.14837	0.00000	3827.00800
5.15220	0.00000	3827.00800
5.15602	0.00000	3827.00800
5.15984	0.00000	3827.00800
5.16365	0.00000	3827.00800
5.16747	0.00000	3884.39700
5.17130	0.00000	3884.39700
5.17513	0.00000	3884.39700
5.17898	0.00000	3884.39700
5.18281	0.00000	3884.39700
5.18664	0.00000	3990.88500
5.19047	0.00000	3990.88500
5.19431	0.00000	3990.88500
5.19815	0.00000	3990.88500
5.20197	0.00000	3990.88500
5.20581	0.00000	4038.95500
5.20966	0.00000	4038.95500
5.21348	0.00000	4038.95500
5.21732	0.00000	4038.95500
5.22114	0.00000	4038.95500
5.22497	0.00000	4082.55900
5.22880	0.00000	4082.55900
5.23263	0.00000	4082.55900
5.23646	0.00000	4082.55900
5.24030	0.00000	4082.55900
5.24413	0.00000	4127.51700
5.24802	0.00000	4127.51700
5.25186	0.00000	4127.51700
5.25569	0.00000	4127.51700
5.25952	0.00000	4127.51700
5.26336	0.00000	4178.12500
5.26718	0.00000	4178.12500
5.27102	0.00000	4178.12500
5.27486	0.00000	4178.12500
5.27870	0.00000	4178.12500
5.28254	0.00000	4209.43700
5.28637	0.00000	4209.43700
5.29020	0.00000	4209.43700
5.29404	0.00000	4209.43700
5.29788	0.00000	4209.43700
5.30171	0.00000	4256.00200
5.30557	0.00000	4256.00200
5.30940	0.00000	4256.00200
5.31324	0.00000	4256.00200
5.31707	0.00000	4256.00200
5.32091	0.00000	4274.26000
5.32474	0.00000	4274.26000
5.32857	0.00000	4274.26000
5.33241	0.00000	4274.26000
5.33623	0.00000	4274.26000
5.34006	0.00000	4274.26000
5.34388	0.00000	4289.21600
5.34771	0.00000	4289.21600
5.35154	0.00000	4289.21600
5.35538	0.00000	4289.21600
5.35918	0.00000	4289.21600
5.36301	0.00000	4297.88900
5.36683	0.00000	4297.88900
5.37067	0.00000	4297.88900
5.37452	0.00000	4297.88900
5.37835	0.00000	4297.88900
5.38219	0.00000	4316.15300
5.38602	0.00000	4316.15300
5.38985	0.00000	4316.15300
5.39369	0.00000	4316.15300
5.39751	0.00000	4316.15300
5.40134	0.00000	4316.15300
5.40516	0.00000	4333.66900
5.40899	0.00000	4333.66900
5.41282	0.00000	4333.66900
5.41664	0.00000	4333.66900
5.42048	0.00000	4333.66900
5.42430	0.00000	4324.59600
5.42813	0.00000	4324.59600
5.43196	0.00000	4324.59600
5.43579	0.00000	4324.59600
5.43963	0.00000	4324.59600
5.44346	0.00000	4323.91800
5.44730	0.00000	4323.91800
5.45112	0.00000	4323.91800
5.45496	0.00000	4323.91800
5.45879	0.00000	4323.91800
5.46262	0.00000	4351.81400
5.46646	0.00000	4351.81400
5.47028	0.00000	4351.81400
5.47411	0.00000	4351.81400
5.47794	0.00000	4351.81400
5.48176	0.00000	4351.81400
5.48560	0.00000	4353.96600
5.48942	0.00000	4353.96600
5.49325	0.00000	4353.96600
5.49709	0.00000	4353.96600
5.50091	0.00000	4353.96600
5.50474	0.00000	4344.95200
5.50857	0.00000	4344.95200
5.51239	0.00000	4344.95200
5.51623	0.00000	4344.95200
5.52006	0.00000	4344.95200
5.52389	0.00000	4353.96600
5.52773	0.00000	4353.96600
5.53156	0.00000	4353.96600
5.53541	0.00000	4353.96600
5.53924	0.00000	4353.96600
5.54307	0.00000	4353.96600
5.54689	0.00000	4353.10500
5.55073	0.00000	4353.10500
5.55456	0.00000	4353.10500
5.55839	0.00000	4353.10500
5.56223	0.00000	4353.10500
5.56606	0.00000	4353.96600
5.56990	0.00000	4353.96600
5.57374	0.00000	4353.96600
5.57757	0.00000	4353.96600
5.58140	0.00000	4353.96600
5.58523	0.00000	4375.00000
5.58907	0.00000	4375.00000
5.59291	0.00000	4375.00000
5.59673	0.00000	4375.00000
5.60056	0.00000	4375.00000
5.60441	0.00000	4375.00000
5.60824	0.00000	4376.99000
5.61206	0.00000	4376.99000
5.61589	0.00000	4376.99000
5.61972	0.00000	4376.99000
5.62355	0.00000	4376.99000
5.62737	0.00000	4359.07600
5.63118	0.00000	4359.07600
5.63500	0.00000	4359.07600
5.63882	0.00000	4359.07600
5.64265	0.00000	4359.07600
5.64648	0.00000	4390.02400
5.65030	0.00000	4390.02400
5.65413	0.00000	4390.02400
5.65796	0.00000	4390.02400
5.66178	0.00000	4390.02400
5.66562	0.00000	4390.02400
5.66946	0.00000	4371.01900
5.67329	0.00000	4371.01900
5.67712	0.00000	4371.01900
5.68096	0.00000	4371.01900
5.68479	0.00000	4371.01900
5.68862	0.00000	4396.03300
5.69245	0.00000	4396.03300
5.69628	0.00000	4396.03300
5.70011	0.00000	4396.03300
5.70395	0.00000	4396.03300
5.70778	0.00000	4387.01900
5.71161	0.00000	4387.01900
5.71545	0.00000	4387.01900
5.71928	0.00000	4387.01900
5.72311	0.00000	4387.01900
5.72695	0.00000	4387.01900
5.73078	0.00000	4402.04300
5.73460	0.00000	4402.04300
5.73843	0.00000	4402.04300
5.74225	0.00000	4402.04300
5.74608	0.00000	4402.04300
5.74991	0.00000	4384.01400
5.75374	0.00000	4384.01400
5.75756	0.00000	4384.01400
5.76139	0.00000	4384.01400
5.76522	0.00000	4384.01400
5.76905	0.00000	4368.03300
5.77287	0.00000	4368.03300
5.77670	0.00000	4368.03300
5.78053	0.00000	4368.03300
5.78437	0.00000	4368.03300
5.78820	0.00000	4368.03300
5.79202	0.00000	4396.03300
5.79584	0.00000	4396.03300
5.79968	0.00000	4396.03300
5.80351	0.00000	4396.03300
5.80734	0.00000	4396.03300
5.81118	0.00000	4393.02900
5.81501	0.00000	4393.02900
5.81884	0.00000	4393.02900
5.82268	0.00000	4393.02900
5.82651	0.00000	4393.02900
5.83034	0.00000	4393.02900
5.83418	0.00000	4374.00500
5.83800	0.00000	4374.00500
5.84184	0.00000	4374.00500
5.84567	0.00000	4374.00500
5.84949	0.00000	4374.00500
5.85332	0.00000	4393.02900
5.85715	0.00000	4393.02900
5.86097	0.00000	4393.02900
5.86480	0.00000	4393.02900
5.86863	0.00000	4393.02900
5.87246	0.00000	4376.99000
5.87629	0.00000	4376.99000
5.88011	0.00000	4376.99000
5.88394	0.00000	4376.99000
5.88779	0.00000	4376.99000
5.89162	0.00000	4376.99000
5.89545	0.00000	4370.05500
5.89928	0.00000	4370.05500
5.90311	0.00000	4370.05500
5.90693	0.00000	4370.05500
5.91076	0.00000	4370.05500
5.91461	0.00000	4359.07600
5.91844	0.00000	4359.07600
5.92227	0.00000	4359.07600
5.92610	0.00000	4359.07600
5.92992	0.00000	4359.07600
5.93375	0.00000	4399.03800
5.93758	0.00000	4399.03800
5.94141	0.00000	4399.03800
5.94523	0.00000	4399.03800
5.94907	0.00000	4399.03800
5.95289	0.00000	4399.03800
5.95672	0.00000	4388.93300
5.96055	0.00000	4388.93300
5.96438	0.00000	4388.93300
5.96822	0.00000	4388.93300
5.97206	0.00000	4388.93300
5.97589	0.00000	4356.09100
5.97972	0.00000	4356.09100
5.98356	0.00000	4356.09100
5.98743	0.00000	4356.09100
5.99128	0.00000	4356.09100
5.99511	0.00000	4399.03800
5.99896	0.00000	4399.03800
6.00279	0.00000	4399.03800
6.00663	0.00000	4399.03800
6.01046	0.00000	4399.03800
6.01430	0.00000	4399.03800
6.01813	0.00000	4388.93300
6.02196	0.00000	4388.93300
6.02580	0.00000	4388.93300
6.02962	0.00000	4388.93300
6.03346	0.00000	4388.93300
6.03729	0.00000	4387.01900
6.04111	0.00000	4387.01900
6.04495	0.00000	4387.01900
6.04878	0.00000	4387.01900
6.05261	0.00000	4387.01900
6.05644	0.00000	4387.01900
6.06029	0.00000	4387.01900
6.06413	0.00000	4387.01900
6.06797	0.00000	4387.01900
6.07180	0.00000	4387.01900
6.07564	0.00000	4387.01900
6.07947	0.00000	4368.03300
6.08331	0.00000	4368.03300
6.08714	0.00000	4368.03300
6.09098	0.00000	4368.03300
6.09480	0.00000	4368.03300
6.09864	0.00000	4362.06200
6.10247	0.00000	4362.06200
6.10630	0.00000	4362.06200
6.11013	0.00000	4362.06200
6.11395	0.00000	4362.06200
6.11778	0.00000	4402.04300
6.12161	0.00000	4402.04300
6.12544	0.00000	4402.04300
6.12928	0.00000	4402.04300
6.13311	0.00000	4402.04300
6.13695	0.00000	4402.04300
6.14078	0.00000	4397.89000
6.14461	0.00000	4397.89000
6.14845	0.00000	4397.89000
6.15227	0.00000	4397.89000
6.15610	0.00000	4397.89000
6.15994	0.00000	4390.02400
6.16377	0.00000	4390.02400
6.16760	0.00000	4390.02400
6.17143	0.00000	4390.02400
6.17526	0.00000	4390.02400
6.17908	0.00000	4362.06200
6.18292	0.00000	4362.06200
6.18675	0.00000	4362.06200
6.19058	0.00000	4362.06200
6.19441	0.00000	4362.06200
6.19824	0.00000	4362.06200
6.20207	0.00000	4385.94700
6.20590	0.00000	4385.94700
6.20974	0.00000	4385.94700
6.21357	0.00000	4385.94700
6.21740	0.00000	4385.94700
6.22123	0.00000	4384.01400
6.22505	0.00000	4384.01400
6.22890	0.00000	4384.01400
6.23273	0.00000	4384.01400
6.23656	0.00000	4384.01400
6.24039	0.00000	4365.04800
6.24422	0.00000	4365.04800
6.24805	0.00000	4365.04800
6.25187	0.00000	4365.04800
6.25570	0.00000	4365.04800
6.25952	0.00000	4365.04800
6.26335	0.00000	4371.01900
6.26718	0.00000	4371.01900
6.27101	0.00000	4371.01900
6.27484	0.00000	4371.01900
6.27866	0.00000	4371.01900
6.28249	0.00000	4365.04800
6.28633	0.00000	4365.04800
6.29015	0.00000	4365.04800
6.29398	0.00000	4365.04800
6.29781	0.00000	4365.04800
6.30164	0.00000	4387.01900
6.30546	0.00000	4387.01900
6.30929	0.00000	4387.01900
6.31313	0.00000	4387.01900
6.31695	0.00000	4387.01900
6.32078	0.00000	4387.01900
6.32461	0.00000	4365.04800
6.32844	0.00000	4365.04800
6.33227	0.00000	4365.04800
6.33610	0.00000	4365.04800
6.33993	0.00000	4365.04800
6.34376	0.00000	4393.02900
6.34758	0.00000	4393.02900
6.35141	0.00000	4393.02900
6.35524	0.00000	4393.02900
6.35907	0.00000	4393.02900
6.36290	0.00000	4393.02900
6.36672	0.00000	4382.96200
6.37057	0.00000	4382.96200
6.37439	0.00000	4382.96200
6.37822	0.00000	4382.96200
6.38205	0.00000	4382.96200
6.38588	0.00000	4356.09100
6.38971	0.00000	4356.09100
6.39354	0.00000	4356.09100
6.39736	0.00000	4356.09100
6.40119	0.00000	4356.09100
6.40502	0.00000	4399.03800
6.40884	0.00000	4399.03800
6.41268	0.00000	4399.03800
6.41651	0.00000	4399.03800
6.42031	0.00000	4399.03800
6.42414	0.00000	4399.03800
6.42797	0.00000	4400.87600
6.43180	0.00000	4400.87600
6.43563	0.00000	4400.87600
6.43945	0.00000	4400.87600
6.44328	0.00000	4400.87600
6.44711	0.00000	4396.03300
6.45094	0.00000	4396.03300
6.45477	0.00000	4396.03300
6.45859	0.00000	4396.03300
6.46242	0.00000	4396.03300
6.46625	0.00000	4371.01900
6.47010	0.00000	4371.01900
6.47392	0.00000	4371.01900
6.47775	0.00000	4371.01900
6.48157	0.00000	4371.01900
6.48541	0.00000	4371.01900
6.48924	0.00000	4373.02200
6.49306	0.00000	4373.02200
6.49689	0.00000	4373.02200
6.50072	0.00000	4373.02200
6.50455	0.00000	4373.02200
6.50837	0.00000	4359.07600
6.51221	0.00000	4359.07600
6.51604	0.00000	4359.07600
6.51986	0.00000	4359.07600
6.52369	0.00000	4359.07600
6.52752	0.00000	4393.02900
6.53136	0.00000	4393.02900
6.53518	0.00000	4393.02900
6.53901	0.00000	4393.02900
6.54283	0.00000	4393.02900
6.54666	0.00000	4393.02900
6.55049	0.00000	4385.94700
6.55433	0.00000	4385.94700
6.55816	0.00000	4385.94700
6.56200	0.00000	4385.94700
6.56582	0.00000	4385.94700
6.56965	0.00000	4381.01000
6.57347	0.00000	4381.01000
6.57730	0.00000	4381.01000
6.58112	0.00000	4381.01000
6.58495	0.00000	4381.01000
6.58878	0.00000	4396.03300
6.59261	0.00000	4396.03300
6.59645	0.00000	4396.03300
6.60028	0.00000	4396.03300
6.60412	0.00000	4396.03300
6.60795	0.00000	4396.03300
6.61178	0.00000	4374.00500
6.61561	0.00000	4374.00500
6.61943	0.00000	4374.00500
6.62327	0.00000	4374.00500
6.62710	0.00000	4374.00500
6.63092	0.00000	4390.02400
6.63475	0.00000	4390.02400
6.63857	0.00000	4390.02400
6.64240	0.00000	4390.02400
6.64623	0.00000	4390.02400
6.65007	0.00000	4390.02400
6.65389	0.00000	4390.02400
6.65772	0.00000	4390.02400
6.66155	0.00000	4390.02400
6.66538	0.00000	4390.02400
6.66921	0.00000	4390.02400
6.67303	0.00000	4371.01900
6.67686	0.00000	4371.01900
6.68069	0.00000	4371.01900
6.68451	0.00000	4371.01900
6.68835	0.00000	4371.01900
6.69218	0.00000	4396.03300
6.69600	0.00000	4396.03300
6.69984	0.00000	4396.03300
6.70366	0.00000	4396.03300
6.70749	0.00000	4396.03300
6.71132	0.00000	4387.01900
6.71515	0.00000	4387.01900
6.71898	0.00000	4387.01900
6.72282	0.00000	4387.01900
6.72665	0.00000	4387.01900
6.73050	0.00000	4387.01900
6.73433	0.00000	4393.02900
6.73816	0.00000	4393.02900
6.74199	0.00000	4393.02900
6.74582	0.00000	4393.02900
6.74965	0.00000	4393.02900
6.75348	0.00000	4396.03300
6.75730	0.00000	4396.03300
6.76113	0.00000	4396.03300
6.76496	0.00000	4396.03300
6.76879	0.00000	4396.03300
6.77262	0.00000	4396.03300
6.77645	0.00000	4382.96200
6.78030	0.00000	4382.96200
6.78416	0.00000	4382.96200
6.78800	0.00000	4382.96200
6.79184	0.00000	4382.96200
6.79567	0.00000	4381.01000
6.79951	0.00000	4381.01000
6.80334	0.00000	4381.01000
6.80718	0.00000	4381.01000
6.81102	0.00000	4381.01000
6.81485	0.00000	4359.07600
6.81868	0.00000	4359.07600
6.82252	0.00000	4359.07600
6.82634	0.00000	4359.07600
6.83018	0.00000	4359.07600
6.83401	0.00000	4359.07600
6.83784	0.00000	4388.93300
6.84167	0.00000	4388.93300
6.84550	0.00000	4388.93300
6.84934	0.00000	4388.93300
6.85317	0.00000	4388.93300
6.85701	0.00000	4381.01000
6.86084	0.00000	4381.01000
6.86466	0.00000	4381.01000
6.86850	0.00000	4381.01000
6.87233	0.00000	4381.01000
6.87616	0.00000	4359.07600
6.87998	0.00000	4359.07600
6.88381	0.00000	4359.07600
6.88763	0.00000	4359.07600
6.89147	0.00000	4359.07600
6.89530	0.00000	4359.07600
6.89913	0.00000	4376.99000
6.90297	0.00000	4376.99000
6.90679	0.00000	4376.99000
6.91062	0.00000	4376.99000
6.91445	0.00000	4376.99000
6.91827	0.00000	4393.02900
6.92210	0.00000	4393.02900
6.92594	0.00000	4393.02900
6.92976	0.00000	4393.02900
6.93358	0.00000	4393.02900
6.93742	0.00000	4368.03300
6.94125	0.00000	4368.03300
6.94507	0.00000	4368.03300
6.94889	0.00000	4368.03300
6.95272	0.00000	4368.03300
6.95655	0.00000	4368.03300
6.96039	0.00000	4370.05500
6.96422	0.00000	4370.05500
6.96805	0.00000	4370.05500
6.97188	0.00000	4370.05500
6.97570	0.00000	4370.05500
6.97954	0.00000	4387.01900
6.98337	0.00000	4387.01900
6.98718	0.00000	4387.01900
6.99102	0.00000	4387.01900
6.99485	0.00000	4387.01900
6.99868	0.00000	4365.04800
7.00251	0.00000	4365.04800
7.00634	0.00000	4365.04800
7.01017	0.00000	4365.04800
7.01400	0.00000	4365.04800
7.01783	0.00000	4365.04800
7.02166	0.00000	4367.08900
7.02549	0.00000	4367.08900
7.02932	0.00000	4367.08900
7.03316	0.00000	4367.08900
7.03699	0.00000	4367.08900
7.04083	0.00000	4387.01900
7.04466	0.00000	4387.01900
7.04849	0.00000	4387.01900
7.05233	0.00000	4387.01900
7.05615	0.00000	4387.01900
7.05999	0.00000	4387.01900
7.06383	0.00000	4387.01900
7.06765	0.00000	4387.01900
7.07148	0.00000	4387.01900
7.07531	0.00000	4387.01900
7.07914	0.00000	4387.01900
7.08298	0.00000	4367.08900
7.08681	0.00000	4367.08900
7.09064	0.00000	4367.08900
7.09447	0.00000	4367.08900
7.09830	0.00000	4367.08900
7.10213	0.00000	4387.01900
7.10596	0.00000	4387.01900
7.10980	0.00000	4387.01900
7.11362	0.00000	4387.01900
7.11746	0.00000	4387.01900
7.12129	0.00000	4390.02400
7.12512	0.00000	4390.02400
7.12895	0.00000	4390.02400
7.13279	0.00000	4390.02400
7.13661	0.00000	4390.02400
7.14045	0.00000	4390.02400
7.14428	0.00000	4371.01900
7.14810	0.00000	4371.01900
7.15193	0.00000	4371.01900
7.15576	0.00000	4371.01900
7.15959	0.00000	4371.01900
7.16341	0.00000	4393.02900
7.16725	0.00000	4393.02900
7.17109	0.00000	4393.02900
7.17492	0.00000	4393.02900
7.17875	0.00000	4393.02900
7.18258	0.00000	4393.02900
7.18642	0.00000	4393.02900
7.19026	0.00000	4393.02900
7.19424	0.00000	4393.02900
7.19834	0.00000	4393.02900
7.20234	0.00000	4393.02900
7.20621	0.00000	4393.02900
7.21006	0.00000	4393.02900
7.21389	0.00000	4393.02900
7.21773	0.00000	4393.02900
7.22156	0.00000	4393.02900
7.22539	0.00000	4393.02900
7.22923	0.00000	4393.02900
7.23306	0.00000	4393.02900
7.23689	0.00000	4393.02900
7.24072	0.00000	4393.02900
7.24455	0.00000	4365.04800
7.24839	0.00000	4365.04800
7.25222	0.00000	4365.04800
7.25606	0.00000	4365.04800
7.25989	0.00000	4365.04800
7.26371	0.00000	4365.04800
7.26754	0.00000	4364.12100
7.27138	0.00000	4364.12100
7.27518	0.00000	4364.12100
7.27901	0.00000	4364.12100
7.28284	0.00000	4364.12100
7.28669	0.00000	4393.02900
7.29053	0.00000	4393.02900
7.29436	0.00000	4393.02900
7.29820	0.00000	4393.02900
7.30207	0.00000	4393.02900
7.30591	0.00000	4393.02900
7.30975	0.00000	4393.02900
7.31359	0.00000	4393.02900
7.31741	0.00000	4393.02900
7.32123	0.00000	4393.02900
7.32505	0.00000	4393.02900
7.32889	0.00000	4361.15500
7.33272	0.00000	4361.15500
7.33655	0.00000	4361.15500
7.34038	0.00000	4361.15500
7.34422	0.00000	4361.15500
7.34804	0.00000	4365.04800
7.35187	0.00000	4365.04800
7.35570	0.00000	4365.04800
7.35952	0.00000	4365.04800
7.36334	0.00000	4365.04800
7.36716	0.00000	4396.03300
7.37100	0.00000	4396.03300
7.37482	0.00000	4396.03300
7.37865	0.00000	4396.03300
7.38247	0.00000	4396.03300
7.38631	0.00000	4396.03300
7.39013	0.00000	4382.96200
7.39398	0.00000	4382.96200
7.39780	0.00000	4382.96200
7.40162	0.00000	4382.96200
7.40546	0.00000	4382.96200
7.40929	0.00000	4365.04800
7.41311	0.00000	4365.04800
7.41694	0.00000	4365.04800
7.42077	0.00000	4365.04800
7.42460	0.00000	4365.04800
7.42843	0.00000	4396.03300
7.43225	0.00000	4396.03300
7.43609	0.00000	4396.03300
7.43991	0.00000	4396.03300
7.44375	0.00000	4396.03300
7.44758	0.00000	4396.03300
7.45142	0.00000	4368.03300
7.45524	0.00000	4368.03300
7.45907	0.00000	4368.03300
7.46290	0.00000	4368.03300
7.46673	0.00000	4368.03300
7.47056	0.00000	4365.04800
7.47439	0.00000	4365.04800
7.47822	0.00000	4365.04800
7.48205	0.00000	4365.04800
7.48588	0.00000	4365.04800
7.48973	0.00000	4387.01900
7.49355	0.00000	4387.01900
7.49739	0.00000	4387.01900
7.50122	0.00000	4387.01900
7.50504	0.00000	4387.01900
7.50886	0.00000	4387.01900
7.51270	0.00000	4371.01900
7.51653	0.00000	4371.01900
7.52031	0.00000	4371.01900
7.52416	0.00000	4371.01900
7.52798	0.00000	4371.01900
7.53182	0.00000	4390.02400
7.53565	0.00000	4390.02400
7.53947	0.00000	4390.02400
7.54331	0.00000	4390.02400
7.54715	0.00000	4390.02400
7.55099	0.00000	4390.02400
7.55482	0.00000	4402.04300
7.55865	0.00000	4402.04300
7.56248	0.00000	4402.04300
7.56631	0.00000	4402.04300
7.57014	0.00000	4402.04300
7.57397	0.00000	4374.00500
7.57781	0.00000	4374.00500
7.58163	0.00000	4374.00500
7.58546	0.00000	4374.00500
7.58930	0.00000	4374.00500
7.59313	0.00000	4393.02900
7.59696	0.00000	4393.02900
7.60079	0.00000	4393.02900
7.60462	0.00000	4393.02900
7.60845	0.00000	4393.02900
7.61228	0.00000	4393.02900
7.61610	0.00000	4382.96200
7.61994	0.00000	4382.96200
7.62376	0.00000	4382.96200
7.62759	0.00000	4382.96200
7.63143	0.00000	4382.96200
7.63526	0.00000	4362.06200
7.63908	0.00000	4362.06200
7.64291	0.00000	4362.06200
7.64674	0.00000	4362.06200
7.65057	0.00000	4362.06200
7.65441	0.00000	4387.01900
7.65824	0.00000	4387.01900
7.66207	0.00000	4387.01900
7.66591	0.00000	4387.01900
7.66974	0.00000	4387.01900
7.67357	0.00000	4387.01900
7.67740	0.00000	4394.90400
7.68124	0.00000	4394.90400
7.68507	0.00000	4394.90400
7.68890	0.00000	4394.90400
7.69273	0.00000	4394.90400
7.69657	0.00000	4359.07600
7.70039	0.00000	4359.07600
7.70423	0.00000	4359.07600
7.70806	0.00000	4359.07600
7.71189	0.00000	4359.07600
7.71572	0.00000	4387.01900
7.71957	0.00000	4387.01900
7.72340	0.00000	4387.01900
7.72718	0.00000	4387.01900
7.73100	0.00000	4387.01900
7.73483	0.00000	4387.01900
7.73865	0.00000	4394.90400
7.74248	0.00000	4394.90400
7.74631	0.00000	4394.90400
7.75015	0.00000	4394.90400
7.75398	0.00000	4394.90400
7.75781	0.00000	4393.02900
7.76164	0.00000	4393.02900
7.76547	0.00000	4393.02900
7.76931	0.00000	4393.02900
7.77315	0.00000	4393.02900
7.77698	0.00000	4365.04800
7.78082	0.00000	4365.04800
7.78464	0.00000	4365.04800
7.78847	0.00000	4365.04800
7.79231	0.00000	4365.04800
7.79614	0.00000	4365.04800
7.79998	0.00000	4373.02200
7.80381	0.00000	4373.02200
7.80764	0.00000	4373.02200
7.81147	0.00000	4373.02200
7.81530	0.00000	4373.02200
7.81912	0.00000	4393.02900
7.82296	0.00000	4393.02900
7.82678	0.00000	4393.02900
7.83062	0.00000	4393.02900
7.83445	0.00000	4393.02900
7.83835	0.00000	4393.02900
7.84222	0.00000	4393.02900
7.84606	0.00000	4393.02900
7.84991	0.00000	4393.02900
7.85374	0.00000	4393.02900
7.85757	0.00000	4393.02900
7.86140	0.00000	4358.18800
7.86523	0.00000	4358.18800
7.86906	0.00000	4358.18800
7.87290	0.00000	4358.18800
7.87674	0.00000	4358.18800
7.88058	0.00000	4390.02400
7.88441	0.00000	4390.02400
7.88825	0.00000	4390.02400
7.89210	0.00000	4390.02400
7.89592	0.00000	4390.02400
7.89975	0.00000	4390.02400
7.90358	0.00000	4390.02400
7.90741	0.00000	4390.02400
7.91124	0.00000	4390.02400
7.91508	0.00000	4390.02400
7.91894	0.00000	4390.02400
7.92278	0.00000	4388.93300
7.92661	0.00000	4388.93300
7.93044	0.00000	4388.93300
7.93428	0.00000	4388.93300
7.93811	0.00000	4388.93300
7.94195	0.00000	4365.04800
7.94577	0.00000	4365.04800
7.94961	0.00000	4365.04800
7.95345	0.00000	4365.04800
7.95727	0.00000	4365.04800
7.96110	0.00000	4393.02900
7.96493	0.00000	4393.02900
7.96876	0.00000	4393.02900
7.97259	0.00000	4393.02900
7.97642	0.00000	4393.02900
7.98026	0.00000	4393.02900
7.98410	0.00000	4371.01900
7.98794	0.00000	4371.01900
7.99178	0.00000	4371.01900
7.99562	0.00000	4371.01900
7.99946	0.00000	4371.01900
8.00328	0.00000	4393.02900
8.00712	0.00000	4393.02900
8.01095	0.00000	4393.02900
8.01478	0.00000	4393.02900
8.01861	0.00000	4393.02900
8.02244	0.00000	4393.02900
8.02626	0.00000	4393.02900
8.03010	0.00000	4393.02900
8.03393	0.00000	4393.02900
8.03777	0.00000	4393.02900
8.04161	0.00000	4393.02900
8.04544	0.00000	4393.02900
8.04927	0.00000	4393.02900
8.05311	0.00000	4393.02900
8.05693	0.00000	4393.02900
8.06076	0.00000	4393.02900
8.06460	0.00000	4396.03300
8.06843	0.00000	4396.03300
8.07227	0.00000	4396.03300
8.07610	0.00000	4396.03300
8.07993	0.00000	4396.03300
8.08376	0.00000	4387.01900
8.08758	0.00000	4387.01900
8.09141	0.00000	4387.01900
8.09524	0.00000	4387.01900
8.09907	0.00000	4387.01900
8.10290	0.00000	4387.01900
8.10673	0.00000	4393.02900
8.11056	0.00000	4393.02900
8.11438	0.00000	4393.02900
8.11822	0.00000	4393.02900
8.12205	0.00000	4393.02900
8.12589	0.00000	4396.03300
8.12972	0.00000	4396.03300
8.13355	0.00000	4396.03300
8.13738	0.00000	4396.03300
8.14121	0.00000	4396.03300
8.14504	0.00000	4396.03300
8.14888	0.00000	4374.00500
8.15271	0.00000	4374.00500
8.15654	0.00000	4374.00500
8.16037	0.00000	4374.00500
8.16420	0.00000	4374.00500
8.16803	0.00000	4393.02900
8.17186	0.00000	4393.02900
8.17569	0.00000	4393.02900
8.17952	0.00000	4393.02900
8.18336	0.00000	4393.02900
8.18718	0.00000	4402.04300
8.19101	0.00000	4402.04300
8.19485	0.00000	4402.04300
8.19873	0.00000	4402.04300
8.20257	0.00000	4402.04300
8.20642	0.00000	4402.04300
8.21025	0.00000	4364.12100
8.21409	0.00000	4364.12100
8.21792	0.00000	4364.12100
8.22176	0.00000	4364.12100
8.22559	0.00000	4364.12100
8.22942	0.00000	4365.04800
8.23324	0.00000	4365.04800
8.23708	0.00000	4365.04800
8.24091	0.00000	4365.04800
8.24475	0.00000	4365.04800
8.24858	0.00000	4384.01400
8.25240	0.00000	4384.01400
8.25624	0.00000	4384.01400
8.26007	0.00000	4384.01400
8.26390	0.00000	4384.01400
8.26773	0.00000	4384.01400
8.27156	0.00000	4370.05500
8.27539	0.00000	4370.05500
8.27918	0.00000	4370.05500
8.28300	0.00000	4370.05500
8.28684	0.00000	4370.05500
8.29067	0.00000	4362.06200
8.29450	0.00000	4362.06200
8.29832	0.00000	4362.06200
8.30216	0.00000	4362.06200
8.30599	0.00000	4362.06200
8.30983	0.00000	4387.01900
8.31367	0.00000	4387.01900
8.31750	0.00000	4387.01900
8.32133	0.00000	4387.01900
8.32517	0.00000	4387.01900
8.32900	0.00000	4387.01900
8.33282	0.00000	4388.93300
8.33665	0.00000	4388.93300
8.34048	0.00000	4388.93300
8.34430	0.00000	4388.93300
8.34813	0.00000	4388.93300
8.35197	0.00000	4368.03300
8.35580	0.00000	4368.03300
8.35963	0.00000	4368.03300
8.36345	0.00000	4368.03300
8.36728	0.00000	4368.03300
8.37110	0.00000	4393.02900
8.37495	0.00000	4393.02900
8.37877	0.00000	4393.02900
8.38260	0.00000	4393.02900
8.38645	0.00000	4393.02900
8.39029	0.00000	4393.02900
8.39411	0.00000	4382.96200
8.39794	0.00000	4382.96200
8.40177	0.00000	4382.96200
8.40559	0.00000	4382.96200
8.40943	0.00000	4382.96200
8.41326	0.00000	4365.04800
8.41709	0.00000	4365.04800
8.42092	0.00000	4365.04800
8.42475	0.00000	4365.04800
8.42857	0.00000	4365.04800
8.43240	0.00000	4365.04800
8.43624	0.00000	4365.04800
8.44008	0.00000	4365.04800
8.44391	0.00000	4365.04800
8.44775	0.00000	4365.04800
8.45157	0.00000	4365.04800
8.45540	0.00000	4385.94700
8.45923	0.00000	4385.94700
8.46307	0.00000	4385.94700
8.46690	0.00000	4385.94700
8.47073	0.00000	4385.94700
8.47456	0.00000	4384.01400
8.47839	0.00000	4384.01400
8.48222	0.00000	4384.01400
8.48605	0.00000	4384.01400
8.48988	0.00000	4384.01400
8.49371	0.00000	4390.02400
8.49753	0.00000	4390.02400
8.50136	0.00000	4390.02400
8.50519	0.00000	4390.02400
8.50902	0.00000	4390.02400
8.51285	0.00000	4390.02400
8.51669	0.00000	4374.00500
8.52052	0.00000	4374.00500
8.52435	0.00000	4374.00500
8.52818	0.00000	4374.00500
8.53201	0.00000	4374.00500
8.53584	0.00000	4359.07600
8.53967	0.00000	4359.07600
8.54351	0.00000	4359.07600
8.54734	0.00000	4359.07600
8.55117	0.00000	4359.07600
8.55500	0.00000	4393.02900
8.55883	0.00000	4393.02900
8.56267	0.00000	4393.02900
8.56649	0.00000	4393.02900
8.57032	0.00000	4393.02900
8.57415	0.00000	4393.02900
8.57797	0.00000	4379.97600
8.58180	0.00000	4379.97600
8.58564	0.00000	4379.97600
8.58946	0.00000	4379.97600
8.59329	0.00000	4379.97600
8.59711	0.00000	4368.03300
8.60095	0.00000	4368.03300
8.60478	0.00000	4368.03300
8.60862	0.00000	4368.03300
8.61245	0.00000	4368.03300
8.61629	0.00000	4393.02900
8.62011	0.00000	4393.02900
8.62394	0.00000	4393.02900
8.62778	0.00000	4393.02900
8.63160	0.00000	4393.02900
8.63542	0.00000	4393.02900
8.63925	0.00000	4371.01900
8.64308	0.00000	4371.01900
8.64693	0.00000	4371.01900
8.65075	0.00000	4371.01900
8.65458	0.00000	4371.01900
8.65841	0.00000	4368.03300
8.66224	0.00000	4368.03300
8.66607	0.00000	4368.03300
8.66990	0.00000	4368.03300
8.67372	0.00000	4368.03300
8.67755	0.00000	4368.03300
8.68138	0.00000	4371.01900
8.68521	0.00000	4371.01900
8.68905	0.00000	4371.01900
8.69288	0.00000	4371.01900
8.69670	0.00000	4371.01900
8.70055	0.00000	4368.03300
8.70438	0.00000	4368.03300
8.70821	0.00000	4368.03300
8.71204	0.00000	4368.03300
8.71586	0.00000	4368.03300
8.71969	0.00000	4371.01900
8.72353	0.00000	4371.01900
8.72736	0.00000	4371.01900
8.73118	0.00000	4371.01900
8.73501	0.00000	4371.01900
8.73884	0.00000	4371.01900
8.74266	0.00000	4388.93300
8.74649	0.00000	4388.93300
8.75032	0.00000	4388.93300
8.75416	0.00000	4388.93300
8.75799	0.00000	4388.93300
8.76182	0.00000	4381.01000
8.76565	0.00000	4381.01000
8.76948	0.00000	4381.01000
8.77331	0.00000	4381.01000
8.77715	0.00000	4381.01000
8.78098	0.00000	4387.01900
8.78481	0.00000	4387.01900
8.78864	0.00000	4387.01900
8.79246	0.00000	4387.01900
8.79629	0.00000	4387.01900
8.80012	0.00000	4387.01900
8.80395	0.00000	4388.93300
8.80778	0.00000	4388.93300
8.81161	0.00000	4388.93300
8.81545	0.00000	4388.93300
8.81928	0.00000	4388.93300
8.82310	0.00000	4356.09100
8.82693	0.00000	4356.09100
8.83075	0.00000	4356.09100
8.83459	0.00000	4356.09100
8.83841	0.00000	4356.09100
8.84225	0.00000	4390.02400
8.84608	0.00000	4390.02400
8.84992	0.00000	4390.02400
8.85374	0.00000	4390.02400
8.85757	0.00000	4390.02400
8.86139	0.00000	4390.02400
8.86523	0.00000	4400.87600
8.86906	0.00000	4400.87600
8.87288	0.00000	4400.87600
8.87672	0.00000	4400.87600
8.88055	0.00000	4400.87600
8.88442	0.00000	4387.01900
8.88825	0.00000	4387.01900
8.89209	0.00000	4387.01900
8.89649	0.00000	4387.01900
8.90097	0.00000	4387.01900
8.90488	0.00000	4353.10500
8.90873	0.00000	4353.10500
8.91256	0.00000	4353.10500
8.91640	0.00000	4353.10500
8.92022	0.00000	4353.10500
8.92406	0.00000	4387.01900
8.92791	0.00000	4387.01900
8.93174	0.00000	4387.01900
8.93556	0.00000	4387.01900
8.93939	0.00000	4387.01900
8.94318	0.00000	4387.01900
8.94701	0.00000	4385.94700
8.95084	0.00000	4385.94700
8.95467	0.00000	4385.94700
8.95849	0.00000	4385.94700
8.96231	0.00000	4385.94700
8.96615	0.00000	4368.03300
8.96998	0.00000	4368.03300
8.97380	0.00000	4368.03300
8.97763	0.00000	4368.03300
8.98147	0.00000	4368.03300
8.98531	0.00000	4384.01400
8.98914	0.00000	4384.01400
8.99298	0.00000	4384.01400
8.99681	0.00000	4384.01400
9.00063	0.00000	4384.01400
9.00446	0.00000	4384.01400
9.00829	0.00000	4385.94700
9.01212	0.00000	4385.94700
9.01594	0.00000	4385.94700
9.01978	0.00000	4385.94700
9.02361	0.00000	4385.94700
9.02744	0.00000	4365.04800
9.03127	0.00000	4365.04800
9.03510	0.00000	4365.04800
9.03893	0.00000	4365.04800
9.04279	0.00000	4365.04800
9.04668	0.00000	4393.02900
9.05057	0.00000	4393.02900
9.05443	0.00000	4393.02900
9.05827	0.00000	4393.02900
9.06210	0.00000	4393.02900
9.06593	0.00000	4393.02900
9.06976	0.00000	4379.97600
9.07360	0.00000	4379.97600
9.07743	0.00000	4379.97600
9.08126	0.00000	4379.97600
9.08510	0.00000	4379.97600
9.08894	0.00000	4365.04800
9.09277	0.00000	4365.04800
9.09661	0.00000	4365.04800
9.10043	0.00000	4365.04800
9.10426	0.00000	4365.04800
9.10810	0.00000	4384.01400
9.11197	0.00000	4384.01400
9.11580	0.00000	4384.01400
9.11964	0.00000	4384.01400
9.12347	0.00000	4384.01400
9.12730	0.00000	4384.01400
9.13114	0.00000	4374.00500
9.13498	0.00000	4374.00500
9.13881	0.00000	4374.00500
9.14264	0.00000	4374.00500
9.14648	0.00000	4374.00500
9.15030	0.00000	4393.02900
9.15413	0.00000	4393.02900
9.15796	0.00000	4393.02900
9.16179	0.00000	4393.02900
9.16562	0.00000	4393.02900
9.16945	0.00000	4396.03300
9.17328	0.00000	4396.03300
9.17712	0.00000	4396.03300
9.18094	0.00000	4396.03300
9.18478	0.00000	4396.03300
9.18861	0.00000	4396.03300
9.19244	0.00000	4393.02900
9.19627	0.00000	4393.02900
9.20010	0.00000	4393.02900
9.20393	0.00000	4393.02900
9.20776	0.00000	4393.02900
9.21159	0.00000	4393.02900
9.21543	0.00000	4393.02900
9.21926	0.00000	4393.02900
9.22309	0.00000	4393.02900
9.22692	0.00000	4393.02900
9.23075	0.00000	4393.02900
9.23458	0.00000	4393.02900
9.23840	0.00000	4393.02900
9.24224	0.00000	4393.02900
9.24607	0.00000	4393.02900
9.24991	0.00000	4393.02900
9.25374	0.00000	4399.03800
9.25757	0.00000	4399.03800
9.26140	0.00000	4399.03800
9.26523	0.00000	4399.03800
9.26906	0.00000	4399.03800
9.27290	0.00000	4390.02400
9.27673	0.00000	4390.02400
9.28056	0.00000	4390.02400
9.28439	0.00000	4390.02400
9.28821	0.00000	4390.02400
9.29204	0.00000	4390.02400
9.29586	0.00000	4374.00500
9.29969	0.00000	4374.00500
9.30352	0.00000	4374.00500
9.30736	0.00000	4374.00500
9.31118	0.00000	4374.00500
9.31501	0.00000	4390.02400
9.31884	0.00000	4390.02400
9.32267	0.00000	4390.02400
9.32649	0.00000	4390.02400
9.33032	0.00000	4390.02400
9.33415	0.00000	4387.01900
9.33798	0.00000	4387.01900
9.34181	0.00000	4387.01900
9.34564	0.00000	4387.01900
9.34947	0.00000	4387.01900
9.35331	0.00000	4387.01900
9.35714	0.00000	4385.94700
9.36097	0.00000	4385.94700
9.36481	0.00000	4385.94700
9.36863	0.00000	4385.94700
9.37246	0.00000	4385.94700
9.37629	0.00000	4390.02400
9.38011	0.00000	4390.02400
9.38393	0.00000	4390.02400
9.38776	0.00000	4390.02400
9.39159	0.00000	4390.02400
9.39543	0.00000	4399.03800
9.39925	0.00000	4399.03800
9.40308	0.00000	4399.03800
9.40692	0.00000	4399.03800
9.41075	0.00000	4399.03800
9.41459	0.00000	4399.03800
9.41842	0.00000	4358.18800
9.42226	0.00000	4358.18800
9.42609	0.00000	4358.18800
9.42991	0.00000	4358.18800
9.43373	0.00000	4358.18800
9.43756	0.00000	4390.02400
9.44139	0.00000	4390.02400
9.44522	0.00000	4390.02400
9.44904	0.00000	4390.02400
9.45288	0.00000	4390.02400
9.45671	0.00000	4387.01900
9.46053	0.00000	4387.01900
9.46436	0.00000	4387.01900
9.46820	0.00000	4387.01900
9.47203	0.00000	4387.01900
9.47586	0.00000	4387.01900
9.47969	0.00000	4367.08900
9.48352	0.00000	4367.08900
9.48736	0.00000	4367.08900
9.49118	0.00000	4367.08900
9.49501	0.00000	4367.08900
9.49883	0.00000	4381.01000
9.50267	0.00000	4381.01000
9.50650	0.00000	4381.01000
9.51033	0.00000	4381.01000
9.51416	0.00000	4381.01000
9.51799	0.00000	4393.02900
9.52183	0.00000	4393.02900
9.52566	0.00000	4393.02900
9.52950	0.00000	4393.02900
9.53332	0.00000	4393.02900
9.53716	0.00000	4393.02900
9.54099	0.00000	4361.15500
9.54482	0.00000	4361.15500
9.54866	0.00000	4361.15500
9.55248	0.00000	4361.15500
9.55632	0.00000	4361.15500
9.56015	0.00000	4365.04800
9.56397	0.00000	4365.04800
9.56781	0.00000	4365.04800
9.57164	0.00000	4365.04800
9.57547	0.00000	4365.04800
9.57930	0.00000	4393.02900
9.58313	0.00000	4393.02900
9.58697	0.00000	4393.02900
9.59080	0.00000	4393.02900
9.59463	0.00000	4393.02900
9.59846	0.00000	4393.02900
9.60229	0.00000	4376.99000
9.60612	0.00000	4376.99000
9.60995	0.00000	4376.99000
9.61378	0.00000	4376.99000
9.61761	0.00000	4376.99000
9.62144	0.00000	4365.04800
9.62528	0.00000	4365.04800
9.62911	0.00000	4365.04800
9.63295	0.00000	4365.04800
9.63678	0.00000	4365.04800
9.64060	0.00000	4393.02900
9.64443	0.00000	4393.02900
9.64826	0.00000	4393.02900
9.65209	0.00000	4393.02900
9.65592	0.00000	4393.02900
9.65975	0.00000	4393.02900
9.66357	0.00000	4368.03300
9.66741	0.00000	4368.03300
9.67124	0.00000	4368.03300
9.67506	0.00000	4368.03300
9.67889	0.00000	4368.03300
9.68272	0.00000	4396.03300
9.68654	0.00000	4396.03300
9.69038	0.00000	4396.03300
9.69420	0.00000	4396.03300
9.69803	0.00000	4396.03300
9.70186	0.00000	4393.02900
9.70569	0.00000	4393.02900
9.70951	0.00000	4393.02900
9.71334	0.00000	4393.02900
9.71717	0.00000	4393.02900
9.72100	0.00000	4393.02900
9.72483	0.00000	4368.03300
9.72865	0.00000	4368.03300
9.73248	0.00000	4368.03300
9.73632	0.00000	4368.03300
9.74014	0.00000	4368.03300
9.74396	0.00000	4393.02900
9.74780	0.00000	4393.02900
9.75162	0.00000	4393.02900
9.75544	0.00000	4393.02900
9.75927	0.00000	4393.02900
9.76310	0.00000	4393.02900
9.76695	0.00000	4385.94700
9.77078	0.00000	4385.94700
9.77461	0.00000	4385.94700
9.77844	0.00000	4385.94700
9.78227	0.00000	4385.94700
9.78611	0.00000	4384.01400
9.78994	0.00000	4384.01400
9.79377	0.00000	4384.01400
9.79760	0.00000	4384.01400
9.80143	0.00000	4384.01400
9.80527	0.00000	4393.02900
9.80912	0.00000	4393.02900
9.81295	0.00000	4393.02900
9.81679	0.00000	4393.02900
9.82061	0.00000	4393.02900
9.82445	0.00000	4393.02900
9.82829	0.00000	4382.96200
9.83212	0.00000	4382.96200
9.83594	0.00000	4382.96200
9.83977	0.00000	4382.96200
9.84360	0.00000	4382.96200
9.84744	0.00000	4387.01900
9.85209	0.00000	4387.01900
9.85612	0.00000	4387.01900
9.86016	0.00000	4387.01900
9.86416	0.00000	4387.01900
9.86807	0.00000	4390.02400
9.87199	0.00000	4390.02400
9.87593	0.00000	4390.02400
9.87980	0.00000	4390.02400
9.88365	0.00000	4390.02400
9.88748	0.00000	4393.02900
9.89133	0.00000	4393.02900
9.89518	0.00000	4393.02900
9.89901	0.00000	4393.02900
9.90285	0.00000	4393.02900
9.90668	0.00000	4356.09100
9.91051	0.00000	4356.09100
9.91436	0.00000	4356.09100
9.91820	0.00000	4356.09100
9.92203	0.00000	4356.09100
9.92585	0.00000	4356.09100
9.92968	0.00000	4368.03300
9.93351	0.00000	4368.03300
9.93733	0.00000	4368.03300
9.94117	0.00000	4368.03300
9.94501	0.00000	4368.03300
9.94884	0.00000	4362.06200
9.95267	0.00000	4362.06200
9.95656	0.00000	4362.06200
9.96041	0.00000	4362.06200
9.96425	0.00000	4362.06200
9.96807	0.00000	4384.01400
9.97191	0.00000	4384.01400
9.97574	0.00000	4384.01400
9.97957	0.00000	4384.01400
9.98341	0.00000	4384.01400
9.98727	0.00000	4384.01400
9.99111	0.00000	4390.02400
9.99494	0.00000	4390.02400
9.99876	0.00000	4390.02400
