Time (s)   Thrust (N)   RPM
0.00030	0.00000	4884.15900
0.00420	0.00000	4884.15900
0.00831	0.00000	4884.15900
0.01220	0.00000	4884.15900
0.01607	0.00000	4879.87700
0.01991	0.00000	4879.87700
0.02381	0.00000	4879.87700
0.02772	0.00000	4879.87700
0.03167	0.00000	4879.87700
0.03551	0.00000	4879.87700
0.03936	0.00000	4766.53300
0.04319	0.00000	4766.53300
0.04705	0.00000	4766.53300
0.05089	0.00000	4766.53300
0.05474	0.00000	4766.53300
0.05857	0.00000	4504.07600
0.06239	0.00000	4504.07600
0.06622	0.00000	4504.07600
0.07004	0.00000	4504.07600
0.07387	0.00000	4504.07600
0.07771	0.00000	4280.02400
0.08153	0.00000	4280.02400
0.08537	0.00000	4280.02400
0.08920	0.00000	4280.02400
0.09302	0.00000	4280.02400
0.09684	0.00000	4090.32500
0.10066	0.00000	4090.32500
0.10448	0.00000	4090.32500
0.10831	0.00000	4090.32500
0.11213	0.00000	4090.32500
0.11597	0.00000	3902.92500
0.11979	0.00000	3902.92500
0.12362	0.00000	3902.92500
0.12744	0.00000	3902.92500
0.13126	0.00000	3902.92500
0.13509	0.00000	3739.80900
0.13892	0.00000	3739.80900
0.14275	0.00000	3739.80900
0.14658	0.00000	3739.80900
0.15040	0.00000	3739.80900
0.15423	0.00000	3583.33300
0.15805	0.00000	3583.33300
0.16188	0.00000	3583.33300
0.16571	0.00000	3583.33300
0.16953	0.00000	3483.17300
0.17335	0.00000	3483.17300
0.17717	0.00000	3483.17300
0.18101	0.00000	3483.17300
0.18483	0.00000	3483.17300
0.18864	0.00000	3376.46400
0.19246	0.00000	3376.46400
0.19630	0.00000	3376.46400
0.20012	0.00000	3376.46400
0.20394	0.00000	3244.04700
0.20777	0.00000	3244.04700
0.21160	0.00000	3244.04700
0.21543	0.00000	3244.04700
0.21925	0.00000	3152.72100
0.22307	0.00000	3152.72100
0.22689	0.00000	3152.72100
0.23073	0.00000	3152.72100
0.23455	0.00000	3069.92800
0.23836	0.00000	3069.92800
0.24219	0.00000	3069.92800
0.24602	0.00000	3069.92800
0.24985	0.00000	2979.08000
0.25367	0.00000	2979.08000
0.25751	0.00000	2979.08000
0.26134	0.00000	2979.08000
0.26516	0.00000	2979.08000
0.26899	0.00000	2910.97600
0.27282	0.00000	2910.97600
0.27665	0.00000	2910.97600
0.28047	0.00000	2910.97600
0.28429	0.00000	2840.30700
0.28812	0.00000	2840.30700
0.29193	0.00000	2840.30700
0.29576	0.00000	2840.30700
0.29959	0.00000	2792.29500
0.30341	0.00000	2792.29500
0.30725	0.00000	2792.29500
0.31108	0.00000	2792.29500
0.31490	0.00000	2730.97800
0.31873	0.00000	2730.97800
0.32255	0.00000	2730.97800
0.32639	0.00000	2730.97800
0.33021	0.00000	2672.69700
0.33403	0.00000	2672.69700
0.33786	0.00000	2672.69700
0.34168	0.00000	2613.38400
0.34550	0.00000	2613.38400
0.34932	0.00000	2613.38400
0.35314	0.00000	2613.38400
0.35697	0.00000	2569.75400
0.36080	0.00000	2569.75400
0.36463	0.00000	2569.75400
0.36845	0.00000	2569.75400
0.37227	0.00000	2519.53100
0.37609	0.00000	2519.53100
0.37991	0.00000	2519.53100
0.38374	0.00000	2519.53100
0.38757	0.00000	2460.93700
0.39139	0.00000	2460.93700
0.39521	0.00000	2460.93700
0.39904	0.00000	2460.93700
0.40286	0.00000	2423.98600
0.40668	0.00000	2423.98600
0.41050	0.00000	2423.98600
0.41434	0.00000	2423.98600
0.41816	0.00000	2394.88600
0.42198	0.00000	2394.88600
0.42582	0.00000	2394.88600
0.42964	0.00000	2352.35000
0.43347	0.00000	2352.35000
0.43729	0.00000	2352.35000
0.44112	0.00000	2352.35000
0.44495	0.00000	2330.84800
0.44877	0.00000	2330.84800
0.45260	0.00000	2330.84800
0.45642	0.00000	2330.84800
0.46025	0.00000	2300.34700
0.46407	0.00000	2300.34700
0.46789	0.00000	2300.34700
0.47171	0.00000	2300.34700
0.47553	0.00000	2282.41800
0.47935	0.00000	2282.41800
0.48317	0.00000	2282.41800
0.48700	0.00000	2250.88400
0.49082	0.00000	2250.88400
0.49465	0.00000	2250.88400
0.49847	0.00000	2250.88400
0.50229	0.00000	2216.70500
0.50611	0.00000	2216.70500
0.50994	0.00000	2216.70500
0.51377	0.00000	2216.70500
0.51760	0.00000	2181.65900
0.52142	0.00000	2181.65900
0.52524	0.00000	2181.65900
0.52906	0.00000	2153.59700
0.53289	0.00000	2153.59700
0.53672	0.00000	2153.59700
0.54054	0.00000	2153.59700
0.54437	0.00000	2135.90800
0.54819	0.00000	2135.90800
0.55201	0.00000	2135.90800
0.55583	0.00000	2135.90800
0.55966	0.00000	2109.37500
0.56348	0.00000	2109.37500
0.56731	0.00000	2109.37500
0.57113	0.00000	2089.28500
0.57495	0.00000	2089.28500
0.57877	0.00000	2089.28500
0.58259	0.00000	2089.28500
0.58642	0.00000	2080.35700
0.59024	0.00000	2080.35700
0.59406	0.00000	2080.35700
0.59788	0.00000	2059.79500
0.60170	0.00000	2059.79500
0.60552	0.00000	2059.79500
0.60934	0.00000	2059.79500
0.61316	0.00000	2046.27400
0.61698	0.00000	2046.27400
0.62081	0.00000	2046.27400
0.62463	0.00000	2046.27400
0.62845	0.00000	2028.24500
0.63227	0.00000	2028.24500
0.63609	0.00000	2028.24500
0.63991	0.00000	2016.08000
0.64373	0.00000	2016.08000
0.64756	0.00000	2016.08000
0.65138	0.00000	2016.08000
0.65521	0.00000	1983.17300
0.65903	0.00000	1983.17300
0.66286	0.00000	1983.17300
0.66668	0.00000	1975.12100
0.67050	0.00000	1975.12100
0.67433	0.00000	1975.12100
0.67815	0.00000	1975.12100
0.68197	0.00000	1951.62200
0.68580	0.00000	1951.62200
0.68962	0.00000	1951.62200
0.69344	0.00000	1957.72000
0.69728	0.00000	1957.72000
0.70109	0.00000	1957.72000
0.70491	0.00000	1957.72000
0.70872	0.00000	1929.61100
0.71257	0.00000	1929.61100
0.71640	0.00000	1929.61100
0.72022	0.00000	1929.61100
0.72405	0.00000	1925.55100
0.72787	0.00000	1925.55100
0.73169	0.00000	1925.55100
0.73551	0.00000	1916.36000
0.73933	0.00000	1916.36000
0.74315	0.00000	1916.36000
0.74698	0.00000	1916.36000
0.75080	0.00000	1893.20400
0.75463	0.00000	1893.20400
0.75846	0.00000	1893.20400
0.76228	0.00000	1884.19100
0.76610	0.00000	1884.19100
0.76993	0.00000	1884.19100
0.77375	0.00000	1884.19100
0.77757	0.00000	1888.78600
0.78139	0.00000	1888.78600
0.78521	0.00000	1888.78600
0.78904	0.00000	1861.21300
0.79286	0.00000	1861.21300
0.79668	0.00000	1861.21300
0.80051	0.00000	1861.21300
0.80433	0.00000	1861.21300
0.80815	0.00000	1861.21300
0.81197	0.00000	1861.21300
0.81579	0.00000	1856.43500
0.81962	0.00000	1856.43500
0.82345	0.00000	1856.43500
0.82726	0.00000	1856.43500
0.83108	0.00000	1861.07600
0.83492	0.00000	1861.07600
0.83875	0.00000	1861.07600
0.84257	0.00000	1851.56200
0.84640	0.00000	1851.56200
0.85021	0.00000	1851.56200
0.85404	0.00000	1851.56200
0.85786	0.00000	1837.87100
0.86169	0.00000	1837.87100
0.86550	0.00000	1837.87100
0.86932	0.00000	1814.66500
0.87315	0.00000	1814.66500
0.87697	0.00000	1814.66500
0.88080	0.00000	1814.66500
0.88462	0.00000	1801.47000
0.88844	0.00000	1801.47000
0.89228	0.00000	1801.47000
0.89610	0.00000	1818.75000
0.89993	0.00000	1818.75000
0.90377	0.00000	1818.75000
0.90760	0.00000	1818.75000
0.91143	0.00000	1800.74200
0.91526	0.00000	1800.74200
0.91908	0.00000	1800.74200
0.92289	0.00000	1804.68700
0.92671	0.00000	1804.68700
0.93053	0.00000	1804.68700
0.93436	0.00000	1804.68700
0.93818	0.00000	1804.68700
0.94200	0.00000	1804.68700
0.94582	0.00000	1804.68700
0.94966	0.00000	1790.62500
0.95350	0.00000	1790.62500
0.95745	0.00000	1790.62500
0.96132	0.00000	1785.93700
0.96515	0.00000	1785.93700
0.96898	0.00000	1785.93700
0.97280	0.00000	1785.93700
0.97662	0.00000	1781.25000
0.98044	0.00000	1781.25000
0.98426	0.00000	1781.25000
0.98808	0.00000	1771.87500
0.99191	0.00000	1771.87500
0.99579	0.00000	1771.87500
0.99963	0.00000	1771.87500
1.00345	0.00000	1776.56200
1.00728	0.00000	1776.56200
1.01110	0.00000	1776.56200
1.01493	0.00000	1757.81200
1.01878	0.00000	1757.81200
1.02260	0.00000	1757.81200
1.02643	0.00000	1757.81200
1.03026	0.00000	1771.87500
1.03410	0.00000	1771.87500
1.03792	0.00000	1771.87500
1.04174	0.00000	1770.83300
1.04557	0.00000	1770.83300
1.04939	0.00000	1770.83300
1.05322	0.00000	1770.83300
1.05705	0.00000	1757.81200
1.06088	0.00000	1757.81200
1.06471	0.00000	1757.81200
1.06855	0.00000	1743.75000
1.07236	0.00000	1743.75000
1.07618	0.00000	1743.75000
1.08000	0.00000	1743.75000
1.08382	0.00000	1743.75000
1.08764	0.00000	1743.75000
1.09148	0.00000	1743.75000
1.09530	0.00000	1751.89400
1.09912	0.00000	1751.89400
1.10294	0.00000	1751.89400
1.10677	0.00000	1747.15900
1.11059	0.00000	1747.15900
1.11442	0.00000	1747.15900
1.11824	0.00000	1747.15900
1.12206	0.00000	1725.00000
1.12588	0.00000	1725.00000
1.12970	0.00000	1725.00000
1.13352	0.00000	1742.42400
1.13736	0.00000	1742.42400
1.14118	0.00000	1742.42400
1.14500	0.00000	1742.42400
1.14882	0.00000	1729.68700
1.15265	0.00000	1729.68700
1.15647	0.00000	1729.68700
1.16029	0.00000	1737.68900
1.16411	0.00000	1737.68900
1.16794	0.00000	1737.68900
1.17176	0.00000	1737.68900
1.17558	0.00000	1720.31200
1.17940	0.00000	1720.31200
1.18323	0.00000	1720.31200
1.18705	0.00000	1723.48400
1.19087	0.00000	1723.48400
1.19469	0.00000	1723.48400
1.19852	0.00000	1723.48400
1.20238	0.00000	1737.68900
1.20621	0.00000	1737.68900
1.21004	0.00000	1737.68900
1.21387	0.00000	1723.48400
1.21769	0.00000	1723.48400
1.22151	0.00000	1723.48400
1.22534	0.00000	1718.75000
1.22916	0.00000	1718.75000
1.23298	0.00000	1718.75000
1.23680	0.00000	1718.75000
1.24062	0.00000	1706.25000
1.24444	0.00000	1706.25000
1.24826	0.00000	1706.25000
1.25208	0.00000	1714.01500
1.25591	0.00000	1714.01500
1.25973	0.00000	1714.01500
1.26355	0.00000	1714.01500
1.26738	0.00000	1706.25000
1.27119	0.00000	1706.25000
1.27502	0.00000	1706.25000
1.27883	0.00000	1692.18700
1.28265	0.00000	1692.18700
1.28648	0.00000	1692.18700
1.29030	0.00000	1692.18700
1.29412	0.00000	1701.56200
1.29795	0.00000	1701.56200
1.30177	0.00000	1701.56200
1.30560	0.00000	1709.28000
1.30942	0.00000	1709.28000
1.31324	0.00000	1709.28000
1.31706	0.00000	1709.28000
1.32088	0.00000	1696.87500
1.32470	0.00000	1696.87500
1.32853	0.00000	1696.87500
1.33235	0.00000	1704.54500
1.33617	0.00000	1704.54500
1.33999	0.00000	1704.54500
1.34382	0.00000	1704.54500
1.34765	0.00000	1704.54500
1.35147	0.00000	1704.54500
1.35530	0.00000	1704.54500
1.35912	0.00000	1687.50000
1.36294	0.00000	1687.50000
1.36676	0.00000	1687.50000
1.37058	0.00000	1699.81000
1.37440	0.00000	1699.81000
1.37823	0.00000	1699.81000
1.38205	0.00000	1699.81000
1.38587	0.00000	1696.87500
1.38969	0.00000	1696.87500
1.39350	0.00000	1696.87500
1.39732	0.00000	1695.07500
1.40114	0.00000	1695.07500
1.40496	0.00000	1695.07500
1.40878	0.00000	1695.07500
1.41260	0.00000	1687.50000
1.41642	0.00000	1687.50000
1.42024	0.00000	1687.50000
1.42407	0.00000	1695.07500
1.42789	0.00000	1695.07500
1.43171	0.00000	1695.07500
1.43553	0.00000	1707.58900
1.43936	0.00000	1707.58900
1.44317	0.00000	1707.58900
1.44699	0.00000	1707.58900
1.45081	0.00000	1695.07500
1.45463	0.00000	1695.07500
1.45846	0.00000	1695.07500
1.46228	0.00000	1690.34000
1.46611	0.00000	1690.34000
1.46993	0.00000	1690.34000
1.47376	0.00000	1690.34000
1.47758	0.00000	1699.81000
1.48141	0.00000	1699.81000
1.48523	0.00000	1699.81000
1.48905	0.00000	1702.80600
1.49287	0.00000	1702.80600
1.49669	0.00000	1702.80600
1.50052	0.00000	1702.80600
1.50435	0.00000	1699.81000
1.50818	0.00000	1699.81000
1.51199	0.00000	1699.81000
1.51582	0.00000	1685.60600
1.51964	0.00000	1685.60600
1.52346	0.00000	1685.60600
1.52729	0.00000	1702.80600
1.53111	0.00000	1702.80600
1.53493	0.00000	1702.80600
1.53875	0.00000	1702.80600
1.54257	0.00000	1690.34000
1.54639	0.00000	1690.34000
1.55021	0.00000	1690.34000
1.55403	0.00000	1707.58900
1.55785	0.00000	1707.58900
1.56167	0.00000	1707.58900
1.56549	0.00000	1707.58900
1.56931	0.00000	1690.34000
1.57314	0.00000	1690.34000
1.57696	0.00000	1690.34000
1.58077	0.00000	1680.87100
1.58460	0.00000	1680.87100
1.58842	0.00000	1680.87100
1.59224	0.00000	1680.87100
1.59607	0.00000	1678.12500
1.59989	0.00000	1678.12500
1.60372	0.00000	1678.12500
1.60754	0.00000	1676.13600
1.61136	0.00000	1676.13600
1.61518	0.00000	1676.13600
1.61900	0.00000	1680.87100
1.62282	0.00000	1680.87100
1.62665	0.00000	1680.87100
1.63047	0.00000	1680.87100
1.63430	0.00000	1680.87100
1.63812	0.00000	1680.87100
1.64194	0.00000	1680.87100
1.64576	0.00000	1680.87100
1.64959	0.00000	1680.87100
1.65340	0.00000	1680.87100
1.65723	0.00000	1680.87100
1.66105	0.00000	1678.12500
1.66487	0.00000	1678.12500
1.66868	0.00000	1678.12500
1.67251	0.00000	1676.13600
1.67633	0.00000	1676.13600
1.68016	0.00000	1676.13600
1.68398	0.00000	1676.13600
1.68779	0.00000	1685.60600
1.69162	0.00000	1685.60600
1.69543	0.00000	1685.60600
1.69925	0.00000	1698.02300
1.70307	0.00000	1698.02300
1.70690	0.00000	1698.02300
1.71072	0.00000	1693.23900
1.71453	0.00000	1693.23900
1.71836	0.00000	1693.23900
1.72217	0.00000	1693.23900
1.72600	0.00000	1680.87100
1.72983	0.00000	1680.87100
1.73365	0.00000	1680.87100
1.73747	0.00000	1676.13600
1.74130	0.00000	1676.13600
1.74513	0.00000	1676.13600
1.74895	0.00000	1676.13600
1.75277	0.00000	1668.75000
1.75660	0.00000	1668.75000
1.76041	0.00000	1668.75000
1.76424	0.00000	1671.40100
1.76805	0.00000	1671.40100
1.77188	0.00000	1671.40100
1.77570	0.00000	1671.40100
1.77952	0.00000	1685.60600
1.78334	0.00000	1685.60600
1.78717	0.00000	1685.60600
1.79099	0.00000	1693.23900
1.79481	0.00000	1693.23900
1.79863	0.00000	1693.23900
1.80245	0.00000	1680.87100
1.80627	0.00000	1680.87100
1.81010	0.00000	1680.87100
1.81392	0.00000	1680.87100
1.81774	0.00000	1676.13600
1.82155	0.00000	1676.13600
1.82537	0.00000	1676.13600
1.82919	0.00000	1671.40100
1.83301	0.00000	1671.40100
1.83684	0.00000	1671.40100
1.84066	0.00000	1671.40100
1.84448	0.00000	1668.75000
1.84830	0.00000	1668.75000
1.85212	0.00000	1668.75000
1.85595	0.00000	1671.40100
1.85977	0.00000	1671.40100
1.86359	0.00000	1671.40100
1.86742	0.00000	1671.40100
1.87124	0.00000	1680.87100
1.87507	0.00000	1680.87100
1.87888	0.00000	1680.87100
1.88271	0.00000	1688.45600
1.88653	0.00000	1688.45600
1.89035	0.00000	1688.45600
1.89417	0.00000	1688.45600
1.89799	0.00000	1688.45600
1.90182	0.00000	1688.45600
1.90564	0.00000	1688.45600
1.90946	0.00000	1676.13600
1.91328	0.00000	1676.13600
1.91710	0.00000	1676.13600
1.92092	0.00000	1671.40100
1.92472	0.00000	1671.40100
1.92854	0.00000	1671.40100
1.93236	0.00000	1671.40100
1.93618	0.00000	1664.06200
1.94000	0.00000	1664.06200
1.94382	0.00000	1664.06200
1.94764	0.00000	1671.40100
1.95146	0.00000	1671.40100
1.95528	0.00000	1671.40100
1.95911	0.00000	1671.40100
1.96292	0.00000	1676.13600
1.96675	0.00000	1676.13600
1.97057	0.00000	1676.13600
1.97439	0.00000	1688.45600
1.97821	0.00000	1688.45600
1.98203	0.00000	1688.45600
1.98585	0.00000	1688.45600
1.98969	0.00000	1688.45600
1.99355	0.00000	1688.45600
1.99738	0.00000	1688.45600
2.00121	0.00000	1676.13600
2.00503	0.00000	1676.13600
2.00886	0.00000	1676.13600
2.01269	0.00000	1666.66600
2.01652	0.00000	1666.66600
2.02034	0.00000	1666.66600
2.02415	0.00000	1666.66600
2.02798	0.00000	1680.87100
2.03180	0.00000	1680.87100
2.03562	0.00000	1680.87100
2.03944	0.00000	1683.67300
2.04326	0.00000	1683.67300
2.04708	0.00000	1683.67300
2.05090	0.00000	1683.67300
2.05471	0.00000	1693.23900
2.05854	0.00000	1693.23900
2.06236	0.00000	1693.23900
2.06619	0.00000	1671.40100
2.07001	0.00000	1671.40100
2.07384	0.00000	1671.40100
2.07766	0.00000	1671.40100
2.08148	0.00000	1671.40100
2.08530	0.00000	1671.40100
2.08912	0.00000	1671.40100
2.09294	0.00000	1680.87100
2.09672	0.00000	1680.87100
2.10054	0.00000	1680.87100
2.10436	0.00000	1688.45600
2.10818	0.00000	1688.45600
2.11199	0.00000	1688.45600
2.11582	0.00000	1688.45600
2.11964	0.00000	1676.13600
2.12346	0.00000	1676.13600
2.12728	0.00000	1676.13600
2.13110	0.00000	1671.40100
2.13492	0.00000	1671.40100
2.13875	0.00000	1671.40100
2.14257	0.00000	1676.13600
2.14639	0.00000	1676.13600
2.15021	0.00000	1676.13600
2.15402	0.00000	1676.13600
2.15785	0.00000	1666.66600
2.16167	0.00000	1666.66600
2.16548	0.00000	1666.66600
2.16931	0.00000	1683.67300
2.17312	0.00000	1683.67300
2.17694	0.00000	1683.67300
2.18072	0.00000	1683.67300
2.18454	0.00000	1676.13600
2.18835	0.00000	1676.13600
2.19217	0.00000	1676.13600
2.19599	0.00000	1666.66600
2.19981	0.00000	1666.66600
2.20363	0.00000	1666.66600
2.20745	0.00000	1666.66600
2.21127	0.00000	1664.06200
2.21509	0.00000	1664.06200
2.21891	0.00000	1664.06200
2.22273	0.00000	1666.66600
2.22656	0.00000	1666.66600
2.23038	0.00000	1666.66600
2.23421	0.00000	1671.40100
2.23803	0.00000	1671.40100
2.24186	0.00000	1671.40100
2.24568	0.00000	1671.40100
2.24950	0.00000	1671.40100
2.25331	0.00000	1671.40100
2.25713	0.00000	1671.40100
2.26096	0.00000	1671.40100
2.26479	0.00000	1671.40100
2.26862	0.00000	1671.40100
2.27244	0.00000	1671.40100
2.27626	0.00000	1664.06200
2.28009	0.00000	1664.06200
2.28391	0.00000	1664.06200
2.28773	0.00000	1666.66600
2.29156	0.00000	1666.66600
2.29539	0.00000	1666.66600
2.29922	0.00000	1666.66600
2.30304	0.00000	1676.13600
2.30686	0.00000	1676.13600
2.31067	0.00000	1676.13600
2.31450	0.00000	1666.66600
2.31833	0.00000	1666.66600
2.32215	0.00000	1666.66600
2.32597	0.00000	1666.66600
2.32979	0.00000	1666.66600
2.33361	0.00000	1666.66600
2.33743	0.00000	1666.66600
2.34125	0.00000	1671.40100
2.34507	0.00000	1671.40100
2.34888	0.00000	1671.40100
2.35270	0.00000	1683.67300
2.35654	0.00000	1683.67300
2.36036	0.00000	1683.67300
2.36418	0.00000	1683.67300
2.36800	0.00000	1680.87100
2.37182	0.00000	1680.87100
2.37565	0.00000	1680.87100
2.37947	0.00000	1671.40100
2.38329	0.00000	1671.40100
2.38711	0.00000	1671.40100
2.39093	0.00000	1671.40100
2.39475	0.00000	1671.40100
2.39857	0.00000	1671.40100
2.40239	0.00000	1671.40100
2.40620	0.00000	1666.66600
2.41002	0.00000	1666.66600
2.41384	0.00000	1666.66600
2.41766	0.00000	1666.66600
2.42147	0.00000	1666.66600
2.42529	0.00000	1666.66600
2.42912	0.00000	1666.66600
2.43293	0.00000	1671.40100
2.43672	0.00000	1671.40100
2.44054	0.00000	1671.40100
2.44436	0.00000	1661.93100
2.44819	0.00000	1661.93100
2.45200	0.00000	1661.93100
2.45583	0.00000	1661.93100
2.45965	0.00000	1664.06200
2.46348	0.00000	1664.06200
2.46730	0.00000	1664.06200
2.47113	0.00000	1683.67300
2.47495	0.00000	1683.67300
2.47877	0.00000	1683.67300
2.48258	0.00000	1683.67300
2.48641	0.00000	1671.40100
2.49022	0.00000	1671.40100
2.49404	0.00000	1671.40100
2.49787	0.00000	1666.66600
2.50169	0.00000	1666.66600
2.50552	0.00000	1666.66600
2.50934	0.00000	1666.66600
2.51317	0.00000	1666.66600
2.51699	0.00000	1666.66600
2.52081	0.00000	1666.66600
2.52463	0.00000	1676.13600
2.52845	0.00000	1676.13600
2.53227	0.00000	1676.13600
2.53609	0.00000	1678.89000
2.53990	0.00000	1678.89000
2.54373	0.00000	1678.89000
2.54755	0.00000	1678.89000
2.55137	0.00000	1676.13600
2.55519	0.00000	1676.13600
2.55901	0.00000	1676.13600
2.56283	0.00000	1666.66600
2.56665	0.00000	1666.66600
2.57047	0.00000	1666.66600
2.57430	0.00000	1666.66600
2.57812	0.00000	1671.40100
2.58194	0.00000	1671.40100
2.58576	0.00000	1671.40100
2.58958	0.00000	1683.67300
2.59340	0.00000	1683.67300
2.59722	0.00000	1683.67300
2.60104	0.00000	1683.67300
2.60486	0.00000	1683.67300
2.60868	0.00000	1683.67300
2.61251	0.00000	1683.67300
2.61633	0.00000	1676.13600
2.62016	0.00000	1676.13600
2.62397	0.00000	1676.13600
2.62779	0.00000	1666.66600
2.63160	0.00000	1666.66600
2.63542	0.00000	1666.66600
2.63925	0.00000	1666.66600
2.64307	0.00000	1676.13600
2.64689	0.00000	1676.13600
2.65071	0.00000	1676.13600
2.65453	0.00000	1678.89000
2.65835	0.00000	1678.89000
2.66217	0.00000	1678.89000
2.66599	0.00000	1678.89000
2.66981	0.00000	1678.89000
2.67363	0.00000	1678.89000
2.67745	0.00000	1678.89000
2.68127	0.00000	1661.93100
2.68510	0.00000	1661.93100
2.68892	0.00000	1661.93100
2.69272	0.00000	1683.67300
2.69654	0.00000	1683.67300
2.70036	0.00000	1683.67300
2.70419	0.00000	1683.67300
2.70801	0.00000	1680.87100
2.71183	0.00000	1680.87100
2.71565	0.00000	1680.87100
2.71947	0.00000	1666.66600
2.72329	0.00000	1666.66600
2.72711	0.00000	1666.66600
2.73092	0.00000	1666.66600
2.73474	0.00000	1654.68700
2.73856	0.00000	1654.68700
2.74238	0.00000	1654.68700
2.74620	0.00000	1683.67300
2.75003	0.00000	1683.67300
2.75384	0.00000	1683.67300
2.75766	0.00000	1678.89000
2.76148	0.00000	1678.89000
2.76530	0.00000	1678.89000
2.76912	0.00000	1678.89000
2.77294	0.00000	1666.66600
2.77677	0.00000	1666.66600
2.78059	0.00000	1666.66600
2.78441	0.00000	1666.66600
2.78823	0.00000	1666.66600
2.79206	0.00000	1666.66600
2.79588	0.00000	1666.66600
2.79970	0.00000	1676.13600
2.80352	0.00000	1676.13600
2.80734	0.00000	1676.13600
2.81117	0.00000	1683.67300
2.81499	0.00000	1683.67300
2.81881	0.00000	1683.67300
2.82263	0.00000	1683.67300
2.82644	0.00000	1676.13600
2.83026	0.00000	1676.13600
2.83408	0.00000	1676.13600
2.83790	0.00000	1666.66600
2.84173	0.00000	1666.66600
2.84556	0.00000	1666.66600
2.84938	0.00000	1666.66600
2.85320	0.00000	1666.66600
2.85702	0.00000	1666.66600
2.86084	0.00000	1666.66600
2.86468	0.00000	1666.66600
2.86850	0.00000	1666.66600
2.87233	0.00000	1666.66600
2.87615	0.00000	1678.89000
2.87998	0.00000	1678.89000
2.88379	0.00000	1678.89000
2.88761	0.00000	1678.89000
2.89143	0.00000	1659.37500
2.89525	0.00000	1659.37500
2.89908	0.00000	1659.37500
2.90290	0.00000	1661.93100
2.90672	0.00000	1661.93100
2.91054	0.00000	1661.93100
2.91436	0.00000	1661.93100
2.91818	0.00000	1666.66600
2.92200	0.00000	1666.66600
2.92582	0.00000	1666.66600
2.92964	0.00000	1666.66600
2.93345	0.00000	1666.66600
2.93727	0.00000	1666.66600
2.94109	0.00000	1661.93100
2.94491	0.00000	1661.93100
2.94872	0.00000	1661.93100
2.95254	0.00000	1661.93100
2.95637	0.00000	1676.13600
2.96020	0.00000	1676.13600
2.96402	0.00000	1676.13600
2.96784	0.00000	1678.89000
2.97167	0.00000	1678.89000
2.97549	0.00000	1678.89000
2.97931	0.00000	1678.89000
2.98313	0.00000	1676.13600
2.98695	0.00000	1676.13600
2.99078	0.00000	1676.13600
2.99465	0.00000	1666.66600
2.99848	0.00000	1666.66600
3.00230	0.00000	1666.66600
3.00613	0.00000	1666.66600
3.00995	0.00000	1666.66600
3.01378	0.00000	1666.66600
3.01760	0.00000	1666.66600
3.02142	0.00000	1671.40100
3.02524	0.00000	1671.40100
3.02906	0.00000	1671.40100
3.03288	0.00000	1683.67300
3.03670	0.00000	1683.67300
3.04053	0.00000	1683.67300
3.04435	0.00000	1683.67300
3.04817	0.00000	1676.13600
3.05199	0.00000	1676.13600
3.05582	0.00000	1676.13600
3.05963	0.00000	1666.66600
3.06346	0.00000	1666.66600
3.06728	0.00000	1666.66600
3.07110	0.00000	1666.66600
3.07492	0.00000	1676.13600
3.07874	0.00000	1676.13600
3.08258	0.00000	1676.13600
3.08640	0.00000	1683.67300
3.09021	0.00000	1683.67300
3.09404	0.00000	1683.67300
3.09786	0.00000	1683.67300
3.10168	0.00000	1683.67300
3.10550	0.00000	1683.67300
3.10933	0.00000	1683.67300
3.11315	0.00000	1666.66600
3.11697	0.00000	1666.66600
3.12080	0.00000	1666.66600
3.12461	0.00000	1661.93100
3.12843	0.00000	1661.93100
3.13225	0.00000	1661.93100
3.13607	0.00000	1661.93100
3.13990	0.00000	1680.87100
3.14372	0.00000	1680.87100
3.14754	0.00000	1680.87100
3.15136	0.00000	1683.67300
3.15518	0.00000	1683.67300
3.15900	0.00000	1683.67300
3.16283	0.00000	1683.67300
3.16665	0.00000	1671.40100
3.17047	0.00000	1671.40100
3.17429	0.00000	1671.40100
3.17810	0.00000	1671.40100
3.18192	0.00000	1671.40100
3.18574	0.00000	1671.40100
3.18957	0.00000	1666.66600
3.19340	0.00000	1666.66600
3.19722	0.00000	1666.66600
3.20104	0.00000	1666.66600
3.20486	0.00000	1676.13600
3.20868	0.00000	1676.13600
3.21250	0.00000	1676.13600
3.21632	0.00000	1666.66600
3.22014	0.00000	1666.66600
3.22397	0.00000	1666.66600
3.22779	0.00000	1666.66600
3.23161	0.00000	1654.68700
3.23543	0.00000	1654.68700
3.23925	0.00000	1654.68700
3.24307	0.00000	1666.66600
3.24690	0.00000	1666.66600
3.25073	0.00000	1666.66600
3.25456	0.00000	1666.66600
3.25837	0.00000	1666.66600
3.26219	0.00000	1666.66600
3.26601	0.00000	1666.66600
3.26983	0.00000	1666.66600
3.27365	0.00000	1666.66600
3.27747	0.00000	1666.66600
3.28129	0.00000	1666.66600
3.28512	0.00000	1666.66600
3.28894	0.00000	1666.66600
3.29272	0.00000	1666.66600
3.29655	0.00000	1676.13600
3.30036	0.00000	1676.13600
3.30418	0.00000	1676.13600
3.30801	0.00000	1678.89000
3.31182	0.00000	1678.89000
3.31564	0.00000	1678.89000
3.31947	0.00000	1678.89000
3.32329	0.00000	1676.13600
3.32711	0.00000	1676.13600
3.33093	0.00000	1676.13600
3.33475	0.00000	1666.66600
3.33857	0.00000	1666.66600
3.34239	0.00000	1666.66600
3.34622	0.00000	1666.66600
3.35003	0.00000	1666.66600
3.35385	0.00000	1666.66600
3.35768	0.00000	1666.66600
3.36150	0.00000	1688.45600
3.36532	0.00000	1688.45600
3.36914	0.00000	1688.45600
3.37297	0.00000	1678.89000
3.37679	0.00000	1678.89000
3.38061	0.00000	1678.89000
3.38443	0.00000	1678.89000
3.38826	0.00000	1680.87100
3.39208	0.00000	1680.87100
3.39590	0.00000	1680.87100
3.39972	0.00000	1666.66600
3.40354	0.00000	1666.66600
3.40736	0.00000	1666.66600
3.41118	0.00000	1666.66600
3.41500	0.00000	1676.13600
3.41883	0.00000	1676.13600
3.42265	0.00000	1676.13600
3.42647	0.00000	1683.67300
3.43029	0.00000	1683.67300
3.43411	0.00000	1683.67300
3.43794	0.00000	1678.89000
3.44177	0.00000	1678.89000
3.44559	0.00000	1678.89000
3.44941	0.00000	1678.89000
3.45322	0.00000	1671.40100
3.45705	0.00000	1671.40100
3.46088	0.00000	1671.40100
3.46470	0.00000	1666.66600
3.46853	0.00000	1666.66600
3.47236	0.00000	1666.66600
3.47618	0.00000	1666.66600
3.48000	0.00000	1680.87100
3.48382	0.00000	1680.87100
3.48763	0.00000	1680.87100
3.49146	0.00000	1683.67300
3.49528	0.00000	1683.67300
3.49910	0.00000	1683.67300
3.50292	0.00000	1683.67300
3.50674	0.00000	1676.13600
3.51056	0.00000	1676.13600
3.51439	0.00000	1676.13600
3.51821	0.00000	1661.93100
3.52203	0.00000	1661.93100
3.52585	0.00000	1661.93100
3.52967	0.00000	1666.66600
3.53350	0.00000	1666.66600
3.53733	0.00000	1666.66600
3.54115	0.00000	1666.66600
3.54497	0.00000	1676.13600
3.54880	0.00000	1676.13600
3.55261	0.00000	1676.13600
3.55644	0.00000	1678.89000
3.56025	0.00000	1678.89000
3.56407	0.00000	1678.89000
3.56789	0.00000	1678.89000
3.57171	0.00000	1664.06200
3.57552	0.00000	1664.06200
3.57935	0.00000	1664.06200
3.58317	0.00000	1666.66600
3.58699	0.00000	1666.66600
3.59082	0.00000	1666.66600
3.59464	0.00000	1666.66600
3.59845	0.00000	1666.66600
3.60229	0.00000	1666.66600
3.60612	0.00000	1666.66600
3.60994	0.00000	1666.66600
3.61377	0.00000	1666.66600
3.61759	0.00000	1666.66600
3.62141	0.00000	1666.66600
3.62524	0.00000	1666.66600
3.62907	0.00000	1666.66600
3.63288	0.00000	1666.66600
3.63670	0.00000	1664.06200
3.64053	0.00000	1664.06200
3.64435	0.00000	1664.06200
3.64817	0.00000	1671.40100
3.65199	0.00000	1671.40100
3.65582	0.00000	1671.40100
3.65964	0.00000	1671.40100
3.66346	0.00000	1671.40100
3.66728	0.00000	1671.40100
3.67110	0.00000	1671.40100
3.67492	0.00000	1666.66600
3.67875	0.00000	1666.66600
3.68257	0.00000	1666.66600
3.68639	0.00000	1666.66600
3.69021	0.00000	1666.66600
3.69403	0.00000	1666.66600
3.69785	0.00000	1666.66600
3.70167	0.00000	1683.67300
3.70549	0.00000	1683.67300
3.70932	0.00000	1683.67300
3.71313	0.00000	1683.67300
3.71696	0.00000	1683.67300
3.72078	0.00000	1683.67300
3.72460	0.00000	1683.67300
3.72842	0.00000	1676.13600
3.73224	0.00000	1676.13600
3.73606	0.00000	1676.13600
3.73988	0.00000	1661.93100
3.74371	0.00000	1661.93100
3.74753	0.00000	1661.93100
3.75135	0.00000	1661.93100
3.75518	0.00000	1676.13600
3.75899	0.00000	1676.13600
3.76282	0.00000	1676.13600
3.76663	0.00000	1683.67300
3.77047	0.00000	1683.67300
3.77429	0.00000	1683.67300
3.77811	0.00000	1688.45600
3.78194	0.00000	1688.45600
3.78575	0.00000	1688.45600
3.78958	0.00000	1688.45600
3.79341	0.00000	1671.40100
3.79723	0.00000	1671.40100
3.80105	0.00000	1671.40100
3.80488	0.00000	1661.93100
3.80871	0.00000	1661.93100
3.81254	0.00000	1661.93100
3.81636	0.00000	1661.93100
3.82019	0.00000	1676.13600
3.82402	0.00000	1676.13600
3.82784	0.00000	1676.13600
3.83166	0.00000	1683.67300
3.83548	0.00000	1683.67300
3.83931	0.00000	1683.67300
3.84313	0.00000	1683.67300
3.84695	0.00000	1688.45600
3.85078	0.00000	1688.45600
3.85460	0.00000	1688.45600
3.85843	0.00000	1666.66600
3.86224	0.00000	1666.66600
3.86607	0.00000	1666.66600
3.86985	0.00000	1661.93100
3.87367	0.00000	1661.93100
3.87750	0.00000	1661.93100
3.88132	0.00000	1661.93100
3.88514	0.00000	1676.13600
3.88896	0.00000	1676.13600
3.89279	0.00000	1676.13600
3.89662	0.00000	1666.66600
3.90044	0.00000	1666.66600
3.90426	0.00000	1666.66600
3.90807	0.00000	1666.66600
3.91190	0.00000	1664.06200
3.91572	0.00000	1664.06200
3.91953	0.00000	1664.06200
3.92336	0.00000	1671.40100
3.92717	0.00000	1671.40100
3.93100	0.00000	1671.40100
3.93482	0.00000	1671.40100
3.93864	0.00000	1671.40100
3.94246	0.00000	1671.40100
3.94628	0.00000	1671.40100
3.95010	0.00000	1683.67300
3.95396	0.00000	1683.67300
3.95779	0.00000	1683.67300
3.96161	0.00000	1688.45600
3.96543	0.00000	1688.45600
3.96924	0.00000	1688.45600
3.97307	0.00000	1688.45600
3.97689	0.00000	1680.87100
3.98071	0.00000	1680.87100
3.98454	0.00000	1680.87100
3.98837	0.00000	1661.93100
3.99220	0.00000	1661.93100
3.99606	0.00000	1661.93100
3.99989	0.00000	1661.93100
4.00372	0.00000	1676.13600
4.00753	0.00000	1676.13600
4.01136	0.00000	1676.13600
4.01519	0.00000	1678.89000
4.01900	0.00000	1678.89000
4.02284	0.00000	1678.89000
4.02666	0.00000	1666.66600
4.03048	0.00000	1666.66600
4.03431	0.00000	1666.66600
4.03812	0.00000	1666.66600
4.04194	0.00000	1671.40100
4.04576	0.00000	1671.40100
4.04959	0.00000	1671.40100
4.05340	0.00000	1666.66600
4.05723	0.00000	1666.66600
4.06106	0.00000	1666.66600
4.06488	0.00000	1666.66600
4.06870	0.00000	1676.13600
4.07253	0.00000	1676.13600
4.07636	0.00000	1676.13600
4.08018	0.00000	1666.66600
4.08400	0.00000	1666.66600
4.08782	0.00000	1666.66600
4.09165	0.00000	1666.66600
4.09547	0.00000	1671.40100
4.09929	0.00000	1671.40100
4.10311	0.00000	1671.40100
4.10693	0.00000	1666.66600
4.11075	0.00000	1666.66600
4.11457	0.00000	1666.66600
4.11839	0.00000	1683.67300
4.12221	0.00000	1683.67300
4.12604	0.00000	1683.67300
4.12985	0.00000	1683.67300
4.13369	0.00000	1676.13600
4.13751	0.00000	1676.13600
4.14134	0.00000	1676.13600
4.14515	0.00000	1671.40100
4.14897	0.00000	1671.40100
4.15279	0.00000	1671.40100
4.15662	0.00000	1671.40100
4.16044	0.00000	1654.68700
4.16427	0.00000	1654.68700
4.16809	0.00000	1654.68700
4.17190	0.00000	1666.66600
4.17573	0.00000	1666.66600
4.17955	0.00000	1666.66600
4.18336	0.00000	1671.40100
4.18718	0.00000	1671.40100
4.19100	0.00000	1671.40100
4.19482	0.00000	1671.40100
4.19864	0.00000	1666.66600
4.20246	0.00000	1666.66600
4.20628	0.00000	1666.66600
4.21012	0.00000	1661.93100
4.21394	0.00000	1661.93100
4.21776	0.00000	1661.93100
4.22159	0.00000	1661.93100
4.22542	0.00000	1676.13600
4.22924	0.00000	1676.13600
4.23306	0.00000	1676.13600
4.23688	0.00000	1678.89000
4.24071	0.00000	1678.89000
4.24453	0.00000	1678.89000
4.24836	0.00000	1678.89000
4.25218	0.00000	1676.13600
4.25600	0.00000	1676.13600
4.25982	0.00000	1676.13600
4.26365	0.00000	1666.66600
4.26747	0.00000	1666.66600
4.27129	0.00000	1666.66600
4.27511	0.00000	1666.66600
4.27892	0.00000	1666.66600
4.28276	0.00000	1666.66600
4.28657	0.00000	1666.66600
4.29040	0.00000	1671.40100
4.29423	0.00000	1671.40100
4.29805	0.00000	1671.40100
4.30187	0.00000	1678.89000
4.30570	0.00000	1678.89000
4.30952	0.00000	1678.89000
4.31333	0.00000	1678.89000
4.31715	0.00000	1659.37500
4.32097	0.00000	1659.37500
4.32480	0.00000	1659.37500
4.32862	0.00000	1671.40100
4.33243	0.00000	1671.40100
4.33626	0.00000	1671.40100
4.34008	0.00000	1671.40100
4.34390	0.00000	1676.13600
4.34772	0.00000	1676.13600
4.35153	0.00000	1676.13600
4.35536	0.00000	1683.67300
4.35918	0.00000	1683.67300
4.36300	0.00000	1683.67300
4.36682	0.00000	1683.67300
4.37065	0.00000	1683.67300
4.37447	0.00000	1683.67300
4.37829	0.00000	1683.67300
4.38211	0.00000	1671.40100
4.38593	0.00000	1671.40100
4.38976	0.00000	1671.40100
4.39358	0.00000	1666.66600
4.39741	0.00000	1666.66600
4.40122	0.00000	1666.66600
4.40505	0.00000	1666.66600
4.40887	0.00000	1676.13600
4.41269	0.00000	1676.13600
4.41653	0.00000	1676.13600
4.42036	0.00000	1678.89000
4.42418	0.00000	1678.89000
4.42800	0.00000	1678.89000
4.43182	0.00000	1678.89000
4.43563	0.00000	1671.40100
4.43946	0.00000	1671.40100
4.44328	0.00000	1671.40100
4.44710	0.00000	1661.93100
4.45092	0.00000	1661.93100
4.45474	0.00000	1661.93100
4.45857	0.00000	1678.89000
4.46239	0.00000	1678.89000
4.46622	0.00000	1678.89000
4.47004	0.00000	1678.89000
4.47386	0.00000	1680.87100
4.47768	0.00000	1680.87100
4.48150	0.00000	1680.87100
4.48532	0.00000	1666.66600
4.48915	0.00000	1666.66600
4.49297	0.00000	1666.66600
4.49679	0.00000	1666.66600
4.50061	0.00000	1664.06200
4.50444	0.00000	1664.06200
4.50826	0.00000	1664.06200
4.51208	0.00000	1666.66600
4.51590	0.00000	1666.66600
4.51971	0.00000	1666.66600
4.52353	0.00000	1678.89000
4.52735	0.00000	1678.89000
4.53117	0.00000	1678.89000
4.53501	0.00000	1678.89000
4.53883	0.00000	1666.66600
4.54265	0.00000	1666.66600
4.54649	0.00000	1666.66600
4.55030	0.00000	1666.66600
4.55413	0.00000	1666.66600
4.55795	0.00000	1666.66600
4.56177	0.00000	1666.66600
4.56559	0.00000	1676.13600
4.56941	0.00000	1676.13600
4.57323	0.00000	1676.13600
4.57705	0.00000	1688.45600
4.58088	0.00000	1688.45600
4.58469	0.00000	1688.45600
4.58852	0.00000	1688.45600
4.59235	0.00000	1676.13600
4.59617	0.00000	1676.13600
4.59999	0.00000	1676.13600
4.60381	0.00000	1666.66600
4.60763	0.00000	1666.66600
4.61145	0.00000	1666.66600
4.61528	0.00000	1666.66600
4.61910	0.00000	1666.66600
4.62292	0.00000	1666.66600
4.62675	0.00000	1666.66600
4.63057	0.00000	1688.45600
4.63439	0.00000	1688.45600
4.63821	0.00000	1688.45600
4.64203	0.00000	1683.67300
4.64585	0.00000	1683.67300
4.64968	0.00000	1683.67300
4.65350	0.00000	1683.67300
4.65732	0.00000	1676.13600
4.66114	0.00000	1676.13600
4.66497	0.00000	1676.13600
4.66879	0.00000	1661.93100
4.67262	0.00000	1661.93100
4.67645	0.00000	1661.93100
4.68026	0.00000	1661.93100
4.68408	0.00000	1671.40100
4.68790	0.00000	1671.40100
4.69172	0.00000	1671.40100
4.69555	0.00000	1683.67300
4.69936	0.00000	1683.67300
4.70318	0.00000	1683.67300
4.70701	0.00000	1678.89000
4.71082	0.00000	1678.89000
4.71465	0.00000	1678.89000
4.71846	0.00000	1678.89000
4.72229	0.00000	1676.13600
4.72610	0.00000	1676.13600
4.72993	0.00000	1676.13600
4.73374	0.00000	1661.93100
4.73757	0.00000	1661.93100
4.74151	0.00000	1661.93100
4.74538	0.00000	1661.93100
4.74921	0.00000	1676.13600
4.75304	0.00000	1676.13600
4.75687	0.00000	1676.13600
4.76071	0.00000	1678.89000
4.76454	0.00000	1678.89000
4.76836	0.00000	1678.89000
4.77219	0.00000	1661.93100
4.77601	0.00000	1661.93100
4.77983	0.00000	1661.93100
4.78365	0.00000	1661.93100
4.78748	0.00000	1688.45600
4.79130	0.00000	1688.45600
4.79512	0.00000	1688.45600
4.79895	0.00000	1678.89000
4.80278	0.00000	1678.89000
4.80660	0.00000	1678.89000
4.81042	0.00000	1678.89000
4.81424	0.00000	1676.13600
4.81807	0.00000	1676.13600
4.82190	0.00000	1676.13600
4.82572	0.00000	1666.66600
4.82954	0.00000	1666.66600
4.83336	0.00000	1666.66600
4.83719	0.00000	1666.66600
4.84100	0.00000	1676.13600
4.84483	0.00000	1676.13600
4.84865	0.00000	1676.13600
4.85247	0.00000	1678.89000
4.85630	0.00000	1678.89000
4.86013	0.00000	1678.89000
4.86394	0.00000	1683.67300
4.86778	0.00000	1683.67300
4.87160	0.00000	1683.67300
4.87542	0.00000	1683.67300
4.87924	0.00000	1671.40100
4.88306	0.00000	1671.40100
4.88688	0.00000	1671.40100
4.89070	0.00000	1666.66600
4.89453	0.00000	1666.66600
4.89836	0.00000	1666.66600
4.90219	0.00000	1666.66600
4.90601	0.00000	1676.13600
4.90983	0.00000	1676.13600
4.91365	0.00000	1676.13600
4.91747	0.00000	1683.67300
4.92130	0.00000	1683.67300
4.92511	0.00000	1683.67300
4.92894	0.00000	1683.67300
4.93272	0.00000	1683.67300
4.93655	0.00000	1683.67300
4.94037	0.00000	1683.67300
4.94419	0.00000	1666.66600
4.94802	0.00000	1666.66600
4.95184	0.00000	1666.66600
4.95566	0.00000	1661.93100
4.95949	0.00000	1661.93100
4.96332	0.00000	1661.93100
4.96714	0.00000	1661.93100
4.97096	0.00000	1676.13600
4.97478	0.00000	1676.13600
4.97860	0.00000	1676.13600
4.98243	0.00000	1666.66600
4.98625	0.00000	1666.66600
4.99007	0.00000	1666.66600
4.99394	0.00000	1666.66600
4.99776	0.00000	1659.37500
5.00209	0.00000	1659.37500
5.00596	0.00000	1659.37500
5.00982	0.00000	1666.66600
5.01370	0.00000	1666.66600
5.01758	0.00000	1666.66600
5.02145	0.00000	1661.93100
5.02533	0.00000	1661.93100
5.02958	0.00000	1661.93100
5.03383	0.00000	1661.93100
5.03778	0.00000	1997.87600
5.04162	0.00000	1997.87600
5.04545	0.00000	1997.87600
5.04931	0.00000	2471.59100
5.05315	0.00000	2471.59100
5.05699	0.00000	2471.59100
5.06082	0.00000	2471.59100
5.06468	0.00000	2848.25200
5.06853	0.00000	2848.25200
5.07236	0.00000	2848.25200
5.07619	0.00000	2848.25200
5.08001	0.00000	2848.25200
5.08384	0.00000	3247.76700
5.08767	0.00000	3247.76700
5.09151	0.00000	3247.76700
5.09534	0.00000	3247.76700
5.09916	0.00000	3627.56500
5.10299	0.00000	3627.56500
5.10682	0.00000	3627.56500
5.11064	0.00000	3627.56500
5.11447	0.00000	3627.56500
5.11830	0.00000	3979.45800
5.12212	0.00000	3979.45800
5.12594	0.00000	3979.45800
5.12977	0.00000	3979.45800
5.13360	0.00000	3979.45800
5.13743	0.00000	4218.75000
5.14124	0.00000	4218.75000
5.14506	0.00000	4218.75000
5.14889	0.00000	4218.75000
5.15271	0.00000	4218.75000
5.15654	0.00000	4218.75000
5.16037	0.00000	4389.74000
5.16422	0.00000	4389.74000
5.16805	0.00000	4389.74000
5.17188	0.00000	4389.74000
5.17571	0.00000	4389.74000
5.17954	0.00000	4551.50500
5.18338	0.00000	4551.50500
5.18721	0.00000	4551.50500
5.19104	0.00000	4551.50500
5.19487	0.00000	4551.50500
5.19870	0.00000	4551.50500
5.20253	0.00000	4648.20300
5.20637	0.00000	4648.20300
5.21021	0.00000	4648.20300
5.21404	0.00000	4648.20300
5.21787	0.00000	4648.20300
5.22171	0.00000	4648.20300
5.22555	0.00000	4723.34500
5.22940	0.00000	4723.34500
5.23324	0.00000	4723.34500
5.23707	0.00000	4723.34500
5.24092	0.00000	4723.34500
5.24472	0.00000	4723.34500
5.24856	0.00000	4791.06100
5.25239	0.00000	4791.06100
5.25622	0.00000	4791.06100
5.26006	0.00000	4791.06100
5.26389	0.00000	4791.06100
5.26774	0.00000	4791.06100
5.27156	0.00000	4809.42900
5.27540	0.00000	4809.42900
5.27923	0.00000	4809.42900
5.28306	0.00000	4809.42900
5.28689	0.00000	4809.42900
5.29073	0.00000	4843.75000
5.29456	0.00000	4843.75000
5.29839	0.00000	4843.75000
5.30222	0.00000	4843.75000
5.30606	0.00000	4843.75000
5.30985	0.00000	4843.75000
5.31369	0.00000	4900.32300
5.31752	0.00000	4900.32300
5.32135	0.00000	4900.32300
5.32517	0.00000	4900.32300
5.32901	0.00000	4900.32300
5.33283	0.00000	4900.32300
5.33666	0.00000	4895.24100
5.34049	0.00000	4895.24100
5.34433	0.00000	4895.24100
5.34816	0.00000	4895.24100
5.35199	0.00000	4895.24100
5.35582	0.00000	4895.24100
5.35965	0.00000	4908.55800
5.36349	0.00000	4908.55800
5.36732	0.00000	4908.55800
5.37115	0.00000	4908.55800
5.37500	0.00000	4908.55800
5.37883	0.00000	4908.55800
5.38267	0.00000	4899.36400
5.38649	0.00000	4899.36400
5.39033	0.00000	4899.36400
5.39416	0.00000	4899.36400
5.39800	0.00000	4899.36400
5.40183	0.00000	4899.36400
5.40566	0.00000	4943.18200
5.40950	0.00000	4943.18200
5.41332	0.00000	4943.18200
5.41716	0.00000	4943.18200
5.42099	0.00000	4943.18200
5.42482	0.00000	4943.18200
5.42865	0.00000	4943.18200
5.43247	0.00000	4933.79200
5.43631	0.00000	4933.79200
5.44015	0.00000	4933.79200
5.44398	0.00000	4933.79200
5.44781	0.00000	4933.79200
5.45163	0.00000	4933.79200
5.45546	0.00000	4936.44100
5.45929	0.00000	4936.44100
5.46314	0.00000	4936.44100
5.46697	0.00000	4936.44100
5.47081	0.00000	4936.44100
5.47464	0.00000	4936.44100
5.47847	0.00000	4927.14200
5.48231	0.00000	4927.14200
5.48614	0.00000	4927.14200
5.48997	0.00000	4927.14200
5.49380	0.00000	4927.14200
5.49764	0.00000	4927.14200
5.50147	0.00000	4950.84300
5.50530	0.00000	4950.84300
5.50913	0.00000	4950.84300
5.51296	0.00000	4950.84300
5.51679	0.00000	4950.84300
5.52062	0.00000	4950.84300
5.52444	0.00000	4940.30900
5.52828	0.00000	4940.30900
5.53211	0.00000	4940.30900
5.53596	0.00000	4940.30900
5.53978	0.00000	4940.30900
5.54361	0.00000	4940.30900
5.54744	0.00000	4953.47600
5.55127	0.00000	4953.47600
5.55511	0.00000	4953.47600
5.55894	0.00000	4953.47600
5.56278	0.00000	4953.47600
5.56660	0.00000	4953.47600
5.57043	0.00000	4950.84300
5.57427	0.00000	4950.84300
5.57809	0.00000	4950.84300
5.58193	0.00000	4950.84300
5.58576	0.00000	4950.84300
5.58959	0.00000	4950.84300
5.59342	0.00000	4925.80300
5.59725	0.00000	4925.80300
5.60107	0.00000	4925.80300
5.60490	0.00000	4925.80300
5.60872	0.00000	4925.80300
5.61255	0.00000	4925.80300
5.61639	0.00000	4958.74200
5.62023	0.00000	4958.74200
5.62406	0.00000	4958.74200
5.62791	0.00000	4958.74200
5.63174	0.00000	4958.74200
5.63557	0.00000	4958.74200
5.63940	0.00000	4964.01000
5.64323	0.00000	4964.01000
5.64706	0.00000	4964.01000
5.65090	0.00000	4964.01000
5.65474	0.00000	4964.01000
5.65856	0.00000	4964.01000
5.66240	0.00000	4961.37600
5.66624	0.00000	4961.37600
5.67007	0.00000	4961.37600
5.67391	0.00000	4961.37600
5.67773	0.00000	4961.37600
5.68157	0.00000	4961.37600
5.68540	0.00000	4958.74200
5.68924	0.00000	4958.74200
5.69307	0.00000	4958.74200
5.69690	0.00000	4958.74200
5.70072	0.00000	4958.74200
5.70455	0.00000	4958.74200
5.70837	0.00000	4941.51500
5.71221	0.00000	4941.51500
5.71603	0.00000	4941.51500
5.71987	0.00000	4941.51500
5.72370	0.00000	4941.51500
5.72753	0.00000	4941.51500
5.73136	0.00000	4933.65900
5.73521	0.00000	4933.65900
5.73904	0.00000	4933.65900
5.74287	0.00000	4933.65900
5.74670	0.00000	4933.65900
5.75053	0.00000	4933.65900
5.75436	0.00000	4956.10900
5.75819	0.00000	4956.10900
5.76202	0.00000	4956.10900
5.76584	0.00000	4956.10900
5.76968	0.00000	4956.10900
5.77350	0.00000	4956.10900
5.77733	0.00000	4956.10900
5.78116	0.00000	4956.10900
5.78499	0.00000	4956.10900
5.78883	0.00000	4956.10900
5.79267	0.00000	4956.10900
5.79650	0.00000	4956.10900
5.80033	0.00000	4956.10900
5.80416	0.00000	4933.65900
5.80799	0.00000	4933.65900
5.81182	0.00000	4933.65900
5.81565	0.00000	4933.65900
5.81948	0.00000	4933.65900
5.82332	0.00000	4933.65900
5.82714	0.00000	4936.27800
5.83097	0.00000	4936.27800
5.83481	0.00000	4936.27800
5.83863	0.00000	4936.27800
5.84247	0.00000	4936.27800
5.84630	0.00000	4936.27800
5.85014	0.00000	4933.65900
5.85397	0.00000	4933.65900
5.85780	0.00000	4933.65900
5.86164	0.00000	4933.65900
5.86547	0.00000	4933.65900
5.86931	0.00000	4933.65900
5.87314	0.00000	4964.01000
5.87698	0.00000	4964.01000
5.88081	0.00000	4964.01000
5.88464	0.00000	4964.01000
5.88846	0.00000	4964.01000
5.89229	0.00000	4964.01000
5.89613	0.00000	4966.64300
5.89996	0.00000	4966.64300
5.90380	0.00000	4966.64300
5.90762	0.00000	4966.64300
5.91146	0.00000	4966.64300
5.91532	0.00000	4966.64300
5.91917	0.00000	4969.27700
5.92301	0.00000	4969.27700
5.92684	0.00000	4969.27700
5.93069	0.00000	4969.27700
5.93451	0.00000	4969.27700
5.93835	0.00000	4969.27700
5.94218	0.00000	4966.64300
5.94602	0.00000	4966.64300
5.94985	0.00000	4966.64300
5.95368	0.00000	4966.64300
5.95751	0.00000	4966.64300
5.96134	0.00000	4966.64300
5.96518	0.00000	4974.54400
5.96901	0.00000	4974.54400
5.97285	0.00000	4974.54400
5.97668	0.00000	4974.54400
5.98051	0.00000	4974.54400
5.98435	0.00000	4974.54400
5.98819	0.00000	4966.64300
5.99202	0.00000	4966.64300
5.99588	0.00000	4966.64300
5.99972	0.00000	4966.64300
6.00355	0.00000	4966.64300
6.00738	0.00000	4966.64300
6.01122	0.00000	4971.91000
6.01507	0.00000	4971.91000
6.01892	0.00000	4971.91000
6.02275	0.00000	4971.91000
6.02658	0.00000	4971.91000
6.03041	0.00000	4971.91000
6.03424	0.00000	4964.01000
6.03807	0.00000	4964.01000
6.04189	0.00000	4964.01000
6.04573	0.00000	4964.01000
6.04956	0.00000	4964.01000
6.05340	0.00000	4964.01000
6.05723	0.00000	4956.10900
6.06106	0.00000	4956.10900
6.06490	0.00000	4956.10900
6.06872	0.00000	4956.10900
6.07256	0.00000	4956.10900
6.07639	0.00000	4956.10900
6.08022	0.00000	4956.10900
6.08405	0.00000	4961.37600
6.08788	0.00000	4961.37600
6.09172	0.00000	4961.37600
6.09555	0.00000	4961.37600
6.09938	0.00000	4961.37600
6.10320	0.00000	4961.37600
6.10704	0.00000	4964.01000
6.11087	0.00000	4964.01000
6.11471	0.00000	4964.01000
6.11854	0.00000	4964.01000
6.12238	0.00000	4964.01000
6.12620	0.00000	4964.01000
6.13004	0.00000	4961.37600
6.13387	0.00000	4961.37600
6.13770	0.00000	4961.37600
6.14154	0.00000	4961.37600
6.14537	0.00000	4961.37600
6.14920	0.00000	4961.37600
6.15302	0.00000	4964.01000
6.15686	0.00000	4964.01000
6.16069	0.00000	4964.01000
6.16453	0.00000	4964.01000
6.16836	0.00000	4964.01000
6.17220	0.00000	4964.01000
6.17602	0.00000	4933.65900
6.17986	0.00000	4933.65900
6.18369	0.00000	4933.65900
6.18752	0.00000	4933.65900
6.19136	0.00000	4933.65900
6.19519	0.00000	4933.65900
6.19903	0.00000	4938.89700
6.20286	0.00000	4938.89700
6.20670	0.00000	4938.89700
6.21053	0.00000	4938.89700
6.21435	0.00000	4938.89700
6.21819	0.00000	4938.89700
6.22202	0.00000	4936.27800
6.22587	0.00000	4936.27800
6.22971	0.00000	4936.27800
6.23353	0.00000	4936.27800
6.23737	0.00000	4936.27800
6.24120	0.00000	4936.27800
6.24503	0.00000	4933.65900
6.24886	0.00000	4933.65900
6.25272	0.00000	4933.65900
6.25657	0.00000	4933.65900
6.26039	0.00000	4933.65900
6.26422	0.00000	4933.65900
6.26806	0.00000	4936.27800
6.27189	0.00000	4936.27800
6.27572	0.00000	4936.27800
6.27956	0.00000	4936.27800
6.28338	0.00000	4936.27800
6.28722	0.00000	4936.27800
6.29105	0.00000	4938.89700
6.29489	0.00000	4938.89700
6.29871	0.00000	4938.89700
6.30254	0.00000	4938.89700
6.30637	0.00000	4938.89700
6.31020	0.00000	4938.89700
6.31404	0.00000	4964.01000
6.31786	0.00000	4964.01000
6.32169	0.00000	4964.01000
6.32552	0.00000	4964.01000
6.32936	0.00000	4964.01000
6.33319	0.00000	4964.01000
6.33702	0.00000	4961.37600
6.34088	0.00000	4961.37600
6.34471	0.00000	4961.37600
6.34854	0.00000	4961.37600
6.35237	0.00000	4961.37600
6.35620	0.00000	4961.37600
6.36003	0.00000	4961.37600
6.36386	0.00000	4961.37600
6.36769	0.00000	4961.37600
6.37152	0.00000	4961.37600
6.37535	0.00000	4961.37600
6.37919	0.00000	4961.37600
6.38301	0.00000	4961.37600
6.38684	0.00000	4958.74200
6.39068	0.00000	4958.74200
6.39452	0.00000	4958.74200
6.39835	0.00000	4958.74200
6.40218	0.00000	4958.74200
6.40601	0.00000	4958.74200
6.40984	0.00000	4958.74200
6.41368	0.00000	4958.74200
6.41750	0.00000	4958.74200
6.42133	0.00000	4958.74200
6.42517	0.00000	4958.74200
6.42899	0.00000	4958.74200
6.43283	0.00000	4964.01000
6.43666	0.00000	4964.01000
6.44050	0.00000	4964.01000
6.44433	0.00000	4964.01000
6.44817	0.00000	4964.01000
6.45200	0.00000	4964.01000
6.45583	0.00000	4936.27800
6.45967	0.00000	4936.27800
6.46350	0.00000	4936.27800
6.46733	0.00000	4936.27800
6.47116	0.00000	4936.27800
6.47501	0.00000	4936.27800
6.47884	0.00000	4931.04000
6.48267	0.00000	4931.04000
6.48650	0.00000	4931.04000
6.49033	0.00000	4931.04000
6.49418	0.00000	4931.04000
6.49801	0.00000	4931.04000
6.50183	0.00000	4941.51500
6.50567	0.00000	4941.51500
6.50950	0.00000	4941.51500
6.51333	0.00000	4941.51500
6.51717	0.00000	4941.51500
6.52100	0.00000	4941.51500
6.52483	0.00000	4941.51500
6.52866	0.00000	4941.51500
6.53249	0.00000	4941.51500
6.53633	0.00000	4941.51500
6.54016	0.00000	4941.51500
6.54400	0.00000	4941.51500
6.54783	0.00000	4938.89700
6.55166	0.00000	4938.89700
6.55549	0.00000	4938.89700
6.55933	0.00000	4938.89700
6.56315	0.00000	4938.89700
6.56698	0.00000	4938.89700
6.57082	0.00000	4933.65900
6.57465	0.00000	4933.65900
6.57849	0.00000	4933.65900
6.58232	0.00000	4933.65900
6.58615	0.00000	4933.65900
6.58998	0.00000	4933.65900
6.59382	0.00000	4938.89700
6.59765	0.00000	4938.89700
6.60147	0.00000	4938.89700
6.60530	0.00000	4938.89700
6.60914	0.00000	4938.89700
6.61297	0.00000	4938.89700
6.61680	0.00000	4933.65900
6.62065	0.00000	4933.65900
6.62447	0.00000	4933.65900
6.62831	0.00000	4933.65900
6.63214	0.00000	4933.65900
6.63597	0.00000	4933.65900
6.63979	0.00000	4966.64300
6.64363	0.00000	4966.64300
6.64745	0.00000	4966.64300
6.65128	0.00000	4966.64300
6.65512	0.00000	4966.64300
6.65896	0.00000	4966.64300
6.66279	0.00000	4956.10900
6.66661	0.00000	4956.10900
6.67043	0.00000	4956.10900
6.67426	0.00000	4956.10900
6.67810	0.00000	4956.10900
6.68192	0.00000	4956.10900
6.68575	0.00000	4956.10900
6.68957	0.00000	4953.47600
6.69340	0.00000	4953.47600
6.69725	0.00000	4953.47600
6.70108	0.00000	4953.47600
6.70491	0.00000	4953.47600
6.70872	0.00000	4953.47600
6.71255	0.00000	4953.47600
6.71637	0.00000	4953.47600
6.72020	0.00000	4953.47600
6.72403	0.00000	4953.47600
6.72785	0.00000	4953.47600
6.73168	0.00000	4953.47600
6.73551	0.00000	4941.51500
6.73935	0.00000	4941.51500
6.74317	0.00000	4941.51500
6.74701	0.00000	4941.51500
6.75084	0.00000	4941.51500
6.75467	0.00000	4941.51500
6.75851	0.00000	4931.04000
6.76234	0.00000	4931.04000
6.76618	0.00000	4931.04000
6.77001	0.00000	4931.04000
6.77385	0.00000	4931.04000
6.77767	0.00000	4931.04000
6.78150	0.00000	4931.04000
6.78534	0.00000	4931.04000
6.78917	0.00000	4931.04000
6.79301	0.00000	4931.04000
6.79685	0.00000	4931.04000
6.80068	0.00000	4931.04000
6.80451	0.00000	4936.27800
6.80834	0.00000	4936.27800
6.81218	0.00000	4936.27800
6.81601	0.00000	4936.27800
6.81984	0.00000	4936.27800
6.82367	0.00000	4936.27800
6.82751	0.00000	4936.27800
6.83134	0.00000	4936.27800
6.83517	0.00000	4936.27800
6.83900	0.00000	4936.27800
6.84282	0.00000	4936.27800
6.84666	0.00000	4936.27800
6.85049	0.00000	4961.37600
6.85433	0.00000	4961.37600
6.85816	0.00000	4961.37600
6.86199	0.00000	4961.37600
6.86582	0.00000	4961.37600
6.86966	0.00000	4961.37600
6.87349	0.00000	4958.74200
6.87732	0.00000	4958.74200
6.88116	0.00000	4958.74200
6.88499	0.00000	4958.74200
6.88883	0.00000	4958.74200
6.89267	0.00000	4958.74200
6.89650	0.00000	4931.04000
6.90033	0.00000	4931.04000
6.90416	0.00000	4931.04000
6.90800	0.00000	4931.04000
6.91182	0.00000	4931.04000
6.91566	0.00000	4931.04000
6.91949	0.00000	4931.04000
6.92333	0.00000	4931.04000
6.92716	0.00000	4931.04000
6.93099	0.00000	4931.04000
6.93484	0.00000	4931.04000
6.93867	0.00000	4931.04000
6.94251	0.00000	4933.65900
6.94634	0.00000	4933.65900
6.95018	0.00000	4933.65900
6.95403	0.00000	4933.65900
6.95789	0.00000	4933.65900
6.96176	0.00000	4933.65900
6.96562	0.00000	4958.74200
6.96951	0.00000	4958.74200
6.97335	0.00000	4958.74200
6.97718	0.00000	4958.74200
6.98101	0.00000	4958.74200
6.98484	0.00000	4958.74200
6.98866	0.00000	4966.64300
6.99249	0.00000	4966.64300
6.99635	0.00000	4966.64300
7.00018	0.00000	4966.64300
7.00400	0.00000	4966.64300
7.00783	0.00000	4966.64300
7.01165	0.00000	4966.64300
7.01548	0.00000	4950.84300
7.01930	0.00000	4950.84300
7.02313	0.00000	4950.84300
7.02695	0.00000	4950.84300
7.03077	0.00000	4950.84300
7.03460	0.00000	4950.84300
7.03842	0.00000	4953.47600
7.04226	0.00000	4953.47600
7.04608	0.00000	4953.47600
7.04991	0.00000	4953.47600
7.05373	0.00000	4953.47600
7.05755	0.00000	4953.47600
7.06138	0.00000	4958.74200
7.06520	0.00000	4958.74200
7.06903	0.00000	4958.74200
7.07285	0.00000	4958.74200
7.07668	0.00000	4958.74200
7.08051	0.00000	4958.74200
7.08435	0.00000	4944.13400
7.08817	0.00000	4944.13400
7.09199	0.00000	4944.13400
7.09582	0.00000	4944.13400
7.09964	0.00000	4944.13400
7.10347	0.00000	4944.13400
7.10729	0.00000	4938.89700
7.11111	0.00000	4938.89700
7.11494	0.00000	4938.89700
7.11877	0.00000	4938.89700
7.12260	0.00000	4938.89700
7.12643	0.00000	4938.89700
7.13026	0.00000	4933.65900
7.13408	0.00000	4933.65900
7.13790	0.00000	4933.65900
7.14173	0.00000	4933.65900
7.14555	0.00000	4933.65900
7.14937	0.00000	4933.65900
7.15320	0.00000	4933.65900
7.15702	0.00000	4933.65900
7.16085	0.00000	4933.65900
7.16467	0.00000	4933.65900
7.16850	0.00000	4933.65900
7.17232	0.00000	4933.65900
7.17614	0.00000	4938.89700
7.17998	0.00000	4938.89700
7.18382	0.00000	4938.89700
7.18765	0.00000	4938.89700
7.19149	0.00000	4938.89700
7.19532	0.00000	4938.89700
7.19916	0.00000	4936.27800
7.20298	0.00000	4936.27800
7.20682	0.00000	4936.27800
7.21065	0.00000	4936.27800
7.21449	0.00000	4936.27800
7.21831	0.00000	4936.27800
7.22214	0.00000	4961.37600
7.22599	0.00000	4961.37600
7.22982	0.00000	4961.37600
7.23365	0.00000	4961.37600
7.23749	0.00000	4961.37600
7.24132	0.00000	4961.37600
7.24515	0.00000	4961.37600
7.24899	0.00000	4961.37600
7.25282	0.00000	4961.37600
7.25666	0.00000	4961.37600
7.26050	0.00000	4961.37600
7.26433	0.00000	4961.37600
7.26815	0.00000	4958.74200
7.27198	0.00000	4958.74200
7.27582	0.00000	4958.74200
7.27965	0.00000	4958.74200
7.28349	0.00000	4958.74200
7.28733	0.00000	4958.74200
7.29115	0.00000	4958.74200
7.29498	0.00000	4956.10900
7.29881	0.00000	4956.10900
7.30264	0.00000	4956.10900
7.30647	0.00000	4956.10900
7.31031	0.00000	4956.10900
7.31415	0.00000	4956.10900
7.31798	0.00000	4950.84300
7.32183	0.00000	4950.84300
7.32566	0.00000	4950.84300
7.32948	0.00000	4950.84300
7.33331	0.00000	4950.84300
7.33714	0.00000	4950.84300
7.34099	0.00000	4931.04000
7.34483	0.00000	4931.04000
7.34866	0.00000	4931.04000
7.35250	0.00000	4931.04000
7.35634	0.00000	4931.04000
7.36016	0.00000	4931.04000
7.36399	0.00000	4928.42200
7.36782	0.00000	4928.42200
7.37165	0.00000	4928.42200
7.37547	0.00000	4928.42200
7.37930	0.00000	4928.42200
7.38314	0.00000	4928.42200
7.38698	0.00000	4961.37600
7.39081	0.00000	4961.37600
7.39465	0.00000	4961.37600
7.39848	0.00000	4961.37600
7.40231	0.00000	4961.37600
7.40613	0.00000	4961.37600
7.40996	0.00000	4956.10900
7.41380	0.00000	4956.10900
7.41763	0.00000	4956.10900
7.42146	0.00000	4956.10900
7.42529	0.00000	4956.10900
7.42913	0.00000	4956.10900
7.43295	0.00000	4938.89700
7.43679	0.00000	4938.89700
7.44062	0.00000	4938.89700
7.44445	0.00000	4938.89700
7.44829	0.00000	4938.89700
7.45212	0.00000	4938.89700
7.45595	0.00000	4931.04000
7.45978	0.00000	4931.04000
7.46362	0.00000	4931.04000
7.46744	0.00000	4931.04000
7.47127	0.00000	4931.04000
7.47509	0.00000	4931.04000
7.47893	0.00000	4931.04000
7.48277	0.00000	4931.04000
7.48660	0.00000	4931.04000
7.49043	0.00000	4931.04000
7.49425	0.00000	4931.04000
7.49809	0.00000	4931.04000
7.50191	0.00000	4933.65900
7.50574	0.00000	4933.65900
7.50958	0.00000	4933.65900
7.51340	0.00000	4933.65900
7.51723	0.00000	4933.65900
7.52105	0.00000	4933.65900
7.52489	0.00000	4958.74200
7.52871	0.00000	4958.74200
7.53255	0.00000	4958.74200
7.53637	0.00000	4958.74200
7.54020	0.00000	4958.74200
7.54403	0.00000	4958.74200
7.54786	0.00000	4958.74200
7.55171	0.00000	4958.74200
7.55554	0.00000	4958.74200
7.55937	0.00000	4958.74200
7.56321	0.00000	4958.74200
7.56704	0.00000	4958.74200
7.57087	0.00000	4964.01000
7.57471	0.00000	4964.01000
7.57855	0.00000	4964.01000
7.58238	0.00000	4964.01000
7.58621	0.00000	4964.01000
7.59004	0.00000	4964.01000
7.59386	0.00000	4956.10900
7.59769	0.00000	4956.10900
7.60153	0.00000	4956.10900
7.60535	0.00000	4956.10900
7.60920	0.00000	4956.10900
7.61302	0.00000	4956.10900
7.61686	0.00000	4956.10900
7.62070	0.00000	4950.84300
7.62453	0.00000	4950.84300
7.62836	0.00000	4950.84300
7.63219	0.00000	4950.84300
7.63602	0.00000	4950.84300
7.63985	0.00000	4950.84300
7.64368	0.00000	4928.42200
7.64750	0.00000	4928.42200
7.65133	0.00000	4928.42200
7.65515	0.00000	4928.42200
7.65899	0.00000	4928.42200
7.66282	0.00000	4928.42200
7.66664	0.00000	4928.42200
7.67048	0.00000	4928.42200
7.67431	0.00000	4928.42200
7.67813	0.00000	4928.42200
7.68196	0.00000	4928.42200
7.68579	0.00000	4928.42200
7.68962	0.00000	4961.37600
7.69346	0.00000	4961.37600
7.69729	0.00000	4961.37600
7.70112	0.00000	4961.37600
7.70495	0.00000	4961.37600
7.70879	0.00000	4961.37600
7.71261	0.00000	4958.74200
7.71644	0.00000	4958.74200
7.72029	0.00000	4958.74200
7.72413	0.00000	4958.74200
7.72796	0.00000	4958.74200
7.73180	0.00000	4958.74200
7.73562	0.00000	4931.04000
7.73945	0.00000	4931.04000
7.74328	0.00000	4931.04000
7.74712	0.00000	4931.04000
7.75095	0.00000	4931.04000
7.75478	0.00000	4931.04000
7.75861	0.00000	4928.42200
7.76244	0.00000	4928.42200
7.76627	0.00000	4928.42200
7.77010	0.00000	4928.42200
7.77393	0.00000	4928.42200
7.77776	0.00000	4928.42200
7.78160	0.00000	4933.65900
7.78544	0.00000	4933.65900
7.78928	0.00000	4933.65900
7.79311	0.00000	4933.65900
7.79694	0.00000	4933.65900
7.80077	0.00000	4933.65900
7.80461	0.00000	4958.74200
7.80844	0.00000	4958.74200
7.81226	0.00000	4958.74200
7.81610	0.00000	4958.74200
7.81993	0.00000	4958.74200
7.82376	0.00000	4958.74200
7.82760	0.00000	4956.10900
7.83142	0.00000	4956.10900
7.83525	0.00000	4956.10900
7.83910	0.00000	4956.10900
7.84293	0.00000	4956.10900
7.84675	0.00000	4956.10900
7.85058	0.00000	4931.04000
7.85445	0.00000	4931.04000
7.85827	0.00000	4931.04000
7.86210	0.00000	4931.04000
7.86592	0.00000	4931.04000
7.86975	0.00000	4931.04000
7.87358	0.00000	4928.42200
7.87742	0.00000	4928.42200
7.88124	0.00000	4928.42200
7.88507	0.00000	4928.42200
7.88890	0.00000	4928.42200
7.89272	0.00000	4928.42200
7.89655	0.00000	4958.74200
7.90039	0.00000	4958.74200
7.90423	0.00000	4958.74200
7.90806	0.00000	4958.74200
7.91189	0.00000	4958.74200
7.91573	0.00000	4958.74200
7.91956	0.00000	4958.74200
7.92338	0.00000	4953.47600
7.92721	0.00000	4953.47600
7.93105	0.00000	4953.47600
7.93487	0.00000	4953.47600
7.93871	0.00000	4953.47600
7.94253	0.00000	4953.47600
7.94636	0.00000	4956.10900
7.95020	0.00000	4956.10900
7.95406	0.00000	4956.10900
7.95791	0.00000	4956.10900
7.96174	0.00000	4956.10900
7.96557	0.00000	4956.10900
7.96940	0.00000	4961.37600
7.97325	0.00000	4961.37600
7.97708	0.00000	4961.37600
7.98091	0.00000	4961.37600
7.98472	0.00000	4961.37600
7.98855	0.00000	4961.37600
7.99253	0.00000	4958.74200
7.99640	0.00000	4958.74200
8.00024	0.00000	4958.74200
8.00407	0.00000	4958.74200
8.00791	0.00000	4958.74200
8.01175	0.00000	4958.74200
8.01559	0.00000	4931.04000
8.01943	0.00000	4931.04000
8.02326	0.00000	4931.04000
8.02710	0.00000	4931.04000
8.03092	0.00000	4931.04000
8.03478	0.00000	4931.04000
8.03862	0.00000	4931.04000
8.04246	0.00000	4931.04000
8.04629	0.00000	4931.04000
8.05013	0.00000	4931.04000
8.05397	0.00000	4931.04000
8.05780	0.00000	4931.04000
8.06163	0.00000	4958.74200
8.06546	0.00000	4958.74200
8.06930	0.00000	4958.74200
8.07313	0.00000	4958.74200
8.07696	0.00000	4958.74200
8.08079	0.00000	4958.74200
8.08462	0.00000	4958.74200
8.08847	0.00000	4958.74200
8.09229	0.00000	4958.74200
8.09614	0.00000	4958.74200
8.09996	0.00000	4958.74200
8.10380	0.00000	4958.74200
8.10763	0.00000	4966.64300
8.11148	0.00000	4966.64300
8.11531	0.00000	4966.64300
8.11915	0.00000	4966.64300
8.12298	0.00000	4966.64300
8.12681	0.00000	4966.64300
8.13064	0.00000	4946.75300
8.13447	0.00000	4946.75300
8.13831	0.00000	4946.75300
8.14215	0.00000	4946.75300
8.14598	0.00000	4946.75300
8.14982	0.00000	4946.75300
8.15365	0.00000	4969.27700
8.15748	0.00000	4969.27700
8.16131	0.00000	4969.27700
8.16514	0.00000	4969.27700
8.16897	0.00000	4969.27700
8.17280	0.00000	4969.27700
8.17663	0.00000	4971.91000
8.18046	0.00000	4971.91000
8.18429	0.00000	4971.91000
8.18813	0.00000	4971.91000
8.19196	0.00000	4971.91000
8.19579	0.00000	4971.91000
8.19963	0.00000	4969.27700
8.20347	0.00000	4969.27700
8.20729	0.00000	4969.27700
8.21112	0.00000	4969.27700
8.21495	0.00000	4969.27700
8.21879	0.00000	4969.27700
8.22262	0.00000	4971.91000
8.22644	0.00000	4971.91000
8.23028	0.00000	4971.91000
8.23411	0.00000	4971.91000
8.23793	0.00000	4971.91000
8.24176	0.00000	4971.91000
8.24558	0.00000	4971.91000
8.24942	0.00000	4938.89700
8.25324	0.00000	4938.89700
8.25707	0.00000	4938.89700
8.26090	0.00000	4938.89700
8.26472	0.00000	4938.89700
8.26855	0.00000	4938.89700
8.27238	0.00000	4938.89700
8.27621	0.00000	4938.89700
8.28004	0.00000	4938.89700
8.28388	0.00000	4938.89700
8.28771	0.00000	4938.89700
8.29153	0.00000	4938.89700
8.29537	0.00000	4944.13400
8.29920	0.00000	4944.13400
8.30304	0.00000	4944.13400
8.30688	0.00000	4944.13400
8.31071	0.00000	4944.13400
8.31454	0.00000	4944.13400
8.31838	0.00000	4941.51500
8.32221	0.00000	4941.51500
8.32605	0.00000	4941.51500
8.32985	0.00000	4941.51500
8.33369	0.00000	4941.51500
8.33752	0.00000	4941.51500
8.34135	0.00000	4941.51500
8.34519	0.00000	4941.51500
8.34901	0.00000	4941.51500
8.35285	0.00000	4941.51500
8.35667	0.00000	4941.51500
8.36052	0.00000	4941.51500
8.36434	0.00000	4944.13400
8.36816	0.00000	4944.13400
8.37199	0.00000	4944.13400
8.37583	0.00000	4944.13400
8.37966	0.00000	4944.13400
8.38349	0.00000	4944.13400
8.38732	0.00000	4946.75300
8.39116	0.00000	4946.75300
8.39499	0.00000	4946.75300
8.39882	0.00000	4946.75300
8.40265	0.00000	4946.75300
8.40649	0.00000	4946.75300
8.41032	0.00000	4946.75300
8.41416	0.00000	4946.75300
8.41799	0.00000	4946.75300
8.42182	0.00000	4946.75300
8.42565	0.00000	4946.75300
8.42949	0.00000	4946.75300
8.43332	0.00000	4944.13400
8.43715	0.00000	4944.13400
8.44098	0.00000	4944.13400
8.44481	0.00000	4944.13400
8.44865	0.00000	4944.13400
8.45249	0.00000	4944.13400
8.45632	0.00000	4969.27700
8.46015	0.00000	4969.27700
8.46397	0.00000	4969.27700
8.46780	0.00000	4969.27700
8.47162	0.00000	4969.27700
8.47544	0.00000	4969.27700
8.47927	0.00000	4971.91000
8.48311	0.00000	4971.91000
8.48694	0.00000	4971.91000
8.49077	0.00000	4971.91000
8.49460	0.00000	4971.91000
8.49844	0.00000	4971.91000
8.50227	0.00000	4969.27700
8.50611	0.00000	4969.27700
8.50995	0.00000	4969.27700
8.51378	0.00000	4969.27700
8.51761	0.00000	4969.27700
8.52144	0.00000	4969.27700
8.52527	0.00000	4969.27700
8.52910	0.00000	4941.51500
8.53293	0.00000	4941.51500
8.53672	0.00000	4941.51500
8.54054	0.00000	4941.51500
8.54438	0.00000	4941.51500
8.54821	0.00000	4941.51500
8.55204	0.00000	4946.75300
8.55587	0.00000	4946.75300
8.55970	0.00000	4946.75300
8.56353	0.00000	4946.75300
8.56736	0.00000	4946.75300
8.57120	0.00000	4946.75300
8.57503	0.00000	4944.13400
8.57886	0.00000	4944.13400
8.58269	0.00000	4944.13400
8.58653	0.00000	4944.13400
8.59036	0.00000	4944.13400
8.59419	0.00000	4944.13400
8.59802	0.00000	4949.37100
8.60185	0.00000	4949.37100
8.60568	0.00000	4949.37100
8.60952	0.00000	4949.37100
8.61334	0.00000	4949.37100
8.61718	0.00000	4949.37100
8.62101	0.00000	4946.75300
8.62484	0.00000	4946.75300
8.62868	0.00000	4946.75300
8.63251	0.00000	4946.75300
8.63635	0.00000	4946.75300
8.64018	0.00000	4946.75300
8.64401	0.00000	4974.54400
8.64784	0.00000	4974.54400
8.65167	0.00000	4974.54400
8.65550	0.00000	4974.54400
8.65934	0.00000	4974.54400
8.66316	0.00000	4974.54400
8.66699	0.00000	4957.22800
8.67082	0.00000	4957.22800
8.67465	0.00000	4957.22800
8.67847	0.00000	4957.22800
8.68231	0.00000	4957.22800
8.68613	0.00000	4957.22800
8.68996	0.00000	4954.60900
8.69380	0.00000	4954.60900
8.69762	0.00000	4954.60900
8.70147	0.00000	4954.60900
8.70530	0.00000	4954.60900
8.70912	0.00000	4954.60900
8.71295	0.00000	4962.46500
8.71678	0.00000	4962.46500
8.72061	0.00000	4962.46500
8.72444	0.00000	4962.46500
8.72827	0.00000	4962.46500
8.73210	0.00000	4962.46500
8.73593	0.00000	4954.60900
8.73978	0.00000	4954.60900
8.74360	0.00000	4954.60900
8.74744	0.00000	4954.60900
8.75127	0.00000	4954.60900
8.75510	0.00000	4954.60900
8.75893	0.00000	4949.37100
8.76278	0.00000	4949.37100
8.76661	0.00000	4949.37100
8.77044	0.00000	4949.37100
8.77427	0.00000	4949.37100
8.77810	0.00000	4949.37100
8.78193	0.00000	4949.37100
8.78575	0.00000	4974.54400
8.78958	0.00000	4974.54400
8.79342	0.00000	4974.54400
8.79725	0.00000	4974.54400
8.80108	0.00000	4974.54400
8.80491	0.00000	4974.54400
8.80872	0.00000	4974.54400
8.81255	0.00000	4974.54400
8.81638	0.00000	4974.54400
8.82021	0.00000	4974.54400
8.82404	0.00000	4974.54400
8.82787	0.00000	4974.54400
8.83170	0.00000	4949.37100
8.83553	0.00000	4949.37100
8.83936	0.00000	4949.37100
8.84320	0.00000	4949.37100
8.84704	0.00000	4949.37100
8.85087	0.00000	4949.37100
8.85470	0.00000	4944.13400
8.85853	0.00000	4944.13400
8.86236	0.00000	4944.13400
8.86619	0.00000	4944.13400
8.87002	0.00000	4944.13400
8.87386	0.00000	4944.13400
8.87769	0.00000	4946.75300
8.88152	0.00000	4946.75300
8.88535	0.00000	4946.75300
8.88918	0.00000	4946.75300
8.89301	0.00000	4946.75300
8.89685	0.00000	4946.75300
8.90069	0.00000	4946.75300
8.90453	0.00000	4946.75300
8.90836	0.00000	4946.75300
8.91220	0.00000	4946.75300
8.91603	0.00000	4946.75300
8.91987	0.00000	4946.75300
8.92370	0.00000	4951.99000
8.92752	0.00000	4951.99000
8.93136	0.00000	4951.99000
8.93519	0.00000	4951.99000
8.93902	0.00000	4951.99000
8.94285	0.00000	4951.99000
8.94668	0.00000	4944.13400
8.95051	0.00000	4944.13400
8.95434	0.00000	4944.13400
8.95817	0.00000	4944.13400
8.96199	0.00000	4944.13400
8.96582	0.00000	4944.13400
8.96967	0.00000	4974.54400
8.97350	0.00000	4974.54400
8.97734	0.00000	4974.54400
8.98121	0.00000	4974.54400
8.98506	0.00000	4974.54400
8.98894	0.00000	4974.54400
8.99291	0.00000	4949.37100
8.99679	0.00000	4949.37100
9.00066	0.00000	4949.37100
9.00452	0.00000	4949.37100
9.00838	0.00000	4949.37100
9.01222	0.00000	4949.37100
9.01606	0.00000	4946.75300
9.01990	0.00000	4946.75300
9.02373	0.00000	4946.75300
9.02756	0.00000	4946.75300
9.03139	0.00000	4946.75300
9.03522	0.00000	4946.75300
9.03905	0.00000	4946.75300
9.04288	0.00000	4946.75300
9.04671	0.00000	4946.75300
9.05055	0.00000	4946.75300
9.05438	0.00000	4946.75300
9.05822	0.00000	4946.75300
9.06204	0.00000	4951.99000
9.06587	0.00000	4951.99000
9.06972	0.00000	4951.99000
9.07354	0.00000	4951.99000
9.07738	0.00000	4951.99000
9.08121	0.00000	4951.99000
9.08503	0.00000	4951.99000
9.08886	0.00000	4974.54400
9.09270	0.00000	4974.54400
9.09654	0.00000	4974.54400
9.10037	0.00000	4974.54400
9.10420	0.00000	4974.54400
9.10803	0.00000	4974.54400
9.11185	0.00000	4954.60900
9.11568	0.00000	4954.60900
9.11951	0.00000	4954.60900
9.12334	0.00000	4954.60900
9.12718	0.00000	4954.60900
9.13100	0.00000	4954.60900
9.13483	0.00000	4957.22800
9.13866	0.00000	4957.22800
9.14249	0.00000	4957.22800
9.14633	0.00000	4957.22800
9.15017	0.00000	4957.22800
9.15400	0.00000	4957.22800
9.15783	0.00000	4985.07700
9.16166	0.00000	4985.07700
9.16549	0.00000	4985.07700
9.16932	0.00000	4985.07700
9.17315	0.00000	4985.07700
9.17699	0.00000	4985.07700
9.18081	0.00000	4949.37100
9.18464	0.00000	4949.37100
9.18848	0.00000	4949.37100
9.19230	0.00000	4949.37100
9.19613	0.00000	4949.37100
9.19998	0.00000	4949.37100
9.20382	0.00000	4957.22800
9.20765	0.00000	4957.22800
9.21149	0.00000	4957.22800
9.21534	0.00000	4957.22800
9.21917	0.00000	4957.22800
9.22301	0.00000	4957.22800
9.22684	0.00000	4949.37100
9.23066	0.00000	4949.37100
9.23450	0.00000	4949.37100
9.23833	0.00000	4949.37100
9.24217	0.00000	4949.37100
9.24600	0.00000	4949.37100
9.24983	0.00000	4982.44400
9.25366	0.00000	4982.44400
9.25749	0.00000	4982.44400
9.26131	0.00000	4982.44400
9.26514	0.00000	4982.44400
9.26897	0.00000	4982.44400
9.27280	0.00000	4957.22800
9.27664	0.00000	4957.22800
9.28046	0.00000	4957.22800
9.28430	0.00000	4957.22800
9.28814	0.00000	4957.22800
9.29196	0.00000	4957.22800
9.29580	0.00000	4951.99000
9.29964	0.00000	4951.99000
9.30347	0.00000	4951.99000
9.30730	0.00000	4951.99000
9.31113	0.00000	4951.99000
9.31496	0.00000	4951.99000
9.31879	0.00000	4949.37100
9.32261	0.00000	4949.37100
9.32644	0.00000	4949.37100
9.33028	0.00000	4949.37100
9.33414	0.00000	4949.37100
9.33796	0.00000	4949.37100
9.34179	0.00000	4949.37100
9.34562	0.00000	4977.17700
9.34944	0.00000	4977.17700
9.35327	0.00000	4977.17700
9.35711	0.00000	4977.17700
9.36094	0.00000	4977.17700
9.36472	0.00000	4977.17700
9.36855	0.00000	4946.75300
9.37238	0.00000	4946.75300
9.37622	0.00000	4946.75300
9.38005	0.00000	4946.75300
9.38388	0.00000	4946.75300
9.38771	0.00000	4946.75300
9.39154	0.00000	4951.99000
9.39537	0.00000	4951.99000
9.39920	0.00000	4951.99000
9.40304	0.00000	4951.99000
9.40687	0.00000	4951.99000
9.41069	0.00000	4951.99000
9.41452	0.00000	4949.37100
9.41835	0.00000	4949.37100
9.42220	0.00000	4949.37100
9.42602	0.00000	4949.37100
9.42985	0.00000	4949.37100
9.43369	0.00000	4949.37100
9.43752	0.00000	4982.44400
9.44136	0.00000	4982.44400
9.44519	0.00000	4982.44400
9.44903	0.00000	4982.44400
9.45286	0.00000	4982.44400
9.45669	0.00000	4982.44400
9.46053	0.00000	4949.37100
9.46436	0.00000	4949.37100
9.46819	0.00000	4949.37100
9.47202	0.00000	4949.37100
9.47585	0.00000	4949.37100
9.47968	0.00000	4949.37100
9.48352	0.00000	4949.37100
9.48735	0.00000	4949.37100
9.49118	0.00000	4949.37100
9.49501	0.00000	4949.37100
9.49884	0.00000	4949.37100
9.50267	0.00000	4949.37100
9.50650	0.00000	4951.99000
9.51034	0.00000	4951.99000
9.51417	0.00000	4951.99000
9.51800	0.00000	4951.99000
9.52183	0.00000	4951.99000
9.52566	0.00000	4951.99000
9.52949	0.00000	4949.37100
9.53332	0.00000	4949.37100
9.53716	0.00000	4949.37100
9.54099	0.00000	4949.37100
9.54482	0.00000	4949.37100
9.54865	0.00000	4949.37100
9.55248	0.00000	4951.99000
9.55632	0.00000	4951.99000
9.56015	0.00000	4951.99000
9.56398	0.00000	4951.99000
9.56782	0.00000	4951.99000
9.57165	0.00000	4951.99000
9.57548	0.00000	4951.99000
9.57932	0.00000	4951.99000
9.58315	0.00000	4951.99000
9.58698	0.00000	4951.99000
9.59081	0.00000	4951.99000
9.59464	0.00000	4951.99000
9.59847	0.00000	4944.13400
9.60229	0.00000	4944.13400
9.60614	0.00000	4944.13400
9.60997	0.00000	4944.13400
9.61382	0.00000	4944.13400
9.61770	0.00000	4944.13400
9.62153	0.00000	4944.13400
9.62537	0.00000	4936.27800
9.62920	0.00000	4936.27800
9.63303	0.00000	4936.27800
9.63686	0.00000	4936.27800
9.64069	0.00000	4936.27800
9.64453	0.00000	4936.27800
9.64836	0.00000	4954.60900
9.65219	0.00000	4954.60900
9.65602	0.00000	4954.60900
9.65985	0.00000	4954.60900
9.66368	0.00000	4954.60900
9.66751	0.00000	4954.60900
9.67134	0.00000	4951.99000
9.67517	0.00000	4951.99000
9.67901	0.00000	4951.99000
9.68284	0.00000	4951.99000
9.68667	0.00000	4951.99000
9.69051	0.00000	4951.99000
9.69434	0.00000	4949.37100
9.69817	0.00000	4949.37100
9.70200	0.00000	4949.37100
9.70583	0.00000	4949.37100
9.70967	0.00000	4949.37100
9.71350	0.00000	4949.37100
9.71733	0.00000	4951.99000
9.72116	0.00000	4951.99000
9.72499	0.00000	4951.99000
9.72882	0.00000	4951.99000
9.73265	0.00000	4951.99000
9.73649	0.00000	4951.99000
9.74033	0.00000	4951.99000
9.74416	0.00000	4951.99000
9.74799	0.00000	4951.99000
9.75182	0.00000	4951.99000
9.75565	0.00000	4951.99000
9.75948	0.00000	4951.99000
9.76332	0.00000	4954.60900
9.76715	0.00000	4954.60900
9.77099	0.00000	4954.60900
9.77481	0.00000	4954.60900
9.77864	0.00000	4954.60900
9.78248	0.00000	4954.60900
9.78630	0.00000	4954.60900
9.79014	0.00000	4954.60900
9.79398	0.00000	4954.60900
9.79780	0.00000	4954.60900
9.80164	0.00000	4954.60900
9.80549	0.00000	4954.60900
9.80932	0.00000	4954.60900
9.81315	0.00000	4954.60900
9.81698	0.00000	4954.60900
9.82081	0.00000	4954.60900
9.82464	0.00000	4954.60900
9.82847	0.00000	4954.60900
9.83230	0.00000	4949.37100
9.83615	0.00000	4949.37100
9.83998	0.00000	4949.37100
9.84382	0.00000	4949.37100
9.84765	0.00000	4949.37100
9.85148	0.00000	4949.37100
9.85531	0.00000	4954.60900
9.85914	0.00000	4954.60900
9.86297	0.00000	4954.60900
9.86679	0.00000	4954.60900
9.87062	0.00000	4954.60900
9.87445	0.00000	4954.60900
9.87828	0.00000	4954.60900
9.88211	0.00000	4949.37100
9.88595	0.00000	4949.37100
9.88977	0.00000	4949.37100
9.89360	0.00000	4949.37100
9.89743	0.00000	4949.37100
9.90126	0.00000	4949.37100
9.90509	0.00000	4944.13400
9.90892	0.00000	4944.13400
9.91272	0.00000	4944.13400
9.91656	0.00000	4944.13400
9.92039	0.00000	4944.13400
9.92422	0.00000	4944.13400
9.92805	0.00000	4944.13400
9.93187	0.00000	4944.13400
9.93570	0.00000	4944.13400
9.93954	0.00000	4944.13400
9.94337	0.00000	4944.13400
9.94721	0.00000	4944.13400
9.95104	0.00000	4977.17700
9.95487	0.00000	4977.17700
9.95871	0.00000	4977.17700
9.96254	0.00000	4977.17700
9.96637	0.00000	4977.17700
9.97020	0.00000	4977.17700
9.97403	0.00000	4977.17700
9.97786	0.00000	4977.17700
9.98169	0.00000	4977.17700
9.98553	0.00000	4977.17700
9.98936	0.00000	4977.17700
9.99320	0.00000	4977.17700
9.99707	0.00000	4946.75300
