Time (s)   Thrust (N)   RPM
0.00031	0.00000	5229.87600
0.00420	0.00000	5229.87600
0.00808	0.00000	5229.87600
0.01199	0.00000	5229.87600
0.01585	0.00000	5229.87600
0.01970	0.00000	5222.86200
0.02367	0.00000	5222.86200
0.02758	0.00000	5222.86200
0.03143	0.00000	5222.86200
0.03527	0.00000	5222.86200
0.03910	0.00000	5222.86200
0.04294	0.00000	5084.52900
0.04680	0.00000	5084.52900
0.05065	0.00000	5084.52900
0.05450	0.00000	5084.52900
0.05834	0.00000	5084.52900
0.06220	0.00000	5084.52900
0.06603	0.00000	4748.52000
0.06987	0.00000	4748.52000
0.07371	0.00000	4748.52000
0.07756	0.00000	4748.52000
0.08140	0.00000	4748.52000
0.08523	0.00000	4498.82100
0.08906	0.00000	4498.82100
0.09286	0.00000	4498.82100
0.09671	0.00000	4498.82100
0.10055	0.00000	4498.82100
0.10438	0.00000	4231.08500
0.10821	0.00000	4231.08500
0.11205	0.00000	4231.08500
0.11588	0.00000	4231.08500
0.11970	0.00000	4231.08500
0.12353	0.00000	4055.00800
0.12739	0.00000	4055.00800
0.13122	0.00000	4055.00800
0.13504	0.00000	4055.00800
0.13887	0.00000	4055.00800
0.14270	0.00000	3865.53700
0.14657	0.00000	3865.53700
0.15039	0.00000	3865.53700
0.15421	0.00000	3865.53700
0.15804	0.00000	3865.53700
0.16190	0.00000	3699.04900
0.16572	0.00000	3699.04900
0.16955	0.00000	3699.04900
0.17338	0.00000	3699.04900
0.17723	0.00000	3587.87600
0.18106	0.00000	3587.87600
0.18485	0.00000	3587.87600
0.18868	0.00000	3587.87600
0.19251	0.00000	3587.87600
0.19636	0.00000	3460.16200
0.20019	0.00000	3460.16200
0.20402	0.00000	3460.16200
0.20786	0.00000	3460.16200
0.21172	0.00000	3347.16800
0.21556	0.00000	3347.16800
0.21939	0.00000	3347.16800
0.22322	0.00000	3347.16800
0.22705	0.00000	3240.32700
0.23090	0.00000	3240.32700
0.23473	0.00000	3240.32700
0.23855	0.00000	3240.32700
0.24238	0.00000	3240.32700
0.24625	0.00000	3131.25000
0.25008	0.00000	3131.25000
0.25391	0.00000	3131.25000
0.25774	0.00000	3131.25000
0.26159	0.00000	3069.92800
0.26543	0.00000	3069.92800
0.26926	0.00000	3069.92800
0.27308	0.00000	3069.92800
0.27691	0.00000	2979.08000
0.28078	0.00000	2979.08000
0.28461	0.00000	2979.08000
0.28843	0.00000	2979.08000
0.29226	0.00000	2914.91600
0.29611	0.00000	2914.91600
0.29994	0.00000	2914.91600
0.30376	0.00000	2914.91600
0.30759	0.00000	2840.30700
0.31145	0.00000	2840.30700
0.31527	0.00000	2840.30700
0.31910	0.00000	2840.30700
0.32292	0.00000	2776.44200
0.32675	0.00000	2776.44200
0.33060	0.00000	2776.44200
0.33443	0.00000	2776.44200
0.33826	0.00000	2719.55800
0.34209	0.00000	2719.55800
0.34594	0.00000	2719.55800
0.34977	0.00000	2719.55800
0.35360	0.00000	2661.68400
0.35743	0.00000	2661.68400
0.36128	0.00000	2661.68400
0.36512	0.00000	2661.68400
0.36894	0.00000	2611.01900
0.37276	0.00000	2611.01900
0.37659	0.00000	2611.01900
0.38044	0.00000	2611.01900
0.38427	0.00000	2567.75400
0.38809	0.00000	2567.75400
0.39193	0.00000	2567.75400
0.39578	0.00000	2567.75400
0.39962	0.00000	2523.71600
0.40344	0.00000	2523.71600
0.40728	0.00000	2523.71600
0.41114	0.00000	2474.66200
0.41497	0.00000	2474.66200
0.41880	0.00000	2474.66200
0.42262	0.00000	2474.66200
0.42645	0.00000	2446.02200
0.43029	0.00000	2446.02200
0.43412	0.00000	2446.02200
0.43795	0.00000	2446.02200
0.44178	0.00000	2407.67000
0.44564	0.00000	2407.67000
0.44947	0.00000	2407.67000
0.45330	0.00000	2407.67000
0.45712	0.00000	2386.75400
0.46097	0.00000	2386.75400
0.46480	0.00000	2386.75400
0.46863	0.00000	2386.75400
0.47246	0.00000	2335.14900
0.47629	0.00000	2335.14900
0.48014	0.00000	2335.14900
0.48397	0.00000	2321.84500
0.48779	0.00000	2321.84500
0.49162	0.00000	2321.84500
0.49548	0.00000	2321.84500
0.49931	0.00000	2278.64500
0.50313	0.00000	2278.64500
0.50697	0.00000	2278.64500
0.51083	0.00000	2278.64500
0.51466	0.00000	2239.58300
0.51849	0.00000	2239.58300
0.52232	0.00000	2239.58300
0.52614	0.00000	2228.77300
0.52999	0.00000	2228.77300
0.53382	0.00000	2228.77300
0.53765	0.00000	2228.77300
0.54148	0.00000	2211.08400
0.54534	0.00000	2211.08400
0.54918	0.00000	2211.08400
0.55300	0.00000	2211.08400
0.55683	0.00000	2184.55200
0.56069	0.00000	2184.55200
0.56452	0.00000	2184.55200
0.56836	0.00000	2135.90800
0.57220	0.00000	2135.90800
0.57603	0.00000	2135.90800
0.57988	0.00000	2135.90800
0.58372	0.00000	2122.64100
0.58755	0.00000	2122.64100
0.59138	0.00000	2122.64100
0.59524	0.00000	2122.64100
0.59907	0.00000	2116.07100
0.60289	0.00000	2116.07100
0.60669	0.00000	2116.07100
0.61054	0.00000	2095.85300
0.61437	0.00000	2095.85300
0.61820	0.00000	2095.85300
0.62202	0.00000	2095.85300
0.62584	0.00000	2071.42800
0.62969	0.00000	2071.42800
0.63353	0.00000	2071.42800
0.63735	0.00000	2050.78100
0.64118	0.00000	2050.78100
0.64503	0.00000	2050.78100
0.64886	0.00000	2050.78100
0.65268	0.00000	2046.27400
0.65650	0.00000	2046.27400
0.66033	0.00000	2046.27400
0.66418	0.00000	2046.27400
0.66801	0.00000	2038.83500
0.67183	0.00000	2038.83500
0.67566	0.00000	2038.83500
0.67951	0.00000	2011.52900
0.68334	0.00000	2011.52900
0.68717	0.00000	2011.52900
0.69100	0.00000	2011.52900
0.69485	0.00000	1983.17300
0.69868	0.00000	1983.17300
0.70250	0.00000	1983.17300
0.70633	0.00000	1994.48500
0.71016	0.00000	1994.48500
0.71402	0.00000	1994.48500
0.71785	0.00000	1994.48500
0.72168	0.00000	1970.57000
0.72550	0.00000	1970.57000
0.72935	0.00000	1970.57000
0.73318	0.00000	1943.26400
0.73700	0.00000	1943.26400
0.74084	0.00000	1943.26400
0.74470	0.00000	1943.26400
0.74853	0.00000	1943.26400
0.75236	0.00000	1943.26400
0.75618	0.00000	1943.26400
0.76002	0.00000	1930.14700
0.76387	0.00000	1930.14700
0.76771	0.00000	1930.14700
0.77153	0.00000	1930.14700
0.77536	0.00000	1930.14700
0.77921	0.00000	1930.14700
0.78304	0.00000	1930.14700
0.78687	0.00000	1902.57300
0.79070	0.00000	1902.57300
0.79455	0.00000	1902.57300
0.79838	0.00000	1902.57300
0.80221	0.00000	1893.38200
0.80604	0.00000	1893.38200
0.80987	0.00000	1893.38200
0.81371	0.00000	1879.59500
0.81754	0.00000	1879.59500
0.82136	0.00000	1879.59500
0.82519	0.00000	1879.59500
0.82905	0.00000	1888.92300
0.83286	0.00000	1888.92300
0.83668	0.00000	1888.92300
0.84050	0.00000	1875.00000
0.84436	0.00000	1875.00000
0.84822	0.00000	1875.00000
0.85204	0.00000	1875.00000
0.85588	0.00000	1861.07600
0.85971	0.00000	1861.07600
0.86356	0.00000	1861.07600
0.86739	0.00000	1856.43500
0.87121	0.00000	1856.43500
0.87505	0.00000	1856.43500
0.87890	0.00000	1856.43500
0.88273	0.00000	1842.51200
0.88655	0.00000	1842.51200
0.89038	0.00000	1842.51200
0.89424	0.00000	1833.23000
0.89807	0.00000	1833.23000
0.90190	0.00000	1833.23000
0.90572	0.00000	1833.23000
0.90954	0.00000	1828.58900
0.91339	0.00000	1828.58900
0.91722	0.00000	1828.58900
0.92104	0.00000	1814.66500
0.92486	0.00000	1814.66500
0.92871	0.00000	1814.66500
0.93255	0.00000	1814.66500
0.93637	0.00000	1819.30700
0.94020	0.00000	1819.30700
0.94405	0.00000	1819.30700
0.94788	0.00000	1818.75000
0.95171	0.00000	1818.75000
0.95553	0.00000	1818.75000
0.95937	0.00000	1818.75000
0.96323	0.00000	1810.02400
0.96706	0.00000	1810.02400
0.97088	0.00000	1810.02400
0.97472	0.00000	1804.68700
0.97858	0.00000	1804.68700
0.98241	0.00000	1804.68700
0.98623	0.00000	1804.68700
0.99005	0.00000	1791.46000
0.99390	0.00000	1791.46000
0.99774	0.00000	1791.46000
1.00156	0.00000	1795.31200
1.00539	0.00000	1795.31200
1.00923	0.00000	1795.31200
1.01308	0.00000	1795.31200
1.01692	0.00000	1777.53700
1.02074	0.00000	1777.53700
1.02457	0.00000	1777.53700
1.02842	0.00000	1781.25000
1.03226	0.00000	1781.25000
1.03609	0.00000	1781.25000
1.03991	0.00000	1781.25000
1.04375	0.00000	1790.62500
1.04759	0.00000	1790.62500
1.05143	0.00000	1790.62500
1.05525	0.00000	1771.87500
1.05908	0.00000	1771.87500
1.06293	0.00000	1771.87500
1.06676	0.00000	1771.87500
1.07058	0.00000	1776.56200
1.07441	0.00000	1776.56200
1.07827	0.00000	1776.56200
1.08210	0.00000	1762.50000
1.08592	0.00000	1762.50000
1.08975	0.00000	1762.50000
1.09359	0.00000	1757.81200
1.09744	0.00000	1757.81200
1.10126	0.00000	1757.81200
1.10509	0.00000	1757.81200
1.10891	0.00000	1757.81200
1.11276	0.00000	1757.81200
1.11660	0.00000	1757.81200
1.12042	0.00000	1766.09800
1.12427	0.00000	1766.09800
1.12812	0.00000	1766.09800
1.13195	0.00000	1766.09800
1.13578	0.00000	1757.81200
1.13960	0.00000	1757.81200
1.14343	0.00000	1757.81200
1.14729	0.00000	1743.75000
1.15111	0.00000	1743.75000
1.15494	0.00000	1743.75000
1.15877	0.00000	1743.75000
1.16263	0.00000	1731.12600
1.16647	0.00000	1731.12600
1.17031	0.00000	1731.12600
1.17413	0.00000	1751.89400
1.17799	0.00000	1751.89400
1.18182	0.00000	1751.89400
1.18566	0.00000	1751.89400
1.18948	0.00000	1734.37500
1.19330	0.00000	1734.37500
1.19715	0.00000	1734.37500
1.20099	0.00000	1729.68700
1.20481	0.00000	1729.68700
1.20865	0.00000	1729.68700
1.21250	0.00000	1742.42400
1.21632	0.00000	1742.42400
1.22014	0.00000	1742.42400
1.22397	0.00000	1742.42400
1.22783	0.00000	1725.00000
1.23167	0.00000	1725.00000
1.23549	0.00000	1725.00000
1.23932	0.00000	1737.68900
1.24316	0.00000	1737.68900
1.24700	0.00000	1737.68900
1.25083	0.00000	1737.68900
1.25465	0.00000	1729.68700
1.25847	0.00000	1729.68700
1.26233	0.00000	1729.68700
1.26616	0.00000	1732.95400
1.26998	0.00000	1732.95400
1.27380	0.00000	1732.95400
1.27765	0.00000	1732.95400
1.28148	0.00000	1725.00000
1.28531	0.00000	1725.00000
1.28913	0.00000	1725.00000
1.29295	0.00000	1728.21900
1.29680	0.00000	1728.21900
1.30065	0.00000	1728.21900
1.30447	0.00000	1728.21900
1.30830	0.00000	1732.95400
1.31215	0.00000	1732.95400
1.31598	0.00000	1732.95400
1.31980	0.00000	1723.48400
1.32363	0.00000	1723.48400
1.32749	0.00000	1723.48400
1.33132	0.00000	1706.25000
1.33515	0.00000	1706.25000
1.33897	0.00000	1706.25000
1.34280	0.00000	1706.25000
1.34664	0.00000	1715.62500
1.35048	0.00000	1715.62500
1.35430	0.00000	1715.62500
1.35813	0.00000	1714.01500
1.36199	0.00000	1714.01500
1.36582	0.00000	1714.01500
1.36965	0.00000	1714.01500
1.37347	0.00000	1728.21900
1.37732	0.00000	1728.21900
1.38114	0.00000	1728.21900
1.38497	0.00000	1714.01500
1.38879	0.00000	1714.01500
1.39262	0.00000	1714.01500
1.39647	0.00000	1714.01500
1.40030	0.00000	1701.56200
1.40413	0.00000	1701.56200
1.40796	0.00000	1701.56200
1.41182	0.00000	1714.01500
1.41565	0.00000	1714.01500
1.41947	0.00000	1714.01500
1.42330	0.00000	1714.01500
1.42713	0.00000	1714.01500
1.43098	0.00000	1714.01500
1.43480	0.00000	1714.01500
1.43863	0.00000	1696.87500
1.44245	0.00000	1696.87500
1.44631	0.00000	1696.87500
1.45014	0.00000	1709.28000
1.45397	0.00000	1709.28000
1.45779	0.00000	1709.28000
1.46164	0.00000	1709.28000
1.46547	0.00000	1701.56200
1.46929	0.00000	1701.56200
1.47312	0.00000	1701.56200
1.47695	0.00000	1704.54500
1.48080	0.00000	1704.54500
1.48463	0.00000	1704.54500
1.48846	0.00000	1704.54500
1.49228	0.00000	1714.01500
1.49630	0.00000	1714.01500
1.50016	0.00000	1714.01500
1.50400	0.00000	1699.81000
1.50783	0.00000	1699.81000
1.51168	0.00000	1699.81000
1.51552	0.00000	1704.54500
1.51936	0.00000	1704.54500
1.52318	0.00000	1704.54500
1.52701	0.00000	1704.54500
1.53086	0.00000	1709.28000
1.53469	0.00000	1709.28000
1.53851	0.00000	1709.28000
1.54234	0.00000	1695.07500
1.54620	0.00000	1695.07500
1.55003	0.00000	1695.07500
1.55385	0.00000	1695.07500
1.55768	0.00000	1709.28000
1.56153	0.00000	1709.28000
1.56536	0.00000	1709.28000
1.56920	0.00000	1699.81000
1.57302	0.00000	1699.81000
1.57686	0.00000	1699.81000
1.58070	0.00000	1699.81000
1.58453	0.00000	1699.81000
1.58835	0.00000	1699.81000
1.59218	0.00000	1699.81000
1.59602	0.00000	1699.81000
1.59985	0.00000	1699.81000
1.60367	0.00000	1699.81000
1.60750	0.00000	1695.07500
1.61136	0.00000	1695.07500
1.61519	0.00000	1695.07500
1.61901	0.00000	1695.07500
1.62283	0.00000	1687.50000
1.62666	0.00000	1687.50000
1.63051	0.00000	1687.50000
1.63434	0.00000	1695.07500
1.63816	0.00000	1695.07500
1.64199	0.00000	1695.07500
1.64584	0.00000	1695.07500
1.64967	0.00000	1682.81200
1.65350	0.00000	1682.81200
1.65732	0.00000	1682.81200
1.66118	0.00000	1690.34000
1.66501	0.00000	1690.34000
1.66883	0.00000	1690.34000
1.67265	0.00000	1685.60600
1.67650	0.00000	1685.60600
1.68036	0.00000	1685.60600
1.68419	0.00000	1685.60600
1.68801	0.00000	1695.07500
1.69185	0.00000	1695.07500
1.69570	0.00000	1695.07500
1.69953	0.00000	1690.34000
1.70336	0.00000	1690.34000
1.70719	0.00000	1690.34000
1.71104	0.00000	1690.34000
1.71486	0.00000	1699.81000
1.71869	0.00000	1699.81000
1.72251	0.00000	1699.81000
1.72633	0.00000	1685.60600
1.73018	0.00000	1685.60600
1.73401	0.00000	1685.60600
1.73783	0.00000	1685.60600
1.74166	0.00000	1690.34000
1.74551	0.00000	1690.34000
1.74933	0.00000	1690.34000
1.75316	0.00000	1690.34000
1.75699	0.00000	1690.34000
1.76084	0.00000	1690.34000
1.76468	0.00000	1690.34000
1.76851	0.00000	1690.34000
1.77233	0.00000	1690.34000
1.77616	0.00000	1690.34000
1.78002	0.00000	1695.07500
1.78385	0.00000	1695.07500
1.78767	0.00000	1695.07500
1.79149	0.00000	1685.60600
1.79535	0.00000	1685.60600
1.79918	0.00000	1685.60600
1.80301	0.00000	1685.60600
1.80683	0.00000	1695.07500
1.81070	0.00000	1695.07500
1.81453	0.00000	1695.07500
1.81835	0.00000	1685.60600
1.82218	0.00000	1685.60600
1.82600	0.00000	1685.60600
1.82986	0.00000	1685.60600
1.83368	0.00000	1685.60600
1.83751	0.00000	1685.60600
1.84134	0.00000	1685.60600
1.84520	0.00000	1690.34000
1.84906	0.00000	1690.34000
1.85290	0.00000	1690.34000
1.85673	0.00000	1680.87100
1.86059	0.00000	1680.87100
1.86442	0.00000	1680.87100
1.86825	0.00000	1680.87100
1.87207	0.00000	1678.12500
1.87589	0.00000	1678.12500
1.87974	0.00000	1678.12500
1.88358	0.00000	1680.87100
1.88740	0.00000	1680.87100
1.89123	0.00000	1680.87100
1.89509	0.00000	1680.87100
1.89892	0.00000	1680.87100
1.90275	0.00000	1680.87100
1.90657	0.00000	1680.87100
1.91041	0.00000	1685.60600
1.91426	0.00000	1685.60600
1.91810	0.00000	1685.60600
1.92193	0.00000	1680.87100
1.92576	0.00000	1680.87100
1.92962	0.00000	1680.87100
1.93345	0.00000	1680.87100
1.93727	0.00000	1673.43700
1.94110	0.00000	1673.43700
1.94495	0.00000	1673.43700
1.94879	0.00000	1680.87100
1.95261	0.00000	1680.87100
1.95643	0.00000	1680.87100
1.96026	0.00000	1680.87100
1.96411	0.00000	1690.34000
1.96794	0.00000	1690.34000
1.97176	0.00000	1690.34000
1.97559	0.00000	1698.02300
1.97945	0.00000	1698.02300
1.98328	0.00000	1698.02300
1.98710	0.00000	1680.87100
1.99093	0.00000	1680.87100
1.99479	0.00000	1680.87100
1.99862	0.00000	1680.87100
2.00245	0.00000	1680.87100
2.00628	0.00000	1680.87100
2.01011	0.00000	1680.87100
2.01396	0.00000	1698.02300
2.01779	0.00000	1698.02300
2.02162	0.00000	1698.02300
2.02544	0.00000	1698.02300
2.02930	0.00000	1690.34000
2.03313	0.00000	1690.34000
2.03695	0.00000	1690.34000
2.04078	0.00000	1676.13600
2.04464	0.00000	1676.13600
2.04847	0.00000	1676.13600
2.05230	0.00000	1676.13600
2.05612	0.00000	1685.60600
2.05996	0.00000	1685.60600
2.06381	0.00000	1685.60600
2.06763	0.00000	1680.87100
2.07146	0.00000	1680.87100
2.07528	0.00000	1680.87100
2.07913	0.00000	1676.13600
2.08299	0.00000	1676.13600
2.08681	0.00000	1676.13600
2.09064	0.00000	1676.13600
2.09450	0.00000	1678.12500
2.09834	0.00000	1678.12500
2.10217	0.00000	1678.12500
2.10599	0.00000	1680.87100
2.10982	0.00000	1680.87100
2.11367	0.00000	1680.87100
2.11751	0.00000	1680.87100
2.12133	0.00000	1690.34000
2.12515	0.00000	1690.34000
2.12901	0.00000	1690.34000
2.13285	0.00000	1680.87100
2.13667	0.00000	1680.87100
2.14050	0.00000	1680.87100
2.14435	0.00000	1680.87100
2.14819	0.00000	1680.87100
2.15201	0.00000	1680.87100
2.15583	0.00000	1680.87100
2.15966	0.00000	1685.60600
2.16351	0.00000	1685.60600
2.16733	0.00000	1685.60600
2.17116	0.00000	1698.02300
2.17499	0.00000	1698.02300
2.17884	0.00000	1698.02300
2.18266	0.00000	1698.02300
2.18649	0.00000	1690.34000
2.19032	0.00000	1690.34000
2.19417	0.00000	1690.34000
2.19800	0.00000	1676.13600
2.20183	0.00000	1676.13600
2.20565	0.00000	1676.13600
2.20947	0.00000	1676.13600
2.21333	0.00000	1680.87100
2.21716	0.00000	1680.87100
2.22099	0.00000	1680.87100
2.22481	0.00000	1680.87100
2.22868	0.00000	1680.87100
2.23251	0.00000	1680.87100
2.23634	0.00000	1676.13600
2.24016	0.00000	1676.13600
2.24403	0.00000	1676.13600
2.24786	0.00000	1676.13600
2.25169	0.00000	1673.43700
2.25552	0.00000	1673.43700
2.25934	0.00000	1673.43700
2.26320	0.00000	1676.13600
2.26703	0.00000	1676.13600
2.27085	0.00000	1676.13600
2.27468	0.00000	1676.13600
2.27854	0.00000	1690.34000
2.28238	0.00000	1690.34000
2.28620	0.00000	1690.34000
2.29003	0.00000	1688.45600
2.29390	0.00000	1688.45600
2.29773	0.00000	1688.45600
2.30155	0.00000	1680.87100
2.30537	0.00000	1680.87100
2.30920	0.00000	1680.87100
2.31305	0.00000	1680.87100
2.31686	0.00000	1680.87100
2.32068	0.00000	1680.87100
2.32451	0.00000	1680.87100
2.32836	0.00000	1698.02300
2.33219	0.00000	1698.02300
2.33602	0.00000	1698.02300
2.33984	0.00000	1698.02300
2.34367	0.00000	1690.34000
2.34752	0.00000	1690.34000
2.35134	0.00000	1690.34000
2.35518	0.00000	1676.13600
2.35900	0.00000	1676.13600
2.36285	0.00000	1676.13600
2.36667	0.00000	1676.13600
2.37050	0.00000	1680.87100
2.37433	0.00000	1680.87100
2.37819	0.00000	1680.87100
2.38201	0.00000	1676.13600
2.38585	0.00000	1676.13600
2.38967	0.00000	1676.13600
2.39351	0.00000	1680.87100
2.39736	0.00000	1680.87100
2.40119	0.00000	1680.87100
2.40501	0.00000	1680.87100
2.40884	0.00000	1673.43700
2.41271	0.00000	1673.43700
2.41653	0.00000	1673.43700
2.42036	0.00000	1680.87100
2.42418	0.00000	1680.87100
2.42803	0.00000	1680.87100
2.43187	0.00000	1680.87100
2.43569	0.00000	1690.34000
2.43951	0.00000	1690.34000
2.44335	0.00000	1690.34000
2.44720	0.00000	1693.23900
2.45102	0.00000	1693.23900
2.45485	0.00000	1693.23900
2.45867	0.00000	1693.23900
2.46254	0.00000	1693.23900
2.46636	0.00000	1693.23900
2.47019	0.00000	1693.23900
2.47402	0.00000	1680.87100
2.47787	0.00000	1680.87100
2.48170	0.00000	1680.87100
2.48552	0.00000	1676.13600
2.48935	0.00000	1676.13600
2.49319	0.00000	1676.13600
2.49704	0.00000	1676.13600
2.50086	0.00000	1668.75000
2.50468	0.00000	1668.75000
2.50851	0.00000	1668.75000
2.51236	0.00000	1676.13600
2.51620	0.00000	1676.13600
2.52003	0.00000	1676.13600
2.52386	0.00000	1676.13600
2.52771	0.00000	1680.87100
2.53154	0.00000	1680.87100
2.53536	0.00000	1680.87100
2.53919	0.00000	1693.23900
2.54302	0.00000	1693.23900
2.54687	0.00000	1693.23900
2.55069	0.00000	1676.13600
2.55452	0.00000	1676.13600
2.55835	0.00000	1676.13600
2.56221	0.00000	1676.13600
2.56604	0.00000	1685.60600
2.56987	0.00000	1685.60600
2.57370	0.00000	1685.60600
2.57755	0.00000	1693.23900
2.58138	0.00000	1693.23900
2.58520	0.00000	1693.23900
2.58903	0.00000	1693.23900
2.59286	0.00000	1690.34000
2.59671	0.00000	1690.34000
2.60054	0.00000	1690.34000
2.60436	0.00000	1676.13600
2.60818	0.00000	1676.13600
2.61204	0.00000	1676.13600
2.61587	0.00000	1676.13600
2.61970	0.00000	1676.13600
2.62353	0.00000	1676.13600
2.62739	0.00000	1676.13600
2.63123	0.00000	1680.87100
2.63505	0.00000	1680.87100
2.63888	0.00000	1680.87100
2.64270	0.00000	1676.13600
2.64656	0.00000	1676.13600
2.65039	0.00000	1676.13600
2.65421	0.00000	1676.13600
2.65804	0.00000	1685.60600
2.66189	0.00000	1685.60600
2.66572	0.00000	1685.60600
2.66954	0.00000	1693.23900
2.67338	0.00000	1693.23900
2.67723	0.00000	1693.23900
2.68106	0.00000	1676.13600
2.68485	0.00000	1676.13600
2.68867	0.00000	1676.13600
2.69251	0.00000	1676.13600
2.69637	0.00000	1680.87100
2.70020	0.00000	1680.87100
2.70403	0.00000	1680.87100
2.70786	0.00000	1676.13600
2.71172	0.00000	1676.13600
2.71556	0.00000	1676.13600
2.71939	0.00000	1676.13600
2.72321	0.00000	1668.75000
2.72705	0.00000	1668.75000
2.73090	0.00000	1668.75000
2.73472	0.00000	1676.13600
2.73855	0.00000	1676.13600
2.74237	0.00000	1676.13600
2.74623	0.00000	1676.13600
2.75006	0.00000	1685.60600
2.75389	0.00000	1685.60600
2.75772	0.00000	1685.60600
2.76156	0.00000	1676.13600
2.76539	0.00000	1676.13600
2.76922	0.00000	1676.13600
2.77304	0.00000	1676.13600
2.77686	0.00000	1676.13600
2.78071	0.00000	1676.13600
2.78454	0.00000	1676.13600
2.78837	0.00000	1680.87100
2.79220	0.00000	1680.87100
2.79605	0.00000	1680.87100
2.79987	0.00000	1693.23900
2.80370	0.00000	1693.23900
2.80753	0.00000	1693.23900
2.81138	0.00000	1693.23900
2.81521	0.00000	1685.60600
2.81903	0.00000	1685.60600
2.82285	0.00000	1685.60600
2.82668	0.00000	1676.13600
2.83053	0.00000	1676.13600
2.83436	0.00000	1676.13600
2.83819	0.00000	1676.13600
2.84203	0.00000	1685.60600
2.84588	0.00000	1685.60600
2.84973	0.00000	1685.60600
2.85356	0.00000	1676.13600
2.85739	0.00000	1676.13600
2.86124	0.00000	1676.13600
2.86507	0.00000	1671.40100
2.86885	0.00000	1671.40100
2.87267	0.00000	1671.40100
2.87650	0.00000	1671.40100
2.88034	0.00000	1673.43700
2.88417	0.00000	1673.43700
2.88799	0.00000	1673.43700
2.89182	0.00000	1676.13600
2.89568	0.00000	1676.13600
2.89951	0.00000	1676.13600
2.90335	0.00000	1676.13600
2.90732	0.00000	1680.87100
2.91121	0.00000	1680.87100
2.91507	0.00000	1680.87100
2.91897	0.00000	1693.23900
2.92281	0.00000	1693.23900
2.92665	0.00000	1693.23900
2.93050	0.00000	1693.23900
2.93433	0.00000	1693.23900
2.93817	0.00000	1693.23900
2.94200	0.00000	1693.23900
2.94585	0.00000	1685.60600
2.94968	0.00000	1685.60600
2.95352	0.00000	1685.60600
2.95735	0.00000	1676.13600
2.96120	0.00000	1676.13600
2.96503	0.00000	1676.13600
2.96885	0.00000	1676.13600
2.97268	0.00000	1668.75000
2.97651	0.00000	1668.75000
2.98035	0.00000	1668.75000
2.98418	0.00000	1676.13600
2.98801	0.00000	1676.13600
2.99183	0.00000	1676.13600
2.99568	0.00000	1676.13600
2.99952	0.00000	1676.13600
3.00335	0.00000	1676.13600
3.00723	0.00000	1676.13600
3.01110	0.00000	1685.60600
3.01493	0.00000	1685.60600
3.01876	0.00000	1685.60600
3.02258	0.00000	1680.87100
3.02641	0.00000	1680.87100
3.03026	0.00000	1680.87100
3.03409	0.00000	1680.87100
3.03791	0.00000	1685.60600
3.04173	0.00000	1685.60600
3.04559	0.00000	1685.60600
3.04942	0.00000	1688.45600
3.05324	0.00000	1688.45600
3.05708	0.00000	1688.45600
3.06093	0.00000	1693.23900
3.06475	0.00000	1693.23900
3.06857	0.00000	1693.23900
3.07239	0.00000	1693.23900
3.07622	0.00000	1676.13600
3.08008	0.00000	1676.13600
3.08391	0.00000	1676.13600
3.08774	0.00000	1671.40100
3.09157	0.00000	1671.40100
3.09542	0.00000	1671.40100
3.09925	0.00000	1671.40100
3.10307	0.00000	1685.60600
3.10690	0.00000	1685.60600
3.11075	0.00000	1685.60600
3.11458	0.00000	1676.13600
3.11841	0.00000	1676.13600
3.12223	0.00000	1676.13600
3.12605	0.00000	1676.13600
3.12990	0.00000	1685.60600
3.13372	0.00000	1685.60600
3.13755	0.00000	1685.60600
3.14137	0.00000	1676.13600
3.14523	0.00000	1676.13600
3.14905	0.00000	1676.13600
3.15285	0.00000	1688.45600
3.15668	0.00000	1688.45600
3.16052	0.00000	1688.45600
3.16435	0.00000	1688.45600
3.16818	0.00000	1685.60600
3.17200	0.00000	1685.60600
3.17583	0.00000	1685.60600
3.17969	0.00000	1671.40100
3.18351	0.00000	1671.40100
3.18734	0.00000	1671.40100
3.19116	0.00000	1671.40100
3.19504	0.00000	1668.75000
3.19887	0.00000	1668.75000
3.20269	0.00000	1668.75000
3.20652	0.00000	1676.13600
3.21035	0.00000	1676.13600
3.21420	0.00000	1676.13600
3.21803	0.00000	1671.40100
3.22186	0.00000	1671.40100
3.22569	0.00000	1671.40100
3.22954	0.00000	1671.40100
3.23337	0.00000	1680.87100
3.23719	0.00000	1680.87100
3.24102	0.00000	1680.87100
3.24486	0.00000	1693.23900
3.24869	0.00000	1693.23900
3.25251	0.00000	1693.23900
3.25633	0.00000	1693.23900
3.26016	0.00000	1685.60600
3.26401	0.00000	1685.60600
3.26784	0.00000	1685.60600
3.27167	0.00000	1680.87100
3.27550	0.00000	1680.87100
3.27935	0.00000	1680.87100
3.28317	0.00000	1680.87100
3.28700	0.00000	1664.06200
3.29083	0.00000	1664.06200
3.29468	0.00000	1664.06200
3.29851	0.00000	1676.13600
3.30234	0.00000	1676.13600
3.30616	0.00000	1676.13600
3.30999	0.00000	1676.13600
3.31384	0.00000	1676.13600
3.31767	0.00000	1676.13600
3.32150	0.00000	1676.13600
3.32532	0.00000	1685.60600
3.32918	0.00000	1685.60600
3.33301	0.00000	1685.60600
3.33683	0.00000	1693.23900
3.34067	0.00000	1693.23900
3.34451	0.00000	1693.23900
3.34834	0.00000	1693.23900
3.35217	0.00000	1685.60600
3.35600	0.00000	1685.60600
3.35982	0.00000	1685.60600
3.36367	0.00000	1688.45600
3.36750	0.00000	1688.45600
3.37133	0.00000	1688.45600
3.37515	0.00000	1676.13600
3.37901	0.00000	1676.13600
3.38284	0.00000	1676.13600
3.38666	0.00000	1676.13600
3.39049	0.00000	1680.87100
3.39434	0.00000	1680.87100
3.39818	0.00000	1680.87100
3.40200	0.00000	1676.13600
3.40582	0.00000	1676.13600
3.40965	0.00000	1676.13600
3.41350	0.00000	1676.13600
3.41735	0.00000	1668.75000
3.42117	0.00000	1668.75000
3.42500	0.00000	1668.75000
3.42886	0.00000	1671.40100
3.43268	0.00000	1671.40100
3.43650	0.00000	1671.40100
3.44033	0.00000	1671.40100
3.44417	0.00000	1680.87100
3.44800	0.00000	1680.87100
3.45183	0.00000	1680.87100
3.45565	0.00000	1693.23900
3.45948	0.00000	1693.23900
3.46333	0.00000	1693.23900
3.46716	0.00000	1693.23900
3.47099	0.00000	1693.23900
3.47481	0.00000	1693.23900
3.47867	0.00000	1693.23900
3.48250	0.00000	1685.60600
3.48632	0.00000	1685.60600
3.49014	0.00000	1685.60600
3.49400	0.00000	1671.40100
3.49783	0.00000	1671.40100
3.50166	0.00000	1671.40100
3.50549	0.00000	1671.40100
3.50931	0.00000	1668.75000
3.51317	0.00000	1668.75000
3.51700	0.00000	1668.75000
3.52084	0.00000	1671.40100
3.52467	0.00000	1671.40100
3.52852	0.00000	1671.40100
3.53235	0.00000	1676.13600
3.53616	0.00000	1676.13600
3.53999	0.00000	1676.13600
3.54384	0.00000	1676.13600
3.54767	0.00000	1676.13600
3.55149	0.00000	1676.13600
3.55532	0.00000	1676.13600
3.55914	0.00000	1693.23900
3.56299	0.00000	1693.23900
3.56682	0.00000	1693.23900
3.57065	0.00000	1693.23900
3.57448	0.00000	1685.60600
3.57834	0.00000	1685.60600
3.58217	0.00000	1685.60600
3.58599	0.00000	1676.13600
3.58982	0.00000	1676.13600
3.59365	0.00000	1676.13600
3.59749	0.00000	1676.13600
3.60132	0.00000	1680.87100
3.60515	0.00000	1680.87100
3.60897	0.00000	1680.87100
3.61282	0.00000	1671.40100
3.61666	0.00000	1671.40100
3.62048	0.00000	1671.40100
3.62431	0.00000	1680.87100
3.62816	0.00000	1680.87100
3.63199	0.00000	1680.87100
3.63582	0.00000	1680.87100
3.63964	0.00000	1690.34000
3.64348	0.00000	1690.34000
3.64732	0.00000	1690.34000
3.65114	0.00000	1693.23900
3.65497	0.00000	1693.23900
3.65879	0.00000	1693.23900
3.66264	0.00000	1693.23900
3.66647	0.00000	1685.60600
3.67029	0.00000	1685.60600
3.67412	0.00000	1685.60600
3.67797	0.00000	1671.40100
3.68180	0.00000	1671.40100
3.68562	0.00000	1671.40100
3.68946	0.00000	1671.40100
3.69329	0.00000	1671.40100
3.69714	0.00000	1671.40100
3.70097	0.00000	1671.40100
3.70480	0.00000	1680.87100
3.70864	0.00000	1680.87100
3.71249	0.00000	1680.87100
3.71631	0.00000	1671.40100
3.72014	0.00000	1671.40100
3.72397	0.00000	1671.40100
3.72782	0.00000	1671.40100
3.73166	0.00000	1690.34000
3.73548	0.00000	1690.34000
3.73930	0.00000	1690.34000
3.74312	0.00000	1676.13600
3.74697	0.00000	1676.13600
3.75080	0.00000	1676.13600
3.75462	0.00000	1676.13600
3.75844	0.00000	1680.87100
3.76230	0.00000	1680.87100
3.76612	0.00000	1680.87100
3.76994	0.00000	1671.40100
3.77377	0.00000	1671.40100
3.77762	0.00000	1671.40100
3.78146	0.00000	1693.23900
3.78529	0.00000	1693.23900
3.78911	0.00000	1693.23900
3.79296	0.00000	1693.23900
3.79682	0.00000	1680.87100
3.80066	0.00000	1680.87100
3.80448	0.00000	1680.87100
3.80831	0.00000	1671.40100
3.81216	0.00000	1671.40100
3.81599	0.00000	1671.40100
3.81981	0.00000	1671.40100
3.82364	0.00000	1668.75000
3.82749	0.00000	1668.75000
3.83132	0.00000	1668.75000
3.83515	0.00000	1688.45600
3.83898	0.00000	1688.45600
3.84281	0.00000	1688.45600
3.84666	0.00000	1676.13600
3.85053	0.00000	1676.13600
3.85436	0.00000	1676.13600
3.85818	0.00000	1676.13600
3.86203	0.00000	1676.13600
3.86586	0.00000	1676.13600
3.86969	0.00000	1676.13600
3.87351	0.00000	1671.40100
3.87736	0.00000	1671.40100
3.88119	0.00000	1671.40100
3.88501	0.00000	1671.40100
3.88884	0.00000	1668.75000
3.89267	0.00000	1668.75000
3.89653	0.00000	1668.75000
3.90037	0.00000	1671.40100
3.90418	0.00000	1671.40100
3.90801	0.00000	1671.40100
3.91187	0.00000	1671.40100
3.91570	0.00000	1676.13600
3.91953	0.00000	1676.13600
3.92337	0.00000	1676.13600
3.92724	0.00000	1693.23900
3.93107	0.00000	1693.23900
3.93489	0.00000	1693.23900
3.93872	0.00000	1688.45600
3.94254	0.00000	1688.45600
3.94640	0.00000	1688.45600
3.95022	0.00000	1688.45600
3.95406	0.00000	1685.60600
3.95788	0.00000	1685.60600
3.96174	0.00000	1685.60600
3.96557	0.00000	1671.40100
3.96940	0.00000	1671.40100
3.97323	0.00000	1671.40100
3.97708	0.00000	1671.40100
3.98091	0.00000	1664.06200
3.98475	0.00000	1664.06200
3.98857	0.00000	1664.06200
3.99239	0.00000	1676.13600
3.99624	0.00000	1676.13600
4.00007	0.00000	1676.13600
4.00390	0.00000	1676.13600
4.00773	0.00000	1676.13600
4.01158	0.00000	1676.13600
4.01542	0.00000	1676.13600
4.01924	0.00000	1680.87100
4.02306	0.00000	1680.87100
4.02690	0.00000	1680.87100
4.03074	0.00000	1688.45600
4.03457	0.00000	1688.45600
4.03839	0.00000	1688.45600
4.04222	0.00000	1688.45600
4.04608	0.00000	1680.87100
4.04992	0.00000	1680.87100
4.05376	0.00000	1680.87100
4.05759	0.00000	1676.13600
4.06146	0.00000	1676.13600
4.06529	0.00000	1676.13600
4.06911	0.00000	1676.13600
4.07293	0.00000	1676.13600
4.07676	0.00000	1676.13600
4.08060	0.00000	1676.13600
4.08443	0.00000	1676.13600
4.08825	0.00000	1676.13600
4.09208	0.00000	1676.13600
4.09593	0.00000	1671.40100
4.09976	0.00000	1671.40100
4.10358	0.00000	1671.40100
4.10741	0.00000	1671.40100
4.11126	0.00000	1680.87100
4.11509	0.00000	1680.87100
4.11892	0.00000	1680.87100
4.12275	0.00000	1688.45600
4.12658	0.00000	1688.45600
4.13042	0.00000	1688.45600
4.13425	0.00000	1688.45600
4.13807	0.00000	1680.87100
4.14190	0.00000	1680.87100
4.14576	0.00000	1680.87100
4.14960	0.00000	1671.40100
4.15342	0.00000	1671.40100
4.15724	0.00000	1671.40100
4.16109	0.00000	1676.13600
4.16493	0.00000	1676.13600
4.16876	0.00000	1676.13600
4.17258	0.00000	1676.13600
4.17641	0.00000	1668.75000
4.18025	0.00000	1668.75000
4.18408	0.00000	1668.75000
4.18791	0.00000	1671.40100
4.19174	0.00000	1671.40100
4.19560	0.00000	1671.40100
4.19943	0.00000	1671.40100
4.20326	0.00000	1685.60600
4.20709	0.00000	1685.60600
4.21094	0.00000	1685.60600
4.21477	0.00000	1688.45600
4.21860	0.00000	1688.45600
4.22243	0.00000	1688.45600
4.22626	0.00000	1688.45600
4.23011	0.00000	1688.45600
4.23394	0.00000	1688.45600
4.23776	0.00000	1688.45600
4.24160	0.00000	1680.87100
4.24545	0.00000	1680.87100
4.24928	0.00000	1680.87100
4.25310	0.00000	1666.66600
4.25693	0.00000	1666.66600
4.26079	0.00000	1666.66600
4.26462	0.00000	1666.66600
4.26844	0.00000	1668.75000
4.27227	0.00000	1668.75000
4.27609	0.00000	1668.75000
4.27995	0.00000	1671.40100
4.28378	0.00000	1671.40100
4.28760	0.00000	1671.40100
4.29143	0.00000	1671.40100
4.29528	0.00000	1680.87100
4.29911	0.00000	1680.87100
4.30293	0.00000	1680.87100
4.30676	0.00000	1693.23900
4.31063	0.00000	1693.23900
4.31446	0.00000	1693.23900
4.31829	0.00000	1693.23900
4.32211	0.00000	1693.23900
4.32594	0.00000	1693.23900
4.32980	0.00000	1693.23900
4.33363	0.00000	1680.87100
4.33745	0.00000	1680.87100
4.34127	0.00000	1680.87100
4.34513	0.00000	1671.40100
4.34896	0.00000	1671.40100
4.35280	0.00000	1671.40100
4.35663	0.00000	1671.40100
4.36048	0.00000	1668.75000
4.36432	0.00000	1668.75000
4.36814	0.00000	1668.75000
4.37196	0.00000	1671.40100
4.37579	0.00000	1671.40100
4.37965	0.00000	1671.40100
4.38348	0.00000	1671.40100
4.38730	0.00000	1671.40100
4.39113	0.00000	1671.40100
4.39499	0.00000	1671.40100
4.39882	0.00000	1676.13600
4.40265	0.00000	1676.13600
4.40647	0.00000	1676.13600
4.41030	0.00000	1671.40100
4.41415	0.00000	1671.40100
4.41798	0.00000	1671.40100
4.42180	0.00000	1671.40100
4.42563	0.00000	1668.75000
4.42949	0.00000	1668.75000
4.43332	0.00000	1668.75000
4.43714	0.00000	1666.66600
4.44097	0.00000	1666.66600
4.44482	0.00000	1666.66600
4.44865	0.00000	1676.13600
4.45249	0.00000	1676.13600
4.45631	0.00000	1676.13600
4.46014	0.00000	1676.13600
4.46399	0.00000	1693.23900
4.46782	0.00000	1693.23900
4.47165	0.00000	1693.23900
4.47548	0.00000	1688.45600
4.47933	0.00000	1688.45600
4.48316	0.00000	1688.45600
4.48698	0.00000	1688.45600
4.49081	0.00000	1690.34000
4.49466	0.00000	1690.34000
4.49848	0.00000	1690.34000
4.50231	0.00000	1671.40100
4.50613	0.00000	1671.40100
4.50996	0.00000	1671.40100
4.51381	0.00000	1671.40100
4.51763	0.00000	1659.37500
4.52147	0.00000	1659.37500
4.52529	0.00000	1659.37500
4.52916	0.00000	1676.13600
4.53299	0.00000	1676.13600
4.53682	0.00000	1676.13600
4.54065	0.00000	1671.40100
4.54451	0.00000	1671.40100
4.54835	0.00000	1671.40100
4.55217	0.00000	1671.40100
4.55599	0.00000	1680.87100
4.55981	0.00000	1680.87100
4.56367	0.00000	1680.87100
4.56749	0.00000	1693.23900
4.57132	0.00000	1693.23900
4.57515	0.00000	1693.23900
4.57900	0.00000	1693.23900
4.58283	0.00000	1680.87100
4.58666	0.00000	1680.87100
4.59048	0.00000	1680.87100
4.59433	0.00000	1676.13600
4.59816	0.00000	1676.13600
4.60200	0.00000	1676.13600
4.60582	0.00000	1671.40100
4.60965	0.00000	1671.40100
4.61349	0.00000	1671.40100
4.61732	0.00000	1671.40100
4.62114	0.00000	1676.13600
4.62496	0.00000	1676.13600
4.62883	0.00000	1676.13600
4.63266	0.00000	1671.40100
4.63649	0.00000	1671.40100
4.64032	0.00000	1671.40100
4.64417	0.00000	1671.40100
4.64799	0.00000	1685.60600
4.65181	0.00000	1685.60600
4.65565	0.00000	1685.60600
4.65947	0.00000	1693.23900
4.66333	0.00000	1693.23900
4.66715	0.00000	1693.23900
4.67098	0.00000	1693.23900
4.67481	0.00000	1680.87100
4.67866	0.00000	1680.87100
4.68248	0.00000	1680.87100
4.68631	0.00000	1671.40100
4.69014	0.00000	1671.40100
4.69399	0.00000	1671.40100
4.69782	0.00000	1671.40100
4.70165	0.00000	1671.40100
4.70548	0.00000	1671.40100
4.70930	0.00000	1671.40100
4.71315	0.00000	1668.75000
4.71699	0.00000	1668.75000
4.72081	0.00000	1668.75000
4.72466	0.00000	1676.13600
4.72851	0.00000	1676.13600
4.73235	0.00000	1676.13600
4.73618	0.00000	1676.13600
4.74000	0.00000	1685.60600
4.74386	0.00000	1685.60600
4.74769	0.00000	1685.60600
4.75151	0.00000	1688.45600
4.75533	0.00000	1688.45600
4.75916	0.00000	1688.45600
4.76301	0.00000	1688.45600
4.76684	0.00000	1688.45600
4.77067	0.00000	1688.45600
4.77450	0.00000	1688.45600
4.77836	0.00000	1676.13600
4.78219	0.00000	1676.13600
4.78601	0.00000	1676.13600
4.78983	0.00000	1671.40100
4.79367	0.00000	1671.40100
4.79751	0.00000	1671.40100
4.80134	0.00000	1671.40100
4.80516	0.00000	1664.06200
4.80899	0.00000	1664.06200
4.81284	0.00000	1664.06200
4.81668	0.00000	1688.45600
4.82050	0.00000	1688.45600
4.82434	0.00000	1688.45600
4.82818	0.00000	1688.45600
4.83201	0.00000	1676.13600
4.83585	0.00000	1676.13600
4.83967	0.00000	1676.13600
4.84350	0.00000	1671.40100
4.84736	0.00000	1671.40100
4.85119	0.00000	1671.40100
4.85503	0.00000	1671.40100
4.85885	0.00000	1671.40100
4.86271	0.00000	1671.40100
4.86654	0.00000	1671.40100
4.87036	0.00000	1664.06200
4.87419	0.00000	1664.06200
4.87804	0.00000	1664.06200
4.88187	0.00000	1671.40100
4.88570	0.00000	1671.40100
4.88951	0.00000	1671.40100
4.89334	0.00000	1671.40100
4.89718	0.00000	1680.87100
4.90101	0.00000	1680.87100
4.90483	0.00000	1680.87100
4.90867	0.00000	1688.45600
4.91252	0.00000	1688.45600
4.91634	0.00000	1688.45600
4.92016	0.00000	1693.23900
4.92399	0.00000	1693.23900
4.92785	0.00000	1693.23900
4.93169	0.00000	1693.23900
4.93551	0.00000	1671.40100
4.93934	0.00000	1671.40100
4.94317	0.00000	1671.40100
4.94702	0.00000	1671.40100
4.95085	0.00000	1671.40100
4.95468	0.00000	1671.40100
4.95851	0.00000	1671.40100
4.96238	0.00000	1664.06200
4.96621	0.00000	1664.06200
4.97004	0.00000	1664.06200
4.97387	0.00000	1688.45600
4.97771	0.00000	1688.45600
4.98155	0.00000	1688.45600
4.98537	0.00000	1671.40100
4.98919	0.00000	1671.40100
4.99302	0.00000	1671.40100
4.99686	0.00000	1671.40100
5.00120	0.00000	1671.40100
5.00506	0.00000	1671.40100
5.00886	0.00000	1671.40100
5.01271	0.00000	1671.40100
5.01656	0.00000	1671.40100
5.02039	0.00000	1671.40100
5.02422	0.00000	1671.40100
5.02808	0.00000	1731.12600
5.03196	0.00000	1731.12600
5.03581	0.00000	1731.12600
5.03965	0.00000	2188.97400
5.04351	0.00000	2188.97400
5.04738	0.00000	2188.97400
5.05124	0.00000	2188.97400
5.05509	0.00000	2548.82800
5.05894	0.00000	2548.82800
5.06280	0.00000	2548.82800
5.06664	0.00000	2548.82800
5.07048	0.00000	2911.81100
5.07432	0.00000	2911.81100
5.07818	0.00000	2911.81100
5.08202	0.00000	2911.81100
5.08585	0.00000	3258.75000
5.08968	0.00000	3258.75000
5.09352	0.00000	3258.75000
5.09738	0.00000	3258.75000
5.10123	0.00000	3258.75000
5.10507	0.00000	3578.59100
5.10891	0.00000	3578.59100
5.11277	0.00000	3578.59100
5.11660	0.00000	3578.59100
5.12044	0.00000	3578.59100
5.12427	0.00000	3940.12200
5.12813	0.00000	3940.12200
5.13196	0.00000	3940.12200
5.13580	0.00000	3940.12200
5.13964	0.00000	3940.12200
5.14348	0.00000	4270.83300
5.14735	0.00000	4270.83300
5.15119	0.00000	4270.83300
5.15502	0.00000	4270.83300
5.15886	0.00000	4270.83300
5.16273	0.00000	4270.83300
5.16658	0.00000	4584.60300
5.17042	0.00000	4584.60300
5.17426	0.00000	4584.60300
5.17812	0.00000	4584.60300
5.18197	0.00000	4584.60300
5.18580	0.00000	4584.60300
5.18963	0.00000	4801.96200
5.19348	0.00000	4801.96200
5.19733	0.00000	4801.96200
5.20116	0.00000	4801.96200
5.20500	0.00000	4801.96200
5.20884	0.00000	4801.96200
5.21271	0.00000	4986.03300
5.21655	0.00000	4986.03300
5.22038	0.00000	4986.03300
5.22422	0.00000	4986.03300
5.22808	0.00000	4986.03300
5.23193	0.00000	4986.03300
5.23577	0.00000	5112.94200
5.23962	0.00000	5112.94200
5.24347	0.00000	5112.94200
5.24733	0.00000	5112.94200
5.25117	0.00000	5112.94200
5.25500	0.00000	5112.94200
5.25885	0.00000	5181.18300
5.26274	0.00000	5181.18300
5.26663	0.00000	5181.18300
5.27052	0.00000	5181.18300
5.27438	0.00000	5181.18300
5.27825	0.00000	5181.18300
5.28210	0.00000	5181.18300
5.28594	0.00000	5224.60900
5.28977	0.00000	5224.60900
5.29362	0.00000	5224.60900
5.29748	0.00000	5224.60900
5.30133	0.00000	5224.60900
5.30517	0.00000	5224.60900
5.30902	0.00000	5253.40000
5.31286	0.00000	5253.40000
5.31671	0.00000	5253.40000
5.32056	0.00000	5253.40000
5.32440	0.00000	5253.40000
5.32826	0.00000	5253.40000
5.33210	0.00000	5253.40000
5.33594	0.00000	5283.65400
5.33979	0.00000	5283.65400
5.34364	0.00000	5283.65400
5.34751	0.00000	5283.65400
5.35136	0.00000	5283.65400
5.35520	0.00000	5283.65400
5.35904	0.00000	5320.55400
5.36290	0.00000	5320.55400
5.36675	0.00000	5320.55400
5.37058	0.00000	5320.55400
5.37443	0.00000	5320.55400
5.37828	0.00000	5320.55400
5.38212	0.00000	5320.55400
5.38597	0.00000	5299.74500
5.38984	0.00000	5299.74500
5.39370	0.00000	5299.74500
5.39754	0.00000	5299.74500
5.40138	0.00000	5299.74500
5.40522	0.00000	5299.74500
5.40906	0.00000	5299.74500
5.41292	0.00000	5301.39600
5.41676	0.00000	5301.39600
5.42060	0.00000	5301.39600
5.42445	0.00000	5301.39600
5.42833	0.00000	5301.39600
5.43218	0.00000	5301.39600
5.43601	0.00000	5311.70200
5.43988	0.00000	5311.70200
5.44374	0.00000	5311.70200
5.44759	0.00000	5311.70200
5.45142	0.00000	5311.70200
5.45527	0.00000	5311.70200
5.45910	0.00000	5311.70200
5.46297	0.00000	5322.81000
5.46682	0.00000	5322.81000
5.47066	0.00000	5322.81000
5.47452	0.00000	5322.81000
5.47838	0.00000	5322.81000
5.48223	0.00000	5322.81000
5.48608	0.00000	5322.81000
5.48992	0.00000	5325.19000
5.49379	0.00000	5325.19000
5.49764	0.00000	5325.19000
5.50147	0.00000	5325.19000
5.50532	0.00000	5325.19000
5.50916	0.00000	5325.19000
5.51303	0.00000	5328.44400
5.51685	0.00000	5328.44400
5.52070	0.00000	5328.44400
5.52454	0.00000	5328.44400
5.52841	0.00000	5328.44400
5.53226	0.00000	5328.44400
5.53610	0.00000	5328.44400
5.53993	0.00000	5303.03000
5.54380	0.00000	5303.03000
5.54765	0.00000	5303.03000
5.55150	0.00000	5303.03000
5.55535	0.00000	5303.03000
5.55918	0.00000	5303.03000
5.56304	0.00000	5303.03000
5.56689	0.00000	5337.08800
5.57074	0.00000	5337.08800
5.57459	0.00000	5337.08800
5.57847	0.00000	5337.08800
5.58231	0.00000	5337.08800
5.58615	0.00000	5337.08800
5.58999	0.00000	5330.83500
5.59387	0.00000	5330.83500
5.59772	0.00000	5330.83500
5.60156	0.00000	5330.83500
5.60541	0.00000	5330.83500
5.60925	0.00000	5330.83500
5.61310	0.00000	5330.83500
5.61696	0.00000	5305.39800
5.62081	0.00000	5305.39800
5.62465	0.00000	5305.39800
5.62853	0.00000	5305.39800
5.63236	0.00000	5305.39800
5.63620	0.00000	5305.39800
5.64004	0.00000	5305.39800
5.64392	0.00000	5329.94900
5.64776	0.00000	5329.94900
5.65160	0.00000	5329.94900
5.65545	0.00000	5329.94900
5.65930	0.00000	5329.94900
5.66316	0.00000	5329.94900
5.66701	0.00000	5326.05200
5.67086	0.00000	5326.05200
5.67472	0.00000	5326.05200
5.67859	0.00000	5326.05200
5.68244	0.00000	5326.05200
5.68628	0.00000	5326.05200
5.69012	0.00000	5326.05200
5.69399	0.00000	5329.94900
5.69784	0.00000	5329.94900
5.70167	0.00000	5329.94900
5.70551	0.00000	5329.94900
5.70935	0.00000	5329.94900
5.71323	0.00000	5329.94900
5.71706	0.00000	5329.94900
5.72085	0.00000	5320.43100
5.72469	0.00000	5320.43100
5.72857	0.00000	5320.43100
5.73242	0.00000	5320.43100
5.73627	0.00000	5320.43100
5.74012	0.00000	5320.43100
5.74399	0.00000	5330.83500
5.74784	0.00000	5330.83500
5.75168	0.00000	5330.83500
5.75553	0.00000	5330.83500
5.75937	0.00000	5330.83500
5.76324	0.00000	5330.83500
5.76708	0.00000	5330.83500
5.77093	0.00000	5329.94900
5.77478	0.00000	5329.94900
5.77867	0.00000	5329.94900
5.78251	0.00000	5329.94900
5.78636	0.00000	5329.94900
5.79021	0.00000	5329.94900
5.79409	0.00000	5329.94900
5.79792	0.00000	5335.61800
5.80177	0.00000	5335.61800
5.80560	0.00000	5335.61800
5.80946	0.00000	5335.61800
5.81332	0.00000	5335.61800
5.81717	0.00000	5335.61800
5.82101	0.00000	5328.44400
5.82486	0.00000	5328.44400
5.82873	0.00000	5328.44400
5.83258	0.00000	5328.44400
5.83643	0.00000	5328.44400
5.84028	0.00000	5328.44400
5.84415	0.00000	5328.44400
5.84803	0.00000	5303.03000
5.85190	0.00000	5303.03000
5.85575	0.00000	5303.03000
5.85960	0.00000	5303.03000
5.86346	0.00000	5303.03000
5.86730	0.00000	5303.03000
5.87113	0.00000	5326.05200
5.87498	0.00000	5326.05200
5.87884	0.00000	5326.05200
5.88269	0.00000	5326.05200
5.88652	0.00000	5326.05200
5.89037	0.00000	5326.05200
5.89423	0.00000	5326.05200
5.89809	0.00000	5335.61800
5.90193	0.00000	5335.61800
5.90576	0.00000	5335.61800
5.90960	0.00000	5335.61800
5.91346	0.00000	5335.61800
5.91732	0.00000	5335.61800
5.92115	0.00000	5335.61800
5.92501	0.00000	5303.03000
5.92886	0.00000	5303.03000
5.93270	0.00000	5303.03000
5.93655	0.00000	5303.03000
5.94039	0.00000	5303.03000
5.94425	0.00000	5303.03000
5.94811	0.00000	5326.05200
5.95194	0.00000	5326.05200
5.95579	0.00000	5326.05200
5.95963	0.00000	5326.05200
5.96351	0.00000	5326.05200
5.96736	0.00000	5326.05200
5.97121	0.00000	5326.05200
5.97505	0.00000	5335.61800
5.97891	0.00000	5335.61800
5.98275	0.00000	5335.61800
5.98660	0.00000	5335.61800
5.99045	0.00000	5335.61800
5.99432	0.00000	5335.61800
5.99817	0.00000	5335.61800
6.00202	0.00000	5300.66200
6.00587	0.00000	5300.66200
6.00972	0.00000	5300.66200
6.01359	0.00000	5300.66200
6.01746	0.00000	5300.66200
6.02131	0.00000	5300.66200
6.02517	0.00000	5326.05200
6.02906	0.00000	5326.05200
6.03290	0.00000	5326.05200
6.03675	0.00000	5326.05200
6.04059	0.00000	5326.05200
6.04446	0.00000	5326.05200
6.04830	0.00000	5326.05200
6.05215	0.00000	5325.19000
6.05598	0.00000	5325.19000
6.05983	0.00000	5325.19000
6.06368	0.00000	5325.19000
6.06755	0.00000	5325.19000
6.07139	0.00000	5325.19000
6.07524	0.00000	5325.19000
6.07911	0.00000	5325.19000
6.08296	0.00000	5325.19000
6.08681	0.00000	5325.19000
6.09066	0.00000	5325.19000
6.09453	0.00000	5325.19000
6.09839	0.00000	5325.19000
6.10223	0.00000	5323.66000
6.10608	0.00000	5323.66000
6.10993	0.00000	5323.66000
6.11380	0.00000	5323.66000
6.11764	0.00000	5323.66000
6.12149	0.00000	5323.66000
6.12533	0.00000	5323.66000
6.12919	0.00000	5325.19000
6.13303	0.00000	5325.19000
6.13685	0.00000	5325.19000
6.14070	0.00000	5325.19000
6.14456	0.00000	5325.19000
6.14841	0.00000	5325.19000
6.15226	0.00000	5325.19000
6.15610	0.00000	5315.67200
6.15995	0.00000	5315.67200
6.16381	0.00000	5315.67200
6.16766	0.00000	5315.67200
6.17151	0.00000	5315.67200
6.17535	0.00000	5315.67200
6.17923	0.00000	5318.87800
6.18308	0.00000	5318.87800
6.18693	0.00000	5318.87800
6.19077	0.00000	5318.87800
6.19464	0.00000	5318.87800
6.19850	0.00000	5318.87800
6.20233	0.00000	5318.87800
6.20618	0.00000	5327.57000
6.21002	0.00000	5327.57000
6.21390	0.00000	5327.57000
6.21774	0.00000	5327.57000
6.22158	0.00000	5327.57000
6.22541	0.00000	5327.57000
6.22928	0.00000	5327.57000
6.23312	0.00000	5306.15500
6.23696	0.00000	5306.15500
6.24081	0.00000	5306.15500
6.24469	0.00000	5306.15500
6.24853	0.00000	5306.15500
6.25237	0.00000	5306.15500
6.25621	0.00000	5318.87800
6.26007	0.00000	5318.87800
6.26392	0.00000	5318.87800
6.26779	0.00000	5318.87800
6.27165	0.00000	5318.87800
6.27550	0.00000	5318.87800
6.27936	0.00000	5318.87800
6.28321	0.00000	5298.29500
6.28706	0.00000	5298.29500
6.29090	0.00000	5298.29500
6.29478	0.00000	5298.29500
6.29862	0.00000	5298.29500
6.30246	0.00000	5298.29500
6.30630	0.00000	5323.66000
6.31013	0.00000	5323.66000
6.31399	0.00000	5323.66000
6.31782	0.00000	5323.66000
6.32166	0.00000	5323.66000
6.32550	0.00000	5323.66000
6.32937	0.00000	5323.66000
6.33323	0.00000	5328.44400
6.33709	0.00000	5328.44400
6.34093	0.00000	5328.44400
6.34479	0.00000	5328.44400
6.34865	0.00000	5328.44400
6.35249	0.00000	5328.44400
6.35632	0.00000	5328.44400
6.36016	0.00000	5322.81000
6.36403	0.00000	5322.81000
6.36788	0.00000	5322.81000
6.37173	0.00000	5322.81000
6.37557	0.00000	5322.81000
6.37943	0.00000	5322.81000
6.38328	0.00000	5318.87800
6.38715	0.00000	5318.87800
6.39100	0.00000	5318.87800
6.39488	0.00000	5318.87800
6.39873	0.00000	5318.87800
6.40257	0.00000	5318.87800
6.40642	0.00000	5318.87800
6.41026	0.00000	5313.29300
6.41413	0.00000	5313.29300
6.41799	0.00000	5313.29300
6.42183	0.00000	5313.29300
6.42567	0.00000	5313.29300
6.42954	0.00000	5313.29300
6.43339	0.00000	5313.29300
6.43724	0.00000	5320.43100
6.44110	0.00000	5320.43100
6.44496	0.00000	5320.43100
6.44882	0.00000	5320.43100
6.45267	0.00000	5320.43100
6.45651	0.00000	5320.43100
6.46038	0.00000	5316.48600
6.46423	0.00000	5316.48600
6.46807	0.00000	5316.48600
6.47192	0.00000	5316.48600
6.47576	0.00000	5316.48600
6.47963	0.00000	5316.48600
6.48347	0.00000	5316.48600
6.48730	0.00000	5320.43100
6.49116	0.00000	5320.43100
6.49503	0.00000	5320.43100
6.49890	0.00000	5320.43100
6.50274	0.00000	5320.43100
6.50658	0.00000	5320.43100
6.51046	0.00000	5320.43100
6.51430	0.00000	5322.81000
6.51814	0.00000	5322.81000
6.52199	0.00000	5322.81000
6.52583	0.00000	5322.81000
6.52972	0.00000	5322.81000
6.53356	0.00000	5322.81000
6.53740	0.00000	5316.48600
6.54126	0.00000	5316.48600
6.54514	0.00000	5316.48600
6.54898	0.00000	5316.48600
6.55283	0.00000	5316.48600
6.55668	0.00000	5316.48600
6.56055	0.00000	5316.48600
6.56440	0.00000	5320.43100
6.56825	0.00000	5320.43100
6.57208	0.00000	5320.43100
6.57592	0.00000	5320.43100
6.57980	0.00000	5320.43100
6.58365	0.00000	5320.43100
6.58750	0.00000	5320.43100
6.59134	0.00000	5308.53400
6.59522	0.00000	5308.53400
6.59907	0.00000	5308.53400
6.60291	0.00000	5308.53400
6.60676	0.00000	5308.53400
6.61063	0.00000	5308.53400
6.61448	0.00000	5318.87800
6.61832	0.00000	5318.87800
6.62217	0.00000	5318.87800
6.62602	0.00000	5318.87800
6.62988	0.00000	5318.87800
6.63374	0.00000	5318.87800
6.63758	0.00000	5318.87800
6.64142	0.00000	5322.81000
6.64529	0.00000	5322.81000
6.64915	0.00000	5322.81000
6.65301	0.00000	5322.81000
6.65686	0.00000	5322.81000
6.66074	0.00000	5322.81000
6.66458	0.00000	5321.26900
6.66841	0.00000	5321.26900
6.67226	0.00000	5321.26900
6.67610	0.00000	5321.26900
6.67997	0.00000	5321.26900
6.68381	0.00000	5321.26900
6.68765	0.00000	5321.26900
6.69151	0.00000	5301.39600
6.69538	0.00000	5301.39600
6.69924	0.00000	5301.39600
6.70307	0.00000	5301.39600
6.70692	0.00000	5301.39600
6.71080	0.00000	5301.39600
6.71465	0.00000	5301.39600
6.71849	0.00000	5318.05200
6.72234	0.00000	5318.05200
6.72619	0.00000	5318.05200
6.73006	0.00000	5318.05200
6.73391	0.00000	5318.05200
6.73776	0.00000	5318.05200
6.74159	0.00000	5316.48600
6.74548	0.00000	5316.48600
6.74932	0.00000	5316.48600
6.75316	0.00000	5316.48600
6.75700	0.00000	5316.48600
6.76086	0.00000	5316.48600
6.76470	0.00000	5316.48600
6.76854	0.00000	5340.40200
6.77238	0.00000	5340.40200
6.77622	0.00000	5340.40200
6.78009	0.00000	5340.40200
6.78393	0.00000	5340.40200
6.78779	0.00000	5340.40200
6.79163	0.00000	5340.40200
6.79550	0.00000	5318.05200
6.79934	0.00000	5318.05200
6.80319	0.00000	5318.05200
6.80703	0.00000	5318.05200
6.81091	0.00000	5318.05200
6.81476	0.00000	5318.05200
6.81861	0.00000	5314.09400
6.82245	0.00000	5314.09400
6.82631	0.00000	5314.09400
6.83016	0.00000	5314.09400
6.83401	0.00000	5314.09400
6.83786	0.00000	5314.09400
6.84171	0.00000	5314.09400
6.84558	0.00000	5318.05200
6.84945	0.00000	5318.05200
6.85330	0.00000	5318.05200
6.85715	0.00000	5318.05200
6.86102	0.00000	5318.05200
6.86486	0.00000	5318.05200
6.86871	0.00000	5318.05200
6.87255	0.00000	5318.05200
6.87639	0.00000	5318.05200
6.88025	0.00000	5318.05200
6.88409	0.00000	5318.05200
6.88793	0.00000	5318.05200
6.89178	0.00000	5318.05200
6.89564	0.00000	5316.48600
6.89949	0.00000	5316.48600
6.90334	0.00000	5316.48600
6.90720	0.00000	5316.48600
6.91107	0.00000	5316.48600
6.91490	0.00000	5316.48600
6.91876	0.00000	5316.48600
6.92259	0.00000	5318.05200
6.92645	0.00000	5318.05200
6.93030	0.00000	5318.05200
6.93414	0.00000	5318.05200
6.93799	0.00000	5318.05200
6.94184	0.00000	5318.05200
6.94570	0.00000	5318.05200
6.94954	0.00000	5308.53400
6.95338	0.00000	5308.53400
6.95722	0.00000	5308.53400
6.96108	0.00000	5308.53400
6.96494	0.00000	5308.53400
6.96878	0.00000	5308.53400
6.97263	0.00000	5318.87800
6.97648	0.00000	5318.87800
6.98035	0.00000	5318.87800
6.98419	0.00000	5318.87800
6.98803	0.00000	5318.87800
6.99187	0.00000	5318.87800
6.99573	0.00000	5318.87800
6.99959	0.00000	5320.43100
7.00342	0.00000	5320.43100
7.00726	0.00000	5320.43100
7.01113	0.00000	5320.43100
7.01498	0.00000	5320.43100
7.01882	0.00000	5320.43100
7.02267	0.00000	5320.43100
7.02650	0.00000	5330.83500
7.03035	0.00000	5330.83500
7.03420	0.00000	5330.83500
7.03805	0.00000	5330.83500
7.04190	0.00000	5330.83500
7.04577	0.00000	5330.83500
7.04962	0.00000	5321.26900
7.05346	0.00000	5321.26900
7.05731	0.00000	5321.26900
7.06118	0.00000	5321.26900
7.06501	0.00000	5321.26900
7.06885	0.00000	5321.26900
7.07269	0.00000	5321.26900
7.07654	0.00000	5320.43100
7.08040	0.00000	5320.43100
7.08425	0.00000	5320.43100
7.08810	0.00000	5320.43100
7.09194	0.00000	5320.43100
7.09580	0.00000	5320.43100
7.09965	0.00000	5318.87800
7.10349	0.00000	5318.87800
7.10734	0.00000	5318.87800
7.11120	0.00000	5318.87800
7.11504	0.00000	5318.87800
7.11888	0.00000	5318.87800
7.12273	0.00000	5318.87800
7.12658	0.00000	5303.77500
7.13044	0.00000	5303.77500
7.13428	0.00000	5303.77500
7.13813	0.00000	5303.77500
7.14197	0.00000	5303.77500
7.14584	0.00000	5303.77500
7.14970	0.00000	5303.77500
7.15354	0.00000	5325.19000
7.15737	0.00000	5325.19000
7.16124	0.00000	5325.19000
7.16509	0.00000	5325.19000
7.16893	0.00000	5325.19000
7.17277	0.00000	5325.19000
7.17663	0.00000	5318.87800
7.18052	0.00000	5318.87800
7.18436	0.00000	5318.87800
7.18821	0.00000	5318.87800
7.19204	0.00000	5318.87800
7.19592	0.00000	5318.87800
7.19976	0.00000	5318.87800
7.20360	0.00000	5315.67200
7.20746	0.00000	5315.67200
7.21135	0.00000	5315.67200
7.21520	0.00000	5315.67200
7.21904	0.00000	5315.67200
7.22289	0.00000	5315.67200
7.22675	0.00000	5315.67200
7.23060	0.00000	5327.57000
7.23445	0.00000	5327.57000
7.23830	0.00000	5327.57000
7.24217	0.00000	5327.57000
7.24603	0.00000	5327.57000
7.24988	0.00000	5327.57000
7.25373	0.00000	5323.66000
7.25759	0.00000	5323.66000
7.26145	0.00000	5323.66000
7.26530	0.00000	5323.66000
7.26914	0.00000	5323.66000
7.27299	0.00000	5323.66000
7.27684	0.00000	5323.66000
7.28071	0.00000	5322.81000
7.28456	0.00000	5322.81000
7.28839	0.00000	5322.81000
7.29225	0.00000	5322.81000
7.29611	0.00000	5322.81000
7.29996	0.00000	5322.81000
7.30380	0.00000	5322.81000
7.30765	0.00000	5322.81000
7.31152	0.00000	5322.81000
7.31538	0.00000	5322.81000
7.31924	0.00000	5322.81000
7.32309	0.00000	5322.81000
7.32695	0.00000	5322.81000
7.33080	0.00000	5321.26900
7.33463	0.00000	5321.26900
7.33848	0.00000	5321.26900
7.34233	0.00000	5321.26900
7.34619	0.00000	5321.26900
7.35004	0.00000	5321.26900
7.35389	0.00000	5321.26900
7.35773	0.00000	5318.05200
7.36161	0.00000	5318.05200
7.36547	0.00000	5318.05200
7.36930	0.00000	5318.05200
7.37315	0.00000	5318.05200
7.37701	0.00000	5318.05200
7.38085	0.00000	5318.05200
7.38468	0.00000	5306.15500
7.38851	0.00000	5306.15500
7.39235	0.00000	5306.15500
7.39622	0.00000	5306.15500
7.40007	0.00000	5306.15500
7.40392	0.00000	5306.15500
7.40776	0.00000	5318.87800
7.41163	0.00000	5318.87800
7.41548	0.00000	5318.87800
7.41933	0.00000	5318.87800
7.42318	0.00000	5318.87800
7.42704	0.00000	5318.87800
7.43089	0.00000	5318.87800
7.43473	0.00000	5322.81000
7.43856	0.00000	5322.81000
7.44239	0.00000	5322.81000
7.44628	0.00000	5322.81000
7.45012	0.00000	5322.81000
7.45397	0.00000	5322.81000
7.45781	0.00000	5316.48600
7.46169	0.00000	5316.48600
7.46553	0.00000	5316.48600
7.46938	0.00000	5316.48600
7.47321	0.00000	5316.48600
7.47708	0.00000	5316.48600
7.48093	0.00000	5316.48600
7.48477	0.00000	5318.87800
7.48860	0.00000	5318.87800
7.49246	0.00000	5318.87800
7.49633	0.00000	5318.87800
7.50018	0.00000	5318.87800
7.50401	0.00000	5318.87800
7.50787	0.00000	5318.87800
7.51175	0.00000	5318.05200
7.51559	0.00000	5318.05200
7.51944	0.00000	5318.05200
7.52330	0.00000	5318.05200
7.52717	0.00000	5318.05200
7.53101	0.00000	5318.05200
7.53486	0.00000	5318.87800
7.53869	0.00000	5318.87800
7.54254	0.00000	5318.87800
7.54642	0.00000	5318.87800
7.55027	0.00000	5318.87800
7.55411	0.00000	5318.87800
7.55796	0.00000	5318.87800
7.56182	0.00000	5328.44400
7.56568	0.00000	5328.44400
7.56953	0.00000	5328.44400
7.57337	0.00000	5328.44400
7.57724	0.00000	5328.44400
7.58109	0.00000	5328.44400
7.58492	0.00000	5328.44400
7.58875	0.00000	5320.43100
7.59260	0.00000	5320.43100
7.59647	0.00000	5320.43100
7.60031	0.00000	5320.43100
7.60415	0.00000	5320.43100
7.60799	0.00000	5320.43100
7.61188	0.00000	5316.48600
7.61573	0.00000	5316.48600
7.61956	0.00000	5316.48600
7.62343	0.00000	5316.48600
7.62730	0.00000	5316.48600
7.63116	0.00000	5316.48600
7.63499	0.00000	5316.48600
7.63884	0.00000	5313.29300
7.64268	0.00000	5313.29300
7.64655	0.00000	5313.29300
7.65038	0.00000	5313.29300
7.65422	0.00000	5313.29300
7.65807	0.00000	5313.29300
7.66196	0.00000	5313.29300
7.66580	0.00000	5308.53400
7.66965	0.00000	5308.53400
7.67350	0.00000	5308.53400
7.67736	0.00000	5308.53400
7.68121	0.00000	5308.53400
7.68504	0.00000	5308.53400
7.68885	0.00000	5314.09400
7.69270	0.00000	5314.09400
7.69657	0.00000	5314.09400
7.70041	0.00000	5314.09400
7.70426	0.00000	5314.09400
7.70810	0.00000	5314.09400
7.71198	0.00000	5314.09400
7.71582	0.00000	5345.18400
7.71967	0.00000	5345.18400
7.72351	0.00000	5345.18400
7.72739	0.00000	5345.18400
7.73123	0.00000	5345.18400
7.73506	0.00000	5345.18400
7.73891	0.00000	5345.18400
7.74274	0.00000	5333.22700
7.74662	0.00000	5333.22700
7.75047	0.00000	5333.22700
7.75432	0.00000	5333.22700
7.75816	0.00000	5333.22700
7.76203	0.00000	5333.22700
7.76587	0.00000	5314.09400
7.76971	0.00000	5314.09400
7.77356	0.00000	5314.09400
7.77742	0.00000	5314.09400
7.78127	0.00000	5314.09400
7.78515	0.00000	5314.09400
7.78900	0.00000	5314.09400
7.79286	0.00000	5315.67200
7.79673	0.00000	5315.67200
7.80059	0.00000	5315.67200
7.80442	0.00000	5315.67200
7.80826	0.00000	5315.67200
7.81213	0.00000	5315.67200
7.81598	0.00000	5316.48600
7.81981	0.00000	5316.48600
7.82364	0.00000	5316.48600
7.82752	0.00000	5316.48600
7.83137	0.00000	5316.48600
7.83521	0.00000	5316.48600
7.83906	0.00000	5316.48600
7.84292	0.00000	5318.87800
7.84679	0.00000	5318.87800
7.85064	0.00000	5318.87800
7.85448	0.00000	5318.87800
7.85834	0.00000	5318.87800
7.86220	0.00000	5318.87800
7.86603	0.00000	5318.87800
7.86986	0.00000	5313.29300
7.87369	0.00000	5313.29300
7.87756	0.00000	5313.29300
7.88140	0.00000	5313.29300
7.88525	0.00000	5313.29300
7.88908	0.00000	5313.29300
7.89293	0.00000	5314.09400
7.89681	0.00000	5314.09400
7.90066	0.00000	5314.09400
7.90452	0.00000	5314.09400
7.90836	0.00000	5314.09400
7.91223	0.00000	5314.09400
7.91608	0.00000	5314.09400
7.91992	0.00000	5342.79300
7.92377	0.00000	5342.79300
7.92764	0.00000	5342.79300
7.93149	0.00000	5342.79300
7.93532	0.00000	5342.79300
7.93916	0.00000	5342.79300
7.94300	0.00000	5342.79300
7.94687	0.00000	5315.67200
7.95072	0.00000	5315.67200
7.95456	0.00000	5315.67200
7.95841	0.00000	5315.67200
7.96230	0.00000	5315.67200
7.96615	0.00000	5315.67200
7.96999	0.00000	5316.48600
7.97386	0.00000	5316.48600
7.97774	0.00000	5316.48600
7.98159	0.00000	5316.48600
7.98544	0.00000	5316.48600
7.98928	0.00000	5316.48600
7.99313	0.00000	5316.48600
7.99699	0.00000	5315.67200
8.00083	0.00000	5315.67200
8.00467	0.00000	5315.67200
8.00852	0.00000	5315.67200
8.01238	0.00000	5315.67200
8.01622	0.00000	5315.67200
8.02007	0.00000	5315.67200
8.02391	0.00000	5342.79300
8.02778	0.00000	5342.79300
8.03163	0.00000	5342.79300
8.03547	0.00000	5342.79300
8.03932	0.00000	5342.79300
8.04317	0.00000	5342.79300
8.04703	0.00000	5314.09400
8.05087	0.00000	5314.09400
8.05471	0.00000	5314.09400
8.05855	0.00000	5314.09400
8.06242	0.00000	5314.09400
8.06627	0.00000	5314.09400
8.07012	0.00000	5314.09400
8.07397	0.00000	5320.43100
8.07784	0.00000	5320.43100
8.08171	0.00000	5320.43100
8.08556	0.00000	5320.43100
8.08940	0.00000	5320.43100
8.09326	0.00000	5320.43100
8.09713	0.00000	5320.43100
8.10096	0.00000	5303.77500
8.10480	0.00000	5303.77500
8.10864	0.00000	5303.77500
8.11251	0.00000	5303.77500
8.11636	0.00000	5303.77500
8.12020	0.00000	5303.77500
8.12404	0.00000	5311.70200
8.12792	0.00000	5311.70200
8.13176	0.00000	5311.70200
8.13561	0.00000	5311.70200
8.13945	0.00000	5311.70200
8.14331	0.00000	5311.70200
8.14717	0.00000	5311.70200
8.15102	0.00000	5318.05200
8.15486	0.00000	5318.05200
8.15871	0.00000	5318.05200
8.16258	0.00000	5318.05200
8.16641	0.00000	5318.05200
8.17027	0.00000	5318.05200
8.17411	0.00000	5316.48600
8.17797	0.00000	5316.48600
8.18181	0.00000	5316.48600
8.18565	0.00000	5316.48600
8.18949	0.00000	5316.48600
8.19335	0.00000	5316.48600
8.19722	0.00000	5316.48600
8.20107	0.00000	5326.05200
8.20491	0.00000	5326.05200
8.20876	0.00000	5326.05200
8.21262	0.00000	5326.05200
8.21646	0.00000	5326.05200
8.22030	0.00000	5326.05200
8.22415	0.00000	5326.05200
8.22802	0.00000	5318.05200
8.23188	0.00000	5318.05200
8.23572	0.00000	5318.05200
8.23957	0.00000	5318.05200
8.24343	0.00000	5318.05200
8.24730	0.00000	5318.05200
8.25114	0.00000	5311.70200
8.25500	0.00000	5311.70200
8.25884	0.00000	5311.70200
8.26272	0.00000	5311.70200
8.26657	0.00000	5311.70200
8.27040	0.00000	5311.70200
8.27426	0.00000	5311.70200
8.27812	0.00000	5310.91300
8.28196	0.00000	5310.91300
8.28580	0.00000	5310.91300
8.28965	0.00000	5310.91300
8.29350	0.00000	5310.91300
8.29737	0.00000	5310.91300
8.30121	0.00000	5310.91300
8.30506	0.00000	5315.67200
8.30886	0.00000	5315.67200
8.31274	0.00000	5315.67200
8.31658	0.00000	5315.67200
8.32043	0.00000	5315.67200
8.32427	0.00000	5315.67200
8.32814	0.00000	5341.34600
8.33198	0.00000	5341.34600
8.33582	0.00000	5341.34600
8.33967	0.00000	5341.34600
8.34352	0.00000	5341.34600
8.34739	0.00000	5341.34600
8.35124	0.00000	5341.34600
8.35509	0.00000	5313.29300
8.35894	0.00000	5313.29300
8.36281	0.00000	5313.29300
8.36667	0.00000	5313.29300
8.37051	0.00000	5313.29300
8.37435	0.00000	5313.29300
8.37821	0.00000	5313.29300
8.38206	0.00000	5310.91300
8.38590	0.00000	5310.91300
8.38972	0.00000	5310.91300
8.39357	0.00000	5310.91300
8.39743	0.00000	5310.91300
8.40127	0.00000	5310.91300
8.40512	0.00000	5306.91900
8.40896	0.00000	5306.91900
8.41283	0.00000	5306.91900
8.41668	0.00000	5306.91900
8.42053	0.00000	5306.91900
8.42438	0.00000	5306.91900
8.42823	0.00000	5306.91900
8.43208	0.00000	5313.29300
8.43593	0.00000	5313.29300
8.43977	0.00000	5313.29300
8.44365	0.00000	5313.29300
8.44750	0.00000	5313.29300
8.45134	0.00000	5313.29300
8.45518	0.00000	5313.29300
8.45902	0.00000	5296.63700
8.46288	0.00000	5296.63700
8.46674	0.00000	5296.63700
8.47058	0.00000	5296.63700
8.47443	0.00000	5296.63700
8.47829	0.00000	5296.63700
8.48213	0.00000	5311.70200
8.48596	0.00000	5311.70200
8.48981	0.00000	5311.70200
8.49369	0.00000	5311.70200
8.49754	0.00000	5311.70200
8.50137	0.00000	5311.70200
8.50522	0.00000	5311.70200
8.50905	0.00000	5308.53400
8.51293	0.00000	5308.53400
8.51677	0.00000	5308.53400
8.52061	0.00000	5308.53400
8.52446	0.00000	5308.53400
8.52831	0.00000	5308.53400
8.53216	0.00000	5309.31100
8.53602	0.00000	5309.31100
8.53986	0.00000	5309.31100
8.54374	0.00000	5309.31100
8.54758	0.00000	5309.31100
8.55142	0.00000	5309.31100
8.55526	0.00000	5309.31100
8.55911	0.00000	5323.66000
8.56298	0.00000	5323.66000
8.56683	0.00000	5323.66000
8.57069	0.00000	5323.66000
8.57454	0.00000	5323.66000
8.57841	0.00000	5323.66000
8.58226	0.00000	5323.66000
8.58611	0.00000	5306.15500
8.58996	0.00000	5306.15500
8.59384	0.00000	5306.15500
8.59768	0.00000	5306.15500
8.60152	0.00000	5306.15500
8.60536	0.00000	5306.15500
8.60921	0.00000	5302.13600
8.61307	0.00000	5302.13600
8.61693	0.00000	5302.13600
8.62077	0.00000	5302.13600
8.62461	0.00000	5302.13600
8.62847	0.00000	5302.13600
8.63233	0.00000	5302.13600
8.63617	0.00000	5306.15500
8.64003	0.00000	5306.15500
8.64392	0.00000	5306.15500
8.64776	0.00000	5306.15500
8.65160	0.00000	5306.15500
8.65544	0.00000	5306.15500
8.65929	0.00000	5306.15500
8.66316	0.00000	5301.39600
8.66701	0.00000	5301.39600
8.67086	0.00000	5301.39600
8.67471	0.00000	5301.39600
8.67857	0.00000	5301.39600
8.68241	0.00000	5301.39600
8.68626	0.00000	5299.74500
8.69010	0.00000	5299.74500
8.69397	0.00000	5299.74500
8.69783	0.00000	5299.74500
8.70167	0.00000	5299.74500
8.70551	0.00000	5299.74500
8.70937	0.00000	5299.74500
8.71323	0.00000	5313.29300
8.71709	0.00000	5313.29300
8.72093	0.00000	5313.29300
8.72478	0.00000	5313.29300
8.72865	0.00000	5313.29300
8.73251	0.00000	5313.29300
8.73636	0.00000	5311.70200
8.74020	0.00000	5311.70200
8.74406	0.00000	5311.70200
8.74792	0.00000	5311.70200
8.75176	0.00000	5311.70200
8.75561	0.00000	5311.70200
8.75945	0.00000	5311.70200
8.76333	0.00000	5314.09400
8.76717	0.00000	5314.09400
8.77101	0.00000	5314.09400
8.77485	0.00000	5314.09400
8.77872	0.00000	5314.09400
8.78257	0.00000	5314.09400
8.78641	0.00000	5314.09400
8.79026	0.00000	5310.91300
8.79413	0.00000	5310.91300
8.79798	0.00000	5310.91300
8.80182	0.00000	5310.91300
8.80566	0.00000	5310.91300
8.80952	0.00000	5310.91300
8.81339	0.00000	5309.31100
8.81724	0.00000	5309.31100
8.82109	0.00000	5309.31100
8.82492	0.00000	5309.31100
8.82880	0.00000	5309.31100
8.83265	0.00000	5309.31100
8.83649	0.00000	5309.31100
8.84033	0.00000	5303.77500
8.84420	0.00000	5303.77500
8.84808	0.00000	5303.77500
8.85193	0.00000	5303.77500
8.85577	0.00000	5303.77500
8.85961	0.00000	5303.77500
8.86348	0.00000	5303.77500
8.86732	0.00000	5313.29300
8.87116	0.00000	5313.29300
8.87501	0.00000	5313.29300
8.87888	0.00000	5313.29300
8.88273	0.00000	5313.29300
8.88658	0.00000	5313.29300
8.89041	0.00000	5309.31100
8.89430	0.00000	5309.31100
8.89813	0.00000	5309.31100
8.90198	0.00000	5309.31100
8.90583	0.00000	5309.31100
8.90967	0.00000	5309.31100
8.91355	0.00000	5309.31100
8.91745	0.00000	5310.91300
8.92130	0.00000	5310.91300
8.92514	0.00000	5310.91300
8.92901	0.00000	5310.91300
8.93285	0.00000	5310.91300
8.93669	0.00000	5310.91300
8.94054	0.00000	5310.91300
8.94441	0.00000	5333.22700
8.94827	0.00000	5333.22700
8.95211	0.00000	5333.22700
8.95595	0.00000	5333.22700
8.95981	0.00000	5333.22700
8.96366	0.00000	5333.22700
8.96752	0.00000	5336.53800
8.97136	0.00000	5336.53800
8.97521	0.00000	5336.53800
8.97908	0.00000	5336.53800
8.98292	0.00000	5336.53800
8.98677	0.00000	5336.53800
8.99062	0.00000	5336.53800
8.99448	0.00000	5313.29300
8.99835	0.00000	5313.29300
9.00220	0.00000	5313.29300
9.00603	0.00000	5313.29300
9.00987	0.00000	5313.29300
9.01373	0.00000	5313.29300
9.01759	0.00000	5316.48600
9.02141	0.00000	5316.48600
9.02528	0.00000	5316.48600
9.02915	0.00000	5316.48600
9.03299	0.00000	5316.48600
9.03683	0.00000	5316.48600
9.04069	0.00000	5316.48600
9.04456	0.00000	5341.34600
9.04840	0.00000	5341.34600
9.05224	0.00000	5341.34600
9.05609	0.00000	5341.34600
9.05994	0.00000	5341.34600
9.06381	0.00000	5341.34600
9.06766	0.00000	5341.34600
9.07151	0.00000	5310.91300
9.07537	0.00000	5310.91300
9.07924	0.00000	5310.91300
9.08308	0.00000	5310.91300
9.08694	0.00000	5310.91300
9.09078	0.00000	5310.91300
9.09464	0.00000	5306.91900
9.09850	0.00000	5306.91900
9.10234	0.00000	5306.91900
9.10618	0.00000	5306.91900
9.11003	0.00000	5306.91900
9.11390	0.00000	5306.91900
9.11775	0.00000	5306.91900
9.12161	0.00000	5308.53400
9.12546	0.00000	5308.53400
9.12933	0.00000	5308.53400
9.13318	0.00000	5308.53400
9.13702	0.00000	5308.53400
9.14086	0.00000	5308.53400
9.14473	0.00000	5308.53400
9.14858	0.00000	5310.91300
9.15241	0.00000	5310.91300
9.15626	0.00000	5310.91300
9.16011	0.00000	5310.91300
9.16398	0.00000	5310.91300
9.16783	0.00000	5310.91300
9.17168	0.00000	5302.13600
9.17553	0.00000	5302.13600
9.17940	0.00000	5302.13600
9.18324	0.00000	5302.13600
9.18708	0.00000	5302.13600
9.19093	0.00000	5302.13600
9.19481	0.00000	5302.13600
9.19867	0.00000	5306.15500
9.20253	0.00000	5306.15500
9.20635	0.00000	5306.15500
9.21021	0.00000	5306.15500
9.21406	0.00000	5306.15500
9.21791	0.00000	5306.15500
9.22176	0.00000	5306.15500
9.22559	0.00000	5321.26900
9.22945	0.00000	5321.26900
9.23330	0.00000	5321.26900
9.23715	0.00000	5321.26900
9.24099	0.00000	5321.26900
9.24484	0.00000	5321.26900
9.24869	0.00000	5304.52800
9.25253	0.00000	5304.52800
9.25639	0.00000	5304.52800
9.26025	0.00000	5304.52800
9.26409	0.00000	5304.52800
9.26794	0.00000	5304.52800
9.27178	0.00000	5304.52800
9.27563	0.00000	5306.15500
9.27950	0.00000	5306.15500
9.28334	0.00000	5306.15500
9.28719	0.00000	5306.15500
9.29103	0.00000	5306.15500
9.29491	0.00000	5306.15500
9.29876	0.00000	5306.91900
9.30259	0.00000	5306.91900
9.30642	0.00000	5306.91900
9.31031	0.00000	5306.91900
9.31417	0.00000	5306.91900
9.31801	0.00000	5306.91900
9.32185	0.00000	5306.91900
9.32569	0.00000	5314.09400
9.32956	0.00000	5314.09400
9.33342	0.00000	5314.09400
9.33726	0.00000	5314.09400
9.34110	0.00000	5314.09400
9.34497	0.00000	5314.09400
9.34884	0.00000	5314.09400
9.35269	0.00000	5340.40200
9.35653	0.00000	5340.40200
9.36040	0.00000	5340.40200
9.36424	0.00000	5340.40200
9.36809	0.00000	5340.40200
9.37193	0.00000	5340.40200
9.37578	0.00000	5309.31100
9.37965	0.00000	5309.31100
9.38351	0.00000	5309.31100
9.38734	0.00000	5309.31100
9.39118	0.00000	5309.31100
9.39508	0.00000	5309.31100
9.39892	0.00000	5309.31100
9.40277	0.00000	5313.29300
9.40661	0.00000	5313.29300
9.41049	0.00000	5313.29300
9.41434	0.00000	5313.29300
9.41819	0.00000	5313.29300
9.42203	0.00000	5313.29300
9.42586	0.00000	5313.29300
9.42973	0.00000	5310.91300
9.43358	0.00000	5310.91300
9.43742	0.00000	5310.91300
9.44126	0.00000	5310.91300
9.44513	0.00000	5310.91300
9.44897	0.00000	5310.91300
9.45281	0.00000	5311.70200
9.45667	0.00000	5311.70200
9.46052	0.00000	5311.70200
9.46438	0.00000	5311.70200
9.46822	0.00000	5311.70200
9.47206	0.00000	5311.70200
9.47590	0.00000	5311.70200
9.47977	0.00000	5313.29300
9.48362	0.00000	5313.29300
9.48747	0.00000	5313.29300
9.49134	0.00000	5313.29300
9.49523	0.00000	5313.29300
9.49906	0.00000	5313.29300
9.50290	0.00000	5313.29300
9.50673	0.00000	5333.22700
9.51060	0.00000	5333.22700
9.51444	0.00000	5333.22700
9.51828	0.00000	5333.22700
9.52212	0.00000	5333.22700
9.52596	0.00000	5333.22700
9.52982	0.00000	5338.94200
9.53367	0.00000	5338.94200
9.53751	0.00000	5338.94200
9.54137	0.00000	5338.94200
9.54523	0.00000	5338.94200
9.54909	0.00000	5338.94200
9.55293	0.00000	5338.94200
9.55678	0.00000	5310.91300
9.56067	0.00000	5310.91300
9.56452	0.00000	5310.91300
9.56835	0.00000	5310.91300
9.57219	0.00000	5310.91300
9.57603	0.00000	5310.91300
9.57992	0.00000	5314.09400
9.58375	0.00000	5314.09400
9.58760	0.00000	5314.09400
9.59145	0.00000	5314.09400
9.59534	0.00000	5314.09400
9.59917	0.00000	5314.09400
9.60301	0.00000	5314.09400
9.60687	0.00000	5314.09400
9.61075	0.00000	5314.09400
9.61460	0.00000	5314.09400
9.61845	0.00000	5314.09400
9.62231	0.00000	5314.09400
9.62615	0.00000	5314.09400
9.63002	0.00000	5314.09400
9.63386	0.00000	5313.29300
9.63770	0.00000	5313.29300
9.64154	0.00000	5313.29300
9.64541	0.00000	5313.29300
9.64925	0.00000	5313.29300
9.65310	0.00000	5313.29300
9.65694	0.00000	5311.70200
9.66082	0.00000	5311.70200
9.66468	0.00000	5311.70200
9.66851	0.00000	5311.70200
9.67234	0.00000	5311.70200
9.67620	0.00000	5311.70200
9.68006	0.00000	5311.70200
9.68391	0.00000	5308.53400
9.68776	0.00000	5308.53400
9.69160	0.00000	5308.53400
9.69547	0.00000	5308.53400
9.69931	0.00000	5308.53400
9.70315	0.00000	5308.53400
9.70699	0.00000	5308.53400
9.71086	0.00000	5313.29300
9.71470	0.00000	5313.29300
9.71855	0.00000	5313.29300
9.72239	0.00000	5313.29300
9.72623	0.00000	5313.29300
9.73010	0.00000	5313.29300
9.73394	0.00000	5304.52800
9.73779	0.00000	5304.52800
9.74163	0.00000	5304.52800
9.74550	0.00000	5304.52800
9.74935	0.00000	5304.52800
9.75319	0.00000	5304.52800
9.75703	0.00000	5304.52800
9.76086	0.00000	5310.91300
9.76470	0.00000	5310.91300
9.76855	0.00000	5310.91300
9.77239	0.00000	5310.91300
9.77625	0.00000	5310.91300
9.78011	0.00000	5310.91300
9.78396	0.00000	5310.91300
9.78780	0.00000	5310.91300
9.79166	0.00000	5310.91300
9.79553	0.00000	5310.91300
9.79938	0.00000	5310.91300
9.80322	0.00000	5310.91300
9.80706	0.00000	5310.91300
9.81095	0.00000	5334.13500
9.81479	0.00000	5334.13500
9.81864	0.00000	5334.13500
9.82248	0.00000	5334.13500
9.82632	0.00000	5334.13500
9.83020	0.00000	5334.13500
9.83405	0.00000	5334.13500
9.83788	0.00000	5308.53400
9.84172	0.00000	5308.53400
9.84559	0.00000	5308.53400
9.84946	0.00000	5308.53400
9.85333	0.00000	5308.53400
9.85718	0.00000	5308.53400
9.86105	0.00000	5336.53800
9.86485	0.00000	5336.53800
9.86871	0.00000	5336.53800
9.87254	0.00000	5336.53800
9.87640	0.00000	5336.53800
9.88027	0.00000	5336.53800
9.88412	0.00000	5336.53800
9.88795	0.00000	5309.31100
9.89180	0.00000	5309.31100
9.89565	0.00000	5309.31100
9.89950	0.00000	5309.31100
9.90334	0.00000	5309.31100
9.90718	0.00000	5309.31100
9.91105	0.00000	5309.31100
9.91490	0.00000	5308.53400
9.91874	0.00000	5308.53400
9.92258	0.00000	5308.53400
9.92642	0.00000	5308.53400
9.93029	0.00000	5308.53400
9.93414	0.00000	5308.53400
9.93798	0.00000	5309.31100
9.94184	0.00000	5309.31100
9.94572	0.00000	5309.31100
9.94957	0.00000	5309.31100
9.95341	0.00000	5309.31100
9.95726	0.00000	5309.31100
9.96113	0.00000	5309.31100
9.96498	0.00000	5326.05200
9.96882	0.00000	5326.05200
9.97267	0.00000	5326.05200
9.97652	0.00000	5326.05200
9.98039	0.00000	5326.05200
9.98423	0.00000	5326.05200
9.98807	0.00000	5326.05200
9.99192	0.00000	5308.53400
9.99580	0.00000	5308.53400
9.99964	0.00000	5308.53400
