Time (s)   Thrust (N)   RPM
0.00032	0.00000	4662.08500
0.00420	0.00000	4662.08500
0.00808	0.00000	4662.08500
0.01199	0.00000	4662.08500
0.01584	0.00000	4662.08500
0.01968	0.00000	4662.08500
0.02366	0.00000	4662.08500
0.02755	0.00000	4662.08500
0.03139	0.00000	4662.08500
0.03523	0.00000	4662.08500
0.03908	0.00000	4476.56200
0.04294	0.00000	4476.56200
0.04677	0.00000	4476.56200
0.05063	0.00000	4476.56200
0.05448	0.00000	4476.56200
0.05835	0.00000	4476.56200
0.06218	0.00000	4265.00800
0.06600	0.00000	4265.00800
0.06984	0.00000	4265.00800
0.07367	0.00000	4265.00800
0.07752	0.00000	4265.00800
0.08135	0.00000	4058.21900
0.08518	0.00000	4058.21900
0.08900	0.00000	4058.21900
0.09285	0.00000	4058.21900
0.09669	0.00000	3879.65400
0.10051	0.00000	3879.65400
0.10433	0.00000	3879.65400
0.10816	0.00000	3879.65400
0.11200	0.00000	3879.65400
0.11584	0.00000	3726.22300
0.11967	0.00000	3726.22300
0.12353	0.00000	3726.22300
0.12739	0.00000	3726.22300
0.13121	0.00000	3726.22300
0.13504	0.00000	3603.07800
0.13887	0.00000	3603.07800
0.14273	0.00000	3603.07800
0.14656	0.00000	3603.07800
0.15039	0.00000	3463.74000
0.15422	0.00000	3463.74000
0.15806	0.00000	3463.74000
0.16192	0.00000	3463.74000
0.16576	0.00000	3463.74000
0.16958	0.00000	3350.29000
0.17340	0.00000	3350.29000
0.17726	0.00000	3350.29000
0.18109	0.00000	3350.29000
0.18492	0.00000	3251.48800
0.18875	0.00000	3251.48800
0.19262	0.00000	3251.48800
0.19645	0.00000	3251.48800
0.20027	0.00000	3185.97500
0.20410	0.00000	3185.97500
0.20793	0.00000	3185.97500
0.21178	0.00000	3185.97500
0.21561	0.00000	3085.29700
0.21945	0.00000	3085.29700
0.22329	0.00000	3085.29700
0.22714	0.00000	3085.29700
0.23098	0.00000	2986.82800
0.23481	0.00000	2986.82800
0.23864	0.00000	2986.82800
0.24250	0.00000	2986.82800
0.24633	0.00000	2986.82800
0.25015	0.00000	2926.73300
0.25398	0.00000	2926.73300
0.25782	0.00000	2926.73300
0.26167	0.00000	2926.73300
0.26550	0.00000	2852.22400
0.26933	0.00000	2852.22400
0.27315	0.00000	2852.22400
0.27702	0.00000	2852.22400
0.28085	0.00000	2780.44800
0.28468	0.00000	2780.44800
0.28851	0.00000	2780.44800
0.29236	0.00000	2780.44800
0.29619	0.00000	2719.55800
0.30002	0.00000	2719.55800
0.30385	0.00000	2719.55800
0.30768	0.00000	2680.92100
0.31152	0.00000	2680.92100
0.31535	0.00000	2680.92100
0.31918	0.00000	2680.92100
0.32301	0.00000	2634.12600
0.32687	0.00000	2634.12600
0.33070	0.00000	2634.12600
0.33454	0.00000	2634.12600
0.33837	0.00000	2576.05100
0.34223	0.00000	2576.05100
0.34606	0.00000	2576.05100
0.34989	0.00000	2576.05100
0.35371	0.00000	2544.64200
0.35755	0.00000	2544.64200
0.36140	0.00000	2544.64200
0.36523	0.00000	2544.64200
0.36905	0.00000	2486.04900
0.37288	0.00000	2486.04900
0.37673	0.00000	2486.04900
0.38056	0.00000	2486.04900
0.38439	0.00000	2453.54700
0.38822	0.00000	2453.54700
0.39207	0.00000	2453.54700
0.39592	0.00000	2453.54700
0.39974	0.00000	2411.93100
0.40356	0.00000	2411.93100
0.40739	0.00000	2411.93100
0.41125	0.00000	2382.45400
0.41507	0.00000	2382.45400
0.41890	0.00000	2382.45400
0.42272	0.00000	2382.45400
0.42657	0.00000	2356.65100
0.43041	0.00000	2356.65100
0.43423	0.00000	2356.65100
0.43805	0.00000	2356.65100
0.44190	0.00000	2309.34600
0.44574	0.00000	2309.34600
0.44956	0.00000	2309.34600
0.45339	0.00000	2278.64500
0.45721	0.00000	2278.64500
0.46108	0.00000	2278.64500
0.46492	0.00000	2278.64500
0.46874	0.00000	2260.51400
0.47257	0.00000	2260.51400
0.47642	0.00000	2260.51400
0.48025	0.00000	2260.51400
0.48407	0.00000	2238.60900
0.48790	0.00000	2238.60900
0.49175	0.00000	2238.60900
0.49559	0.00000	2238.60900
0.49942	0.00000	2215.50700
0.50323	0.00000	2215.50700
0.50706	0.00000	2215.50700
0.51092	0.00000	2180.12900
0.51475	0.00000	2180.12900
0.51858	0.00000	2180.12900
0.52240	0.00000	2180.12900
0.52626	0.00000	2166.86300
0.53009	0.00000	2166.86300
0.53391	0.00000	2166.86300
0.53772	0.00000	2122.64100
0.54157	0.00000	2122.64100
0.54541	0.00000	2122.64100
0.54924	0.00000	2122.64100
0.55306	0.00000	2116.07100
0.55690	0.00000	2116.07100
0.56075	0.00000	2116.07100
0.56458	0.00000	2116.07100
0.56841	0.00000	2107.14300
0.57225	0.00000	2107.14300
0.57611	0.00000	2107.14300
0.57994	0.00000	2082.33100
0.58377	0.00000	2082.33100
0.58759	0.00000	2082.33100
0.59142	0.00000	2082.33100
0.59527	0.00000	2058.03500
0.59907	0.00000	2058.03500
0.60290	0.00000	2058.03500
0.60672	0.00000	2058.03500
0.61057	0.00000	2046.27400
0.61440	0.00000	2046.27400
0.61822	0.00000	2046.27400
0.62205	0.00000	2043.38600
0.62591	0.00000	2043.38600
0.62974	0.00000	2043.38600
0.63356	0.00000	2043.38600
0.63738	0.00000	2014.72300
0.64122	0.00000	2014.72300
0.64507	0.00000	2014.72300
0.64889	0.00000	2006.97800
0.65272	0.00000	2006.97800
0.65655	0.00000	2006.97800
0.66040	0.00000	2006.97800
0.66423	0.00000	1978.66500
0.66806	0.00000	1978.66500
0.67188	0.00000	1978.66500
0.67573	0.00000	1966.01900
0.67957	0.00000	1966.01900
0.68340	0.00000	1966.01900
0.68721	0.00000	1966.01900
0.69105	0.00000	1947.11500
0.69491	0.00000	1947.11500
0.69873	0.00000	1947.11500
0.70256	0.00000	1962.31600
0.70639	0.00000	1962.31600
0.71024	0.00000	1962.31600
0.71407	0.00000	1962.31600
0.71789	0.00000	1943.93300
0.72171	0.00000	1943.93300
0.72556	0.00000	1943.93300
0.72939	0.00000	1943.93300
0.73321	0.00000	1934.74200
0.73704	0.00000	1934.74200
0.74086	0.00000	1934.74200
0.74471	0.00000	1916.36000
0.74853	0.00000	1916.36000
0.75235	0.00000	1916.36000
0.75618	0.00000	1916.36000
0.76003	0.00000	1907.16900
0.76386	0.00000	1907.16900
0.76769	0.00000	1907.16900
0.77151	0.00000	1907.48700
0.77536	0.00000	1907.48700
0.77920	0.00000	1907.48700
0.78302	0.00000	1907.48700
0.78685	0.00000	1888.78600
0.79067	0.00000	1888.78600
0.79452	0.00000	1888.78600
0.79835	0.00000	1870.40400
0.80218	0.00000	1870.40400
0.80600	0.00000	1870.40400
0.80986	0.00000	1870.40400
0.81369	0.00000	1865.80800
0.81752	0.00000	1865.80800
0.82134	0.00000	1865.80800
0.82520	0.00000	1861.07600
0.82904	0.00000	1861.07600
0.83287	0.00000	1861.07600
0.83670	0.00000	1861.07600
0.84052	0.00000	1870.35800
0.84437	0.00000	1870.35800
0.84820	0.00000	1870.35800
0.85210	0.00000	1842.51200
0.85613	0.00000	1842.51200
0.86005	0.00000	1842.51200
0.86390	0.00000	1837.87100
0.86773	0.00000	1837.87100
0.87157	0.00000	1837.87100
0.87543	0.00000	1837.87100
0.87926	0.00000	1828.58900
0.88307	0.00000	1828.58900
0.88690	0.00000	1828.58900
0.89072	0.00000	1819.30700
0.89458	0.00000	1819.30700
0.89841	0.00000	1819.30700
0.90223	0.00000	1819.30700
0.90607	0.00000	1814.66500
0.90993	0.00000	1814.66500
0.91376	0.00000	1814.66500
0.91758	0.00000	1800.74200
0.92142	0.00000	1800.74200
0.92529	0.00000	1800.74200
0.92913	0.00000	1800.74200
0.93296	0.00000	1805.38300
0.93678	0.00000	1805.38300
0.94061	0.00000	1805.38300
0.94446	0.00000	1809.37500
0.94830	0.00000	1809.37500
0.95212	0.00000	1809.37500
0.95594	0.00000	1809.37500
0.95980	0.00000	1796.10100
0.96362	0.00000	1796.10100
0.96745	0.00000	1796.10100
0.97127	0.00000	1777.53700
0.97513	0.00000	1777.53700
0.97897	0.00000	1777.53700
0.98280	0.00000	1777.53700
0.98666	0.00000	1782.17800
0.99050	0.00000	1782.17800
0.99438	0.00000	1782.17800
0.99823	0.00000	1785.93700
1.00205	0.00000	1785.93700
1.00588	0.00000	1785.93700
1.00973	0.00000	1785.93700
1.01356	0.00000	1790.62500
1.01738	0.00000	1790.62500
1.02122	0.00000	1790.62500
1.02510	0.00000	1776.56200
1.02893	0.00000	1776.56200
1.03276	0.00000	1776.56200
1.03658	0.00000	1776.56200
1.04041	0.00000	1781.25000
1.04426	0.00000	1781.25000
1.04809	0.00000	1781.25000
1.05192	0.00000	1762.50000
1.05574	0.00000	1762.50000
1.05959	0.00000	1762.50000
1.06343	0.00000	1762.50000
1.06726	0.00000	1762.50000
1.07108	0.00000	1762.50000
1.07495	0.00000	1762.50000
1.07878	0.00000	1775.56800
1.08262	0.00000	1775.56800
1.08646	0.00000	1775.56800
1.09028	0.00000	1748.43700
1.09414	0.00000	1748.43700
1.09797	0.00000	1748.43700
1.10180	0.00000	1748.43700
1.10562	0.00000	1757.81200
1.10947	0.00000	1757.81200
1.11331	0.00000	1757.81200
1.11713	0.00000	1761.36300
1.12095	0.00000	1761.36300
1.12478	0.00000	1761.36300
1.12863	0.00000	1761.36300
1.13246	0.00000	1735.76700
1.13629	0.00000	1735.76700
1.14011	0.00000	1735.76700
1.14397	0.00000	1739.06200
1.14780	0.00000	1739.06200
1.15162	0.00000	1739.06200
1.15545	0.00000	1739.06200
1.15930	0.00000	1739.06200
1.16314	0.00000	1739.06200
1.16698	0.00000	1739.06200
1.17080	0.00000	1729.68700
1.17463	0.00000	1729.68700
1.17849	0.00000	1729.68700
1.18232	0.00000	1725.00000
1.18614	0.00000	1725.00000
1.18997	0.00000	1725.00000
1.19382	0.00000	1725.00000
1.19765	0.00000	1725.00000
1.20148	0.00000	1725.00000
1.20532	0.00000	1725.00000
1.20918	0.00000	1720.31200
1.21302	0.00000	1720.31200
1.21685	0.00000	1720.31200
1.22067	0.00000	1720.31200
1.22450	0.00000	1729.68700
1.22835	0.00000	1729.68700
1.23218	0.00000	1729.68700
1.23600	0.00000	1715.62500
1.23983	0.00000	1715.62500
1.24368	0.00000	1715.62500
1.24751	0.00000	1715.62500
1.25135	0.00000	1725.00000
1.25518	0.00000	1725.00000
1.25902	0.00000	1725.00000
1.26287	0.00000	1710.93700
1.26671	0.00000	1710.93700
1.27053	0.00000	1710.93700
1.27436	0.00000	1710.93700
1.27822	0.00000	1732.95400
1.28204	0.00000	1732.95400
1.28587	0.00000	1732.95400
1.28969	0.00000	1723.48400
1.29354	0.00000	1723.48400
1.29737	0.00000	1723.48400
1.30119	0.00000	1723.48400
1.30503	0.00000	1723.48400
1.30889	0.00000	1723.48400
1.31271	0.00000	1723.48400
1.31654	0.00000	1715.62500
1.32036	0.00000	1715.62500
1.32419	0.00000	1715.62500
1.32803	0.00000	1696.87500
1.33187	0.00000	1696.87500
1.33569	0.00000	1696.87500
1.33951	0.00000	1696.87500
1.34336	0.00000	1710.93700
1.34720	0.00000	1710.93700
1.35102	0.00000	1710.93700
1.35486	0.00000	1718.75000
1.35871	0.00000	1718.75000
1.36255	0.00000	1718.75000
1.36637	0.00000	1718.75000
1.37019	0.00000	1696.87500
1.37402	0.00000	1696.87500
1.37787	0.00000	1696.87500
1.38170	0.00000	1696.87500
1.38552	0.00000	1696.87500
1.38935	0.00000	1696.87500
1.39320	0.00000	1709.28000
1.39704	0.00000	1709.28000
1.40086	0.00000	1709.28000
1.40469	0.00000	1709.28000
1.40854	0.00000	1714.01500
1.41238	0.00000	1714.01500
1.41620	0.00000	1714.01500
1.42003	0.00000	1709.28000
1.42385	0.00000	1709.28000
1.42771	0.00000	1709.28000
1.43154	0.00000	1709.28000
1.43536	0.00000	1714.01500
1.43919	0.00000	1714.01500
1.44304	0.00000	1714.01500
1.44688	0.00000	1704.54500
1.45070	0.00000	1704.54500
1.45453	0.00000	1704.54500
1.45838	0.00000	1704.54500
1.46221	0.00000	1709.28000
1.46604	0.00000	1709.28000
1.46986	0.00000	1709.28000
1.47369	0.00000	1699.81000
1.47754	0.00000	1699.81000
1.48138	0.00000	1699.81000
1.48520	0.00000	1699.81000
1.48902	0.00000	1699.81000
1.49288	0.00000	1699.81000
1.49671	0.00000	1699.81000
1.50054	0.00000	1709.28000
1.50434	0.00000	1709.28000
1.50820	0.00000	1709.28000
1.51204	0.00000	1699.81000
1.51586	0.00000	1699.81000
1.51969	0.00000	1699.81000
1.52351	0.00000	1699.81000
1.52736	0.00000	1709.28000
1.53119	0.00000	1709.28000
1.53501	0.00000	1709.28000
1.53885	0.00000	1699.81000
1.54270	0.00000	1699.81000
1.54654	0.00000	1699.81000
1.55036	0.00000	1699.81000
1.55418	0.00000	1704.54500
1.55801	0.00000	1704.54500
1.56186	0.00000	1704.54500
1.56569	0.00000	1699.81000
1.56951	0.00000	1699.81000
1.57334	0.00000	1699.81000
1.57719	0.00000	1695.07500
1.58102	0.00000	1695.07500
1.58485	0.00000	1695.07500
1.58867	0.00000	1695.07500
1.59253	0.00000	1692.18700
1.59636	0.00000	1692.18700
1.60018	0.00000	1692.18700
1.60401	0.00000	1695.07500
1.60785	0.00000	1695.07500
1.61169	0.00000	1695.07500
1.61551	0.00000	1695.07500
1.61934	0.00000	1699.81000
1.62317	0.00000	1699.81000
1.62702	0.00000	1699.81000
1.63086	0.00000	1712.37200
1.63470	0.00000	1712.37200
1.63853	0.00000	1712.37200
1.64238	0.00000	1690.34000
1.64621	0.00000	1690.34000
1.65003	0.00000	1690.34000
1.65386	0.00000	1690.34000
1.65770	0.00000	1695.07500
1.66154	0.00000	1695.07500
1.66537	0.00000	1695.07500
1.66919	0.00000	1690.34000
1.67303	0.00000	1690.34000
1.67688	0.00000	1690.34000
1.68070	0.00000	1690.34000
1.68452	0.00000	1695.07500
1.68835	0.00000	1695.07500
1.69220	0.00000	1695.07500
1.69604	0.00000	1690.34000
1.69986	0.00000	1690.34000
1.70368	0.00000	1690.34000
1.70752	0.00000	1690.34000
1.71137	0.00000	1699.81000
1.71520	0.00000	1699.81000
1.71903	0.00000	1699.81000
1.72285	0.00000	1685.60600
1.72671	0.00000	1685.60600
1.73054	0.00000	1685.60600
1.73436	0.00000	1685.60600
1.73819	0.00000	1685.60600
1.74204	0.00000	1685.60600
1.74587	0.00000	1685.60600
1.74969	0.00000	1690.34000
1.75351	0.00000	1690.34000
1.75734	0.00000	1690.34000
1.76120	0.00000	1685.60600
1.76502	0.00000	1685.60600
1.76885	0.00000	1685.60600
1.77267	0.00000	1685.60600
1.77653	0.00000	1699.81000
1.78036	0.00000	1699.81000
1.78418	0.00000	1699.81000
1.78802	0.00000	1685.60600
1.79187	0.00000	1685.60600
1.79570	0.00000	1685.60600
1.79953	0.00000	1685.60600
1.80335	0.00000	1690.34000
1.80718	0.00000	1690.34000
1.81104	0.00000	1690.34000
1.81488	0.00000	1702.80600
1.81871	0.00000	1702.80600
1.82254	0.00000	1702.80600
1.82640	0.00000	1680.87100
1.83023	0.00000	1680.87100
1.83406	0.00000	1680.87100
1.83788	0.00000	1680.87100
1.84174	0.00000	1695.07500
1.84557	0.00000	1695.07500
1.84940	0.00000	1695.07500
1.85322	0.00000	1698.02300
1.85704	0.00000	1698.02300
1.86089	0.00000	1698.02300
1.86472	0.00000	1698.02300
1.86855	0.00000	1690.34000
1.87238	0.00000	1690.34000
1.87623	0.00000	1690.34000
1.88005	0.00000	1685.60600
1.88388	0.00000	1685.60600
1.88770	0.00000	1685.60600
1.89155	0.00000	1698.02300
1.89538	0.00000	1698.02300
1.89920	0.00000	1698.02300
1.90302	0.00000	1698.02300
1.90685	0.00000	1690.34000
1.91071	0.00000	1690.34000
1.91454	0.00000	1690.34000
1.91836	0.00000	1685.60600
1.92218	0.00000	1685.60600
1.92605	0.00000	1685.60600
1.92989	0.00000	1685.60600
1.93372	0.00000	1690.34000
1.93754	0.00000	1690.34000
1.94137	0.00000	1690.34000
1.94521	0.00000	1680.87100
1.94904	0.00000	1680.87100
1.95287	0.00000	1680.87100
1.95670	0.00000	1680.87100
1.96055	0.00000	1673.43700
1.96439	0.00000	1673.43700
1.96822	0.00000	1673.43700
1.97205	0.00000	1676.13600
1.97591	0.00000	1676.13600
1.97975	0.00000	1676.13600
1.98360	0.00000	1680.87100
1.98744	0.00000	1680.87100
1.99130	0.00000	1680.87100
1.99515	0.00000	1680.87100
1.99898	0.00000	1678.12500
2.00280	0.00000	1678.12500
2.00663	0.00000	1678.12500
2.01048	0.00000	1680.87100
2.01431	0.00000	1680.87100
2.01814	0.00000	1680.87100
2.02196	0.00000	1680.87100
2.02582	0.00000	1678.12500
2.02965	0.00000	1678.12500
2.03347	0.00000	1678.12500
2.03729	0.00000	1676.13600
2.04112	0.00000	1676.13600
2.04496	0.00000	1676.13600
2.04879	0.00000	1680.87100
2.05261	0.00000	1680.87100
2.05643	0.00000	1680.87100
2.06029	0.00000	1680.87100
2.06412	0.00000	1685.60600
2.06795	0.00000	1685.60600
2.07178	0.00000	1685.60600
2.07564	0.00000	1693.23900
2.07946	0.00000	1693.23900
2.08329	0.00000	1693.23900
2.08707	0.00000	1693.23900
2.09090	0.00000	1690.34000
2.09475	0.00000	1690.34000
2.09858	0.00000	1690.34000
2.10241	0.00000	1680.87100
2.10624	0.00000	1680.87100
2.11009	0.00000	1680.87100
2.11392	0.00000	1680.87100
2.11774	0.00000	1685.60600
2.12157	0.00000	1685.60600
2.12542	0.00000	1685.60600
2.12926	0.00000	1685.60600
2.13308	0.00000	1685.60600
2.13690	0.00000	1685.60600
2.14073	0.00000	1680.87100
2.14458	0.00000	1680.87100
2.14841	0.00000	1680.87100
2.15223	0.00000	1680.87100
2.15606	0.00000	1673.43700
2.15991	0.00000	1673.43700
2.16374	0.00000	1673.43700
2.16757	0.00000	1680.87100
2.17140	0.00000	1680.87100
2.17525	0.00000	1680.87100
2.17908	0.00000	1680.87100
2.18290	0.00000	1673.43700
2.18671	0.00000	1673.43700
2.19054	0.00000	1673.43700
2.19439	0.00000	1680.87100
2.19822	0.00000	1680.87100
2.20205	0.00000	1680.87100
2.20589	0.00000	1680.87100
2.20974	0.00000	1680.87100
2.21358	0.00000	1680.87100
2.21740	0.00000	1680.87100
2.22122	0.00000	1698.02300
2.22509	0.00000	1698.02300
2.22892	0.00000	1698.02300
2.23274	0.00000	1680.87100
2.23656	0.00000	1680.87100
2.24038	0.00000	1680.87100
2.24424	0.00000	1680.87100
2.24806	0.00000	1690.34000
2.25189	0.00000	1690.34000
2.25572	0.00000	1690.34000
2.25957	0.00000	1693.23900
2.26340	0.00000	1693.23900
2.26722	0.00000	1693.23900
2.27105	0.00000	1693.23900
2.27491	0.00000	1690.34000
2.27875	0.00000	1690.34000
2.28257	0.00000	1690.34000
2.28640	0.00000	1680.87100
2.29022	0.00000	1680.87100
2.29407	0.00000	1680.87100
2.29791	0.00000	1702.80600
2.30174	0.00000	1702.80600
2.30557	0.00000	1702.80600
2.30942	0.00000	1702.80600
2.31325	0.00000	1690.34000
2.31708	0.00000	1690.34000
2.32091	0.00000	1690.34000
2.32474	0.00000	1676.13600
2.32859	0.00000	1676.13600
2.33242	0.00000	1676.13600
2.33624	0.00000	1676.13600
2.34006	0.00000	1673.43700
2.34392	0.00000	1673.43700
2.34776	0.00000	1673.43700
2.35158	0.00000	1676.13600
2.35541	0.00000	1676.13600
2.35926	0.00000	1676.13600
2.36307	0.00000	1676.13600
2.36690	0.00000	1676.13600
2.37071	0.00000	1676.13600
2.37454	0.00000	1676.13600
2.37839	0.00000	1680.87100
2.38222	0.00000	1680.87100
2.38604	0.00000	1680.87100
2.38987	0.00000	1676.13600
2.39372	0.00000	1676.13600
2.39755	0.00000	1676.13600
2.40137	0.00000	1676.13600
2.40520	0.00000	1690.34000
2.40905	0.00000	1690.34000
2.41288	0.00000	1690.34000
2.41671	0.00000	1698.02300
2.42053	0.00000	1698.02300
2.42437	0.00000	1698.02300
2.42822	0.00000	1698.02300
2.43205	0.00000	1685.60600
2.43588	0.00000	1685.60600
2.43971	0.00000	1685.60600
2.44356	0.00000	1676.13600
2.44738	0.00000	1676.13600
2.45120	0.00000	1676.13600
2.45503	0.00000	1680.87100
2.45889	0.00000	1680.87100
2.46272	0.00000	1680.87100
2.46654	0.00000	1680.87100
2.47037	0.00000	1685.60600
2.47420	0.00000	1685.60600
2.47805	0.00000	1685.60600
2.48188	0.00000	1680.87100
2.48571	0.00000	1680.87100
2.48954	0.00000	1680.87100
2.49339	0.00000	1680.87100
2.49722	0.00000	1678.12500
2.50104	0.00000	1678.12500
2.50486	0.00000	1678.12500
2.50872	0.00000	1680.87100
2.51255	0.00000	1680.87100
2.51637	0.00000	1680.87100
2.52019	0.00000	1680.87100
2.52404	0.00000	1680.87100
2.52788	0.00000	1680.87100
2.53171	0.00000	1680.87100
2.53553	0.00000	1680.87100
2.53935	0.00000	1680.87100
2.54321	0.00000	1680.87100
2.54704	0.00000	1676.13600
2.55087	0.00000	1676.13600
2.55469	0.00000	1676.13600
2.55854	0.00000	1676.13600
2.56238	0.00000	1690.34000
2.56619	0.00000	1690.34000
2.57002	0.00000	1690.34000
2.57385	0.00000	1693.23900
2.57770	0.00000	1693.23900
2.58154	0.00000	1693.23900
2.58537	0.00000	1693.23900
2.58919	0.00000	1690.34000
2.59306	0.00000	1690.34000
2.59688	0.00000	1690.34000
2.60070	0.00000	1680.87100
2.60453	0.00000	1680.87100
2.60838	0.00000	1680.87100
2.61221	0.00000	1698.02300
2.61604	0.00000	1698.02300
2.61987	0.00000	1698.02300
2.62369	0.00000	1698.02300
2.62754	0.00000	1680.87100
2.63136	0.00000	1680.87100
2.63518	0.00000	1680.87100
2.63901	0.00000	1676.13600
2.64287	0.00000	1676.13600
2.64670	0.00000	1676.13600
2.65054	0.00000	1676.13600
2.65436	0.00000	1673.43700
2.65823	0.00000	1673.43700
2.66205	0.00000	1673.43700
2.66587	0.00000	1680.87100
2.66970	0.00000	1680.87100
2.67352	0.00000	1680.87100
2.67738	0.00000	1680.87100
2.68121	0.00000	1680.87100
2.68503	0.00000	1680.87100
2.68885	0.00000	1680.87100
2.69271	0.00000	1698.02300
2.69653	0.00000	1698.02300
2.70037	0.00000	1698.02300
2.70418	0.00000	1680.87100
2.70801	0.00000	1680.87100
2.71186	0.00000	1680.87100
2.71568	0.00000	1680.87100
2.71950	0.00000	1690.34000
2.72332	0.00000	1690.34000
2.72717	0.00000	1690.34000
2.73100	0.00000	1693.23900
2.73482	0.00000	1693.23900
2.73865	0.00000	1693.23900
2.74250	0.00000	1693.23900
2.74634	0.00000	1685.60600
2.75016	0.00000	1685.60600
2.75398	0.00000	1685.60600
2.75782	0.00000	1680.87100
2.76167	0.00000	1680.87100
2.76550	0.00000	1680.87100
2.76933	0.00000	1676.13600
2.77317	0.00000	1676.13600
2.77703	0.00000	1676.13600
2.78086	0.00000	1676.13600
2.78468	0.00000	1685.60600
2.78851	0.00000	1685.60600
2.79237	0.00000	1685.60600
2.79619	0.00000	1680.87100
2.80002	0.00000	1680.87100
2.80384	0.00000	1680.87100
2.80767	0.00000	1680.87100
2.81151	0.00000	1668.75000
2.81534	0.00000	1668.75000
2.81916	0.00000	1668.75000
2.82299	0.00000	1676.13600
2.82685	0.00000	1676.13600
2.83068	0.00000	1676.13600
2.83451	0.00000	1676.13600
2.83833	0.00000	1685.60600
2.84219	0.00000	1685.60600
2.84602	0.00000	1685.60600
2.84984	0.00000	1693.23900
2.85368	0.00000	1693.23900
2.85754	0.00000	1693.23900
2.86140	0.00000	1693.23900
2.86524	0.00000	1693.23900
2.86907	0.00000	1693.23900
2.87289	0.00000	1693.23900
2.87675	0.00000	1690.34000
2.88058	0.00000	1690.34000
2.88440	0.00000	1690.34000
2.88822	0.00000	1676.13600
2.89207	0.00000	1676.13600
2.89591	0.00000	1676.13600
2.89973	0.00000	1676.13600
2.90356	0.00000	1685.60600
2.90739	0.00000	1685.60600
2.91124	0.00000	1685.60600
2.91507	0.00000	1676.13600
2.91890	0.00000	1676.13600
2.92273	0.00000	1676.13600
2.92659	0.00000	1676.13600
2.93042	0.00000	1676.13600
2.93425	0.00000	1676.13600
2.93807	0.00000	1676.13600
2.94193	0.00000	1664.06200
2.94575	0.00000	1664.06200
2.94958	0.00000	1664.06200
2.95340	0.00000	1680.87100
2.95722	0.00000	1680.87100
2.96107	0.00000	1680.87100
2.96489	0.00000	1680.87100
2.96871	0.00000	1690.34000
2.97254	0.00000	1690.34000
2.97640	0.00000	1690.34000
2.98024	0.00000	1693.23900
2.98407	0.00000	1693.23900
2.98790	0.00000	1693.23900
2.99176	0.00000	1680.87100
2.99560	0.00000	1680.87100
2.99943	0.00000	1680.87100
3.00326	0.00000	1680.87100
3.00708	0.00000	1676.13600
3.01092	0.00000	1676.13600
3.01476	0.00000	1676.13600
3.01858	0.00000	1680.87100
3.02241	0.00000	1680.87100
3.02626	0.00000	1680.87100
3.03009	0.00000	1680.87100
3.03392	0.00000	1690.34000
3.03775	0.00000	1690.34000
3.04160	0.00000	1690.34000
3.04542	0.00000	1676.13600
3.04925	0.00000	1676.13600
3.05308	0.00000	1676.13600
3.05691	0.00000	1676.13600
3.06076	0.00000	1673.43700
3.06459	0.00000	1673.43700
3.06842	0.00000	1673.43700
3.07225	0.00000	1676.13600
3.07611	0.00000	1676.13600
3.07995	0.00000	1676.13600
3.08377	0.00000	1676.13600
3.08762	0.00000	1676.13600
3.09147	0.00000	1676.13600
3.09531	0.00000	1676.13600
3.09913	0.00000	1673.43700
3.10296	0.00000	1673.43700
3.10678	0.00000	1673.43700
3.11063	0.00000	1676.13600
3.11446	0.00000	1676.13600
3.11828	0.00000	1676.13600
3.12211	0.00000	1676.13600
3.12597	0.00000	1690.34000
3.12980	0.00000	1690.34000
3.13362	0.00000	1690.34000
3.13745	0.00000	1698.02300
3.14128	0.00000	1698.02300
3.14513	0.00000	1698.02300
3.14896	0.00000	1676.13600
3.15279	0.00000	1676.13600
3.15661	0.00000	1676.13600
3.16047	0.00000	1676.13600
3.16430	0.00000	1680.87100
3.16813	0.00000	1680.87100
3.17195	0.00000	1680.87100
3.17581	0.00000	1676.13600
3.17963	0.00000	1676.13600
3.18346	0.00000	1676.13600
3.18728	0.00000	1676.13600
3.19107	0.00000	1668.75000
3.19492	0.00000	1668.75000
3.19876	0.00000	1668.75000
3.20258	0.00000	1680.87100
3.20641	0.00000	1680.87100
3.21026	0.00000	1680.87100
3.21409	0.00000	1680.87100
3.21791	0.00000	1668.75000
3.22174	0.00000	1668.75000
3.22560	0.00000	1668.75000
3.22943	0.00000	1680.87100
3.23325	0.00000	1680.87100
3.23708	0.00000	1680.87100
3.24091	0.00000	1680.87100
3.24477	0.00000	1680.87100
3.24860	0.00000	1680.87100
3.25242	0.00000	1680.87100
3.25624	0.00000	1685.60600
3.26010	0.00000	1685.60600
3.26393	0.00000	1685.60600
3.26776	0.00000	1680.87100
3.27159	0.00000	1680.87100
3.27545	0.00000	1680.87100
3.27929	0.00000	1680.87100
3.28307	0.00000	1685.60600
3.28689	0.00000	1685.60600
3.29072	0.00000	1685.60600
3.29458	0.00000	1676.13600
3.29840	0.00000	1676.13600
3.30222	0.00000	1676.13600
3.30605	0.00000	1698.02300
3.30990	0.00000	1698.02300
3.31374	0.00000	1698.02300
3.31756	0.00000	1698.02300
3.32138	0.00000	1680.87100
3.32524	0.00000	1680.87100
3.32906	0.00000	1680.87100
3.33289	0.00000	1676.13600
3.33671	0.00000	1676.13600
3.34054	0.00000	1676.13600
3.34439	0.00000	1676.13600
3.34821	0.00000	1673.43700
3.35203	0.00000	1673.43700
3.35587	0.00000	1673.43700
3.35973	0.00000	1676.13600
3.36356	0.00000	1676.13600
3.36739	0.00000	1676.13600
3.37122	0.00000	1676.13600
3.37507	0.00000	1685.60600
3.37890	0.00000	1685.60600
3.38272	0.00000	1685.60600
3.38655	0.00000	1680.87100
3.39037	0.00000	1680.87100
3.39422	0.00000	1680.87100
3.39805	0.00000	1680.87100
3.40187	0.00000	1680.87100
3.40571	0.00000	1680.87100
3.40956	0.00000	1680.87100
3.41339	0.00000	1690.34000
3.41722	0.00000	1690.34000
3.42105	0.00000	1690.34000
3.42491	0.00000	1698.02300
3.42874	0.00000	1698.02300
3.43257	0.00000	1698.02300
3.43639	0.00000	1698.02300
3.44021	0.00000	1685.60600
3.44406	0.00000	1685.60600
3.44790	0.00000	1685.60600
3.45172	0.00000	1680.87100
3.45554	0.00000	1680.87100
3.45939	0.00000	1680.87100
3.46322	0.00000	1680.87100
3.46704	0.00000	1693.23900
3.47087	0.00000	1693.23900
3.47470	0.00000	1693.23900
3.47854	0.00000	1680.87100
3.48237	0.00000	1680.87100
3.48619	0.00000	1680.87100
3.49001	0.00000	1680.87100
3.49386	0.00000	1680.87100
3.49768	0.00000	1680.87100
3.50151	0.00000	1680.87100
3.50533	0.00000	1673.43700
3.50919	0.00000	1673.43700
3.51302	0.00000	1673.43700
3.51685	0.00000	1676.13600
3.52067	0.00000	1676.13600
3.52450	0.00000	1676.13600
3.52835	0.00000	1676.13600
3.53218	0.00000	1690.34000
3.53600	0.00000	1690.34000
3.53984	0.00000	1690.34000
3.54371	0.00000	1676.13600
3.54754	0.00000	1676.13600
3.55137	0.00000	1676.13600
3.55520	0.00000	1676.13600
3.55907	0.00000	1676.13600
3.56290	0.00000	1676.13600
3.56673	0.00000	1676.13600
3.57055	0.00000	1685.60600
3.57438	0.00000	1685.60600
3.57822	0.00000	1685.60600
3.58205	0.00000	1693.23900
3.58587	0.00000	1693.23900
3.58970	0.00000	1693.23900
3.59356	0.00000	1693.23900
3.59739	0.00000	1690.34000
3.60121	0.00000	1690.34000
3.60504	0.00000	1690.34000
3.60890	0.00000	1676.13600
3.61273	0.00000	1676.13600
3.61656	0.00000	1676.13600
3.62038	0.00000	1676.13600
3.62421	0.00000	1680.87100
3.62807	0.00000	1680.87100
3.63189	0.00000	1680.87100
3.63571	0.00000	1680.87100
3.63954	0.00000	1680.87100
3.64339	0.00000	1680.87100
3.64722	0.00000	1676.13600
3.65105	0.00000	1676.13600
3.65488	0.00000	1676.13600
3.65873	0.00000	1676.13600
3.66256	0.00000	1673.43700
3.66638	0.00000	1673.43700
3.67020	0.00000	1673.43700
3.67403	0.00000	1676.13600
3.67788	0.00000	1676.13600
3.68171	0.00000	1676.13600
3.68553	0.00000	1676.13600
3.68936	0.00000	1685.60600
3.69321	0.00000	1685.60600
3.69704	0.00000	1685.60600
3.70086	0.00000	1698.02300
3.70469	0.00000	1698.02300
3.70854	0.00000	1698.02300
3.71237	0.00000	1680.87100
3.71619	0.00000	1680.87100
3.72001	0.00000	1680.87100
3.72384	0.00000	1680.87100
3.72769	0.00000	1680.87100
3.73152	0.00000	1680.87100
3.73535	0.00000	1680.87100
3.73917	0.00000	1680.87100
3.74304	0.00000	1680.87100
3.74687	0.00000	1680.87100
3.75069	0.00000	1680.87100
3.75452	0.00000	1690.34000
3.75837	0.00000	1690.34000
3.76221	0.00000	1690.34000
3.76603	0.00000	1680.87100
3.76985	0.00000	1680.87100
3.77367	0.00000	1680.87100
3.77753	0.00000	1680.87100
3.78135	0.00000	1685.60600
3.78518	0.00000	1685.60600
3.78901	0.00000	1685.60600
3.79286	0.00000	1680.87100
3.79670	0.00000	1680.87100
3.80053	0.00000	1680.87100
3.80435	0.00000	1685.60600
3.80822	0.00000	1685.60600
3.81204	0.00000	1685.60600
3.81587	0.00000	1685.60600
3.81969	0.00000	1673.43700
3.82351	0.00000	1673.43700
3.82736	0.00000	1673.43700
3.83119	0.00000	1676.13600
3.83501	0.00000	1676.13600
3.83885	0.00000	1676.13600
3.84270	0.00000	1676.13600
3.84653	0.00000	1690.34000
3.85035	0.00000	1690.34000
3.85417	0.00000	1690.34000
3.85802	0.00000	1676.13600
3.86187	0.00000	1676.13600
3.86570	0.00000	1676.13600
3.86952	0.00000	1680.87100
3.87335	0.00000	1680.87100
3.87720	0.00000	1680.87100
3.88103	0.00000	1680.87100
3.88486	0.00000	1685.60600
3.88869	0.00000	1685.60600
3.89255	0.00000	1685.60600
3.89639	0.00000	1693.23900
3.90021	0.00000	1693.23900
3.90404	0.00000	1693.23900
3.90788	0.00000	1693.23900
3.91173	0.00000	1690.34000
3.91556	0.00000	1690.34000
3.91938	0.00000	1690.34000
3.92321	0.00000	1680.87100
3.92707	0.00000	1680.87100
3.93090	0.00000	1680.87100
3.93472	0.00000	1680.87100
3.93854	0.00000	1680.87100
3.94240	0.00000	1680.87100
3.94623	0.00000	1680.87100
3.95005	0.00000	1680.87100
3.95388	0.00000	1680.87100
3.95771	0.00000	1680.87100
3.96155	0.00000	1676.13600
3.96539	0.00000	1676.13600
3.96922	0.00000	1676.13600
3.97304	0.00000	1676.13600
3.97690	0.00000	1673.43700
3.98074	0.00000	1673.43700
3.98459	0.00000	1673.43700
3.98843	0.00000	1680.87100
3.99227	0.00000	1680.87100
3.99612	0.00000	1680.87100
3.99995	0.00000	1680.87100
4.00377	0.00000	1690.34000
4.00760	0.00000	1690.34000
4.01146	0.00000	1690.34000
4.01529	0.00000	1680.87100
4.01907	0.00000	1680.87100
4.02291	0.00000	1680.87100
4.02676	0.00000	1676.13600
4.03058	0.00000	1676.13600
4.03441	0.00000	1676.13600
4.03824	0.00000	1676.13600
4.04210	0.00000	1680.87100
4.04593	0.00000	1680.87100
4.04975	0.00000	1680.87100
4.05357	0.00000	1698.02300
4.05739	0.00000	1698.02300
4.06125	0.00000	1698.02300
4.06508	0.00000	1698.02300
4.06890	0.00000	1695.07500
4.07272	0.00000	1695.07500
4.07658	0.00000	1695.07500
4.08040	0.00000	1676.13600
4.08423	0.00000	1676.13600
4.08806	0.00000	1676.13600
4.09191	0.00000	1676.13600
4.09574	0.00000	1673.43700
4.09957	0.00000	1673.43700
4.10339	0.00000	1673.43700
4.10721	0.00000	1685.60600
4.11106	0.00000	1685.60600
4.11489	0.00000	1685.60600
4.11872	0.00000	1680.87100
4.12258	0.00000	1680.87100
4.12643	0.00000	1680.87100
4.13026	0.00000	1680.87100
4.13408	0.00000	1673.43700
4.13790	0.00000	1673.43700
4.14176	0.00000	1673.43700
4.14559	0.00000	1680.87100
4.14941	0.00000	1680.87100
4.15324	0.00000	1680.87100
4.15707	0.00000	1680.87100
4.16092	0.00000	1673.43700
4.16475	0.00000	1673.43700
4.16858	0.00000	1673.43700
4.17241	0.00000	1680.87100
4.17627	0.00000	1680.87100
4.18010	0.00000	1680.87100
4.18393	0.00000	1676.13600
4.18776	0.00000	1676.13600
4.19161	0.00000	1676.13600
4.19544	0.00000	1676.13600
4.19925	0.00000	1702.80600
4.20307	0.00000	1702.80600
4.20689	0.00000	1702.80600
4.21073	0.00000	1680.87100
4.21455	0.00000	1680.87100
4.21836	0.00000	1680.87100
4.22217	0.00000	1680.87100
4.22602	0.00000	1690.34000
4.22983	0.00000	1690.34000
4.23365	0.00000	1690.34000
4.23745	0.00000	1698.02300
4.24127	0.00000	1698.02300
4.24509	0.00000	1698.02300
4.24890	0.00000	1698.02300
4.25271	0.00000	1695.07500
4.25653	0.00000	1695.07500
4.26036	0.00000	1695.07500
4.26418	0.00000	1698.02300
4.26800	0.00000	1698.02300
4.27182	0.00000	1698.02300
4.27564	0.00000	1698.02300
4.27946	0.00000	1698.02300
4.28327	0.00000	1698.02300
4.28707	0.00000	1698.02300
4.29089	0.00000	1680.87100
4.29473	0.00000	1680.87100
4.29855	0.00000	1680.87100
4.30237	0.00000	1680.87100
4.30621	0.00000	1680.87100
4.31006	0.00000	1680.87100
4.31389	0.00000	1680.87100
4.31771	0.00000	1678.12500
4.32154	0.00000	1678.12500
4.32539	0.00000	1678.12500
4.32923	0.00000	1676.13600
4.33305	0.00000	1676.13600
4.33687	0.00000	1676.13600
4.34070	0.00000	1676.13600
4.34455	0.00000	1690.34000
4.34838	0.00000	1690.34000
4.35220	0.00000	1690.34000
4.35603	0.00000	1680.87100
4.35988	0.00000	1680.87100
4.36372	0.00000	1680.87100
4.36755	0.00000	1680.87100
4.37138	0.00000	1680.87100
4.37523	0.00000	1680.87100
4.37906	0.00000	1680.87100
4.38289	0.00000	1673.43700
4.38671	0.00000	1673.43700
4.39053	0.00000	1673.43700
4.39438	0.00000	1680.87100
4.39821	0.00000	1680.87100
4.40203	0.00000	1680.87100
4.40585	0.00000	1680.87100
4.40971	0.00000	1690.34000
4.41354	0.00000	1690.34000
4.41736	0.00000	1690.34000
4.42118	0.00000	1698.02300
4.42505	0.00000	1698.02300
4.42889	0.00000	1698.02300
4.43271	0.00000	1676.13600
4.43653	0.00000	1676.13600
4.44036	0.00000	1676.13600
4.44421	0.00000	1676.13600
4.44804	0.00000	1680.87100
4.45186	0.00000	1680.87100
4.45569	0.00000	1680.87100
4.45954	0.00000	1680.87100
4.46337	0.00000	1680.87100
4.46720	0.00000	1680.87100
4.47102	0.00000	1680.87100
4.47488	0.00000	1673.43700
4.47872	0.00000	1673.43700
4.48254	0.00000	1673.43700
4.48637	0.00000	1685.60600
4.49020	0.00000	1685.60600
4.49406	0.00000	1685.60600
4.49789	0.00000	1685.60600
4.50171	0.00000	1673.43700
4.50553	0.00000	1673.43700
4.50940	0.00000	1673.43700
4.51322	0.00000	1680.87100
4.51704	0.00000	1680.87100
4.52086	0.00000	1680.87100
4.52469	0.00000	1680.87100
4.52854	0.00000	1680.87100
4.53236	0.00000	1680.87100
4.53619	0.00000	1680.87100
4.54001	0.00000	1680.87100
4.54386	0.00000	1680.87100
4.54770	0.00000	1680.87100
4.55152	0.00000	1680.87100
4.55534	0.00000	1680.87100
4.55919	0.00000	1680.87100
4.56302	0.00000	1680.87100
4.56685	0.00000	1695.07500
4.57068	0.00000	1695.07500
4.57452	0.00000	1695.07500
4.57837	0.00000	1680.87100
4.58219	0.00000	1680.87100
4.58601	0.00000	1680.87100
4.58984	0.00000	1680.87100
4.59369	0.00000	1685.60600
4.59751	0.00000	1685.60600
4.60134	0.00000	1685.60600
4.60516	0.00000	1702.80600
4.60902	0.00000	1702.80600
4.61285	0.00000	1702.80600
4.61668	0.00000	1680.87100
4.62050	0.00000	1680.87100
4.62432	0.00000	1680.87100
4.62817	0.00000	1680.87100
4.63200	0.00000	1695.07500
4.63582	0.00000	1695.07500
4.63966	0.00000	1695.07500
4.64351	0.00000	1693.23900
4.64734	0.00000	1693.23900
4.65117	0.00000	1693.23900
4.65500	0.00000	1693.23900
4.65886	0.00000	1695.07500
4.66269	0.00000	1695.07500
4.66651	0.00000	1695.07500
4.67033	0.00000	1680.87100
4.67416	0.00000	1680.87100
4.67801	0.00000	1680.87100
4.68184	0.00000	1680.87100
4.68567	0.00000	1680.87100
4.68950	0.00000	1680.87100
4.69334	0.00000	1680.87100
4.69718	0.00000	1685.60600
4.70101	0.00000	1685.60600
4.70484	0.00000	1685.60600
4.70869	0.00000	1680.87100
4.71253	0.00000	1680.87100
4.71635	0.00000	1680.87100
4.72018	0.00000	1680.87100
4.72401	0.00000	1673.43700
4.72786	0.00000	1673.43700
4.73169	0.00000	1673.43700
4.73551	0.00000	1680.87100
4.73933	0.00000	1680.87100
4.74318	0.00000	1680.87100
4.74701	0.00000	1680.87100
4.75083	0.00000	1690.34000
4.75465	0.00000	1690.34000
4.75851	0.00000	1690.34000
4.76234	0.00000	1680.87100
4.76617	0.00000	1680.87100
4.76999	0.00000	1680.87100
4.77381	0.00000	1685.60600
4.77767	0.00000	1685.60600
4.78150	0.00000	1685.60600
4.78532	0.00000	1685.60600
4.78915	0.00000	1673.43700
4.79301	0.00000	1673.43700
4.79684	0.00000	1673.43700
4.80067	0.00000	1680.87100
4.80449	0.00000	1680.87100
4.80835	0.00000	1680.87100
4.81218	0.00000	1680.87100
4.81600	0.00000	1690.34000
4.81983	0.00000	1690.34000
4.82365	0.00000	1690.34000
4.82751	0.00000	1698.02300
4.83133	0.00000	1698.02300
4.83516	0.00000	1698.02300
4.83899	0.00000	1680.87100
4.84285	0.00000	1680.87100
4.84667	0.00000	1680.87100
4.85050	0.00000	1680.87100
4.85432	0.00000	1685.60600
4.85817	0.00000	1685.60600
4.86200	0.00000	1685.60600
4.86582	0.00000	1698.02300
4.86964	0.00000	1698.02300
4.87346	0.00000	1698.02300
4.87732	0.00000	1698.02300
4.88115	0.00000	1695.07500
4.88497	0.00000	1695.07500
4.88880	0.00000	1695.07500
4.89265	0.00000	1685.60600
4.89648	0.00000	1685.60600
4.90030	0.00000	1685.60600
4.90412	0.00000	1685.60600
4.90795	0.00000	1685.60600
4.91179	0.00000	1685.60600
4.91562	0.00000	1685.60600
4.91945	0.00000	1680.87100
4.92327	0.00000	1680.87100
4.92713	0.00000	1680.87100
4.93095	0.00000	1680.87100
4.93478	0.00000	1680.87100
4.93860	0.00000	1680.87100
4.94245	0.00000	1680.87100
4.94629	0.00000	1690.34000
4.95011	0.00000	1690.34000
4.95394	0.00000	1690.34000
4.95776	0.00000	1680.87100
4.96162	0.00000	1680.87100
4.96545	0.00000	1680.87100
4.96928	0.00000	1680.87100
4.97310	0.00000	1673.43700
4.97695	0.00000	1673.43700
4.98078	0.00000	1673.43700
4.98460	0.00000	1680.87100
4.98843	0.00000	1680.87100
4.99228	0.00000	1680.87100
4.99614	0.00000	1685.60600
4.99997	0.00000	1685.60600
5.00432	0.00000	1685.60600
5.00818	0.00000	1685.60600
5.01202	0.00000	1680.87100
5.01585	0.00000	1680.87100
5.01970	0.00000	1680.87100
5.02354	0.00000	1842.51200
5.02737	0.00000	1842.51200
5.03120	0.00000	1842.51200
5.03507	0.00000	1842.51200
5.03893	0.00000	2373.57900
5.04276	0.00000	2373.57900
5.04659	0.00000	2373.57900
5.05042	0.00000	2373.57900
5.05425	0.00000	2824.41700
5.05807	0.00000	2824.41700
5.06190	0.00000	2824.41700
5.06572	0.00000	2824.41700
5.06955	0.00000	3255.00000
5.07339	0.00000	3255.00000
5.07722	0.00000	3255.00000
5.08104	0.00000	3255.00000
5.08487	0.00000	3255.00000
5.08870	0.00000	3589.08500
5.09253	0.00000	3589.08500
5.09637	0.00000	3589.08500
5.10021	0.00000	3589.08500
5.10404	0.00000	3589.08500
5.10787	0.00000	3839.76000
5.11171	0.00000	3839.76000
5.11554	0.00000	3839.76000
5.11937	0.00000	3839.76000
5.12322	0.00000	3839.76000
5.12705	0.00000	4033.80100
5.13089	0.00000	4033.80100
5.13473	0.00000	4033.80100
5.13856	0.00000	4033.80100
5.14240	0.00000	4033.80100
5.14623	0.00000	4184.60300
5.15007	0.00000	4184.60300
5.15390	0.00000	4184.60300
5.15772	0.00000	4184.60300
5.16156	0.00000	4184.60300
5.16540	0.00000	4300.93300
5.16923	0.00000	4300.93300
5.17306	0.00000	4300.93300
5.17689	0.00000	4300.93300
5.18071	0.00000	4300.93300
5.18454	0.00000	4300.93300
5.18837	0.00000	4400.87600
5.19220	0.00000	4400.87600
5.19602	0.00000	4400.87600
5.19986	0.00000	4400.87600
5.20369	0.00000	4400.87600
5.20752	0.00000	4466.39100
5.21135	0.00000	4466.39100
5.21518	0.00000	4466.39100
5.21901	0.00000	4466.39100
5.22284	0.00000	4466.39100
5.22668	0.00000	4506.98800
5.23050	0.00000	4506.98800
5.23433	0.00000	4506.98800
5.23816	0.00000	4506.98800
5.24199	0.00000	4506.98800
5.24581	0.00000	4506.98800
5.24964	0.00000	4554.39800
5.25348	0.00000	4554.39800
5.25731	0.00000	4554.39800
5.26114	0.00000	4554.39800
5.26497	0.00000	4554.39800
5.26879	0.00000	4554.39800
5.27262	0.00000	4581.74500
5.27645	0.00000	4581.74500
5.28028	0.00000	4581.74500
5.28411	0.00000	4581.74500
5.28794	0.00000	4581.74500
5.29177	0.00000	4621.76000
5.29560	0.00000	4621.76000
5.29943	0.00000	4621.76000
5.30326	0.00000	4621.76000
5.30707	0.00000	4621.76000
5.31090	0.00000	4621.76000
5.31473	0.00000	4647.96700
5.31856	0.00000	4647.96700
5.32239	0.00000	4647.96700
5.32622	0.00000	4647.96700
5.33005	0.00000	4647.96700
5.33388	0.00000	4647.96700
5.33771	0.00000	4681.85200
5.34155	0.00000	4681.85200
5.34537	0.00000	4681.85200
5.34920	0.00000	4681.85200
5.35304	0.00000	4681.85200
5.35687	0.00000	4693.14700
5.36071	0.00000	4693.14700
5.36453	0.00000	4693.14700
5.36838	0.00000	4693.14700
5.37221	0.00000	4693.14700
5.37604	0.00000	4693.14700
5.37986	0.00000	4690.29000
5.38369	0.00000	4690.29000
5.38752	0.00000	4690.29000
5.39136	0.00000	4690.29000
5.39519	0.00000	4690.29000
5.39902	0.00000	4690.29000
5.40286	0.00000	4704.14200
5.40668	0.00000	4704.14200
5.41052	0.00000	4704.14200
5.41435	0.00000	4704.14200
5.41818	0.00000	4704.14200
5.42201	0.00000	4687.50000
5.42585	0.00000	4687.50000
5.42968	0.00000	4687.50000
5.43352	0.00000	4687.50000
5.43736	0.00000	4687.50000
5.44120	0.00000	4687.50000
5.44503	0.00000	4712.46300
5.44886	0.00000	4712.46300
5.45270	0.00000	4712.46300
5.45652	0.00000	4712.46300
5.46034	0.00000	4712.46300
5.46417	0.00000	4712.46300
5.46801	0.00000	4723.34500
5.47186	0.00000	4723.34500
5.47571	0.00000	4723.34500
5.47954	0.00000	4723.34500
5.48336	0.00000	4723.34500
5.48719	0.00000	4723.34500
5.49104	0.00000	4737.13200
5.49488	0.00000	4737.13200
5.49871	0.00000	4737.13200
5.50255	0.00000	4737.13200
5.50639	0.00000	4737.13200
5.51023	0.00000	4737.13200
5.51405	0.00000	4754.06800
5.51791	0.00000	4754.06800
5.52175	0.00000	4754.06800
5.52559	0.00000	4754.06800
5.52943	0.00000	4754.06800
5.53326	0.00000	4759.61500
5.53709	0.00000	4759.61500
5.54092	0.00000	4759.61500
5.54476	0.00000	4759.61500
5.54860	0.00000	4759.61500
5.55243	0.00000	4759.61500
5.55627	0.00000	4753.67600
5.56011	0.00000	4753.67600
5.56394	0.00000	4753.67600
5.56777	0.00000	4753.67600
5.57161	0.00000	4753.67600
5.57544	0.00000	4753.67600
5.57928	0.00000	4731.35900
5.58307	0.00000	4731.35900
5.58691	0.00000	4731.35900
5.59074	0.00000	4731.35900
5.59458	0.00000	4731.35900
5.59841	0.00000	4731.35900
5.60223	0.00000	4736.84200
5.60607	0.00000	4736.84200
5.60991	0.00000	4736.84200
5.61374	0.00000	4736.84200
5.61758	0.00000	4736.84200
5.62142	0.00000	4762.38900
5.62524	0.00000	4762.38900
5.62908	0.00000	4762.38900
5.63291	0.00000	4762.38900
5.63675	0.00000	4762.38900
5.64058	0.00000	4762.38900
5.64442	0.00000	4737.13200
5.64827	0.00000	4737.13200
5.65210	0.00000	4737.13200
5.65595	0.00000	4737.13200
5.65980	0.00000	4737.13200
5.66363	0.00000	4737.13200
5.66747	0.00000	4747.80700
5.67130	0.00000	4747.80700
5.67514	0.00000	4747.80700
5.67898	0.00000	4747.80700
5.68281	0.00000	4747.80700
5.68665	0.00000	4747.80700
5.69049	0.00000	4734.10000
5.69432	0.00000	4734.10000
5.69815	0.00000	4734.10000
5.70199	0.00000	4734.10000
5.70583	0.00000	4734.10000
5.70965	0.00000	4734.10000
5.71349	0.00000	4734.10000
5.71733	0.00000	4734.10000
5.72117	0.00000	4734.10000
5.72500	0.00000	4734.10000
5.72885	0.00000	4734.10000
5.73267	0.00000	4770.71000
5.73651	0.00000	4770.71000
5.74035	0.00000	4770.71000
5.74420	0.00000	4770.71000
5.74803	0.00000	4770.71000
5.75187	0.00000	4770.71000
5.75574	0.00000	4759.19100
5.75959	0.00000	4759.19100
5.76343	0.00000	4759.19100
5.76727	0.00000	4759.19100
5.77107	0.00000	4759.19100
5.77491	0.00000	4759.19100
5.77875	0.00000	4767.46300
5.78258	0.00000	4767.46300
5.78641	0.00000	4767.46300
5.79024	0.00000	4767.46300
5.79408	0.00000	4767.46300
5.79791	0.00000	4767.46300
5.80175	0.00000	4745.06500
5.80559	0.00000	4745.06500
5.80942	0.00000	4745.06500
5.81326	0.00000	4745.06500
5.81709	0.00000	4745.06500
5.82092	0.00000	4745.06500
5.82476	0.00000	4775.73500
5.82860	0.00000	4775.73500
5.83243	0.00000	4775.73500
5.83626	0.00000	4775.73500
5.84010	0.00000	4775.73500
5.84393	0.00000	4770.71000
5.84776	0.00000	4770.71000
5.85161	0.00000	4770.71000
5.85544	0.00000	4770.71000
5.85929	0.00000	4770.71000
5.86313	0.00000	4770.71000
5.86696	0.00000	4753.67600
5.87080	0.00000	4753.67600
5.87463	0.00000	4753.67600
5.87847	0.00000	4753.67600
5.88231	0.00000	4753.67600
5.88616	0.00000	4753.67600
5.89000	0.00000	4747.80700
5.89384	0.00000	4747.80700
5.89767	0.00000	4747.80700
5.90150	0.00000	4747.80700
5.90534	0.00000	4747.80700
5.90917	0.00000	4747.80700
5.91300	0.00000	4742.32400
5.91684	0.00000	4742.32400
5.92068	0.00000	4742.32400
5.92452	0.00000	4742.32400
5.92835	0.00000	4742.32400
5.93219	0.00000	4742.32400
5.93602	0.00000	4742.32400
5.93986	0.00000	4742.32400
5.94368	0.00000	4742.32400
5.94754	0.00000	4742.32400
5.95138	0.00000	4742.32400
5.95522	0.00000	4739.88900
5.95907	0.00000	4739.88900
5.96291	0.00000	4739.88900
5.96674	0.00000	4739.88900
5.97058	0.00000	4739.88900
5.97441	0.00000	4739.88900
5.97824	0.00000	4779.03100
5.98208	0.00000	4779.03100
5.98593	0.00000	4779.03100
5.98979	0.00000	4779.03100
5.99364	0.00000	4779.03100
5.99750	0.00000	4779.03100
6.00133	0.00000	4753.28900
6.00518	0.00000	4753.28900
6.00902	0.00000	4753.28900
6.01287	0.00000	4753.28900
6.01672	0.00000	4753.28900
6.02056	0.00000	4753.28900
6.02439	0.00000	4745.06500
6.02822	0.00000	4745.06500
6.03206	0.00000	4745.06500
6.03590	0.00000	4745.06500
6.03974	0.00000	4745.06500
6.04358	0.00000	4745.06500
6.04741	0.00000	4759.19100
6.05125	0.00000	4759.19100
6.05507	0.00000	4759.19100
6.05892	0.00000	4759.19100
6.06274	0.00000	4759.19100
6.06658	0.00000	4759.19100
6.07041	0.00000	4759.19100
6.07425	0.00000	4759.19100
6.07809	0.00000	4759.19100
6.08193	0.00000	4759.19100
6.08578	0.00000	4759.19100
6.08961	0.00000	4742.32400
6.09344	0.00000	4742.32400
6.09729	0.00000	4742.32400
6.10113	0.00000	4742.32400
6.10497	0.00000	4742.32400
6.10881	0.00000	4742.32400
6.11265	0.00000	4750.54800
6.11652	0.00000	4750.54800
6.12037	0.00000	4750.54800
6.12424	0.00000	4750.54800
6.12808	0.00000	4750.54800
6.13192	0.00000	4750.54800
6.13576	0.00000	4750.54800
6.13960	0.00000	4750.54800
6.14344	0.00000	4750.54800
6.14727	0.00000	4750.54800
6.15107	0.00000	4750.54800
6.15491	0.00000	4750.54800
6.15873	0.00000	4734.10000
6.16257	0.00000	4734.10000
6.16641	0.00000	4734.10000
6.17024	0.00000	4734.10000
6.17408	0.00000	4734.10000
6.17791	0.00000	4739.88900
6.18175	0.00000	4739.88900
6.18559	0.00000	4739.88900
6.18943	0.00000	4739.88900
6.19327	0.00000	4739.88900
6.19711	0.00000	4739.88900
6.20097	0.00000	4742.32400
6.20480	0.00000	4742.32400
6.20864	0.00000	4742.32400
6.21248	0.00000	4742.32400
6.21633	0.00000	4742.32400
6.22016	0.00000	4742.32400
6.22399	0.00000	4745.06500
6.22783	0.00000	4745.06500
6.23168	0.00000	4745.06500
6.23551	0.00000	4745.06500
6.23935	0.00000	4745.06500
6.24318	0.00000	4745.06500
6.24702	0.00000	4739.58300
6.25087	0.00000	4739.58300
6.25473	0.00000	4739.58300
6.25856	0.00000	4739.58300
6.26241	0.00000	4739.58300
6.26624	0.00000	4739.58300
6.27006	0.00000	4750.91900
6.27390	0.00000	4750.91900
6.27776	0.00000	4750.91900
6.28160	0.00000	4750.91900
6.28545	0.00000	4750.91900
6.28928	0.00000	4773.48300
6.29312	0.00000	4773.48300
6.29695	0.00000	4773.48300
6.30078	0.00000	4773.48300
6.30463	0.00000	4773.48300
6.30847	0.00000	4773.48300
6.31231	0.00000	4770.22000
6.31616	0.00000	4770.22000
6.31999	0.00000	4770.22000
6.32384	0.00000	4770.22000
6.32767	0.00000	4770.22000
6.33151	0.00000	4770.22000
6.33534	0.00000	4767.46300
6.33919	0.00000	4767.46300
6.34303	0.00000	4767.46300
6.34689	0.00000	4767.46300
6.35073	0.00000	4767.46300
6.35457	0.00000	4767.46300
6.35839	0.00000	4767.46300
6.36223	0.00000	4767.46300
6.36607	0.00000	4767.46300
6.36992	0.00000	4767.46300
6.37375	0.00000	4767.46300
6.37759	0.00000	4753.67600
6.38142	0.00000	4753.67600
6.38525	0.00000	4753.67600
6.38909	0.00000	4753.67600
6.39292	0.00000	4753.67600
6.39675	0.00000	4753.67600
6.40059	0.00000	4750.91900
6.40441	0.00000	4750.91900
6.40825	0.00000	4750.91900
6.41208	0.00000	4750.91900
6.41593	0.00000	4750.91900
6.41976	0.00000	4750.91900
6.42360	0.00000	4745.06500
6.42747	0.00000	4745.06500
6.43132	0.00000	4745.06500
6.43517	0.00000	4745.06500
6.43900	0.00000	4745.06500
6.44283	0.00000	4745.06500
6.44666	0.00000	4736.84200
6.45050	0.00000	4736.84200
6.45434	0.00000	4736.84200
6.45817	0.00000	4736.84200
6.46201	0.00000	4736.84200
6.46585	0.00000	4736.84200
6.46967	0.00000	4758.77200
6.47351	0.00000	4758.77200
6.47736	0.00000	4758.77200
6.48119	0.00000	4758.77200
6.48503	0.00000	4758.77200
6.48886	0.00000	4750.91900
6.49268	0.00000	4750.91900
6.49651	0.00000	4750.91900
6.50035	0.00000	4750.91900
6.50418	0.00000	4750.91900
6.50801	0.00000	4750.91900
6.51184	0.00000	4739.88900
6.51569	0.00000	4739.88900
6.51954	0.00000	4739.88900
6.52336	0.00000	4739.88900
6.52720	0.00000	4739.88900
6.53103	0.00000	4739.88900
6.53488	0.00000	4753.28900
6.53871	0.00000	4753.28900
6.54255	0.00000	4753.28900
6.54638	0.00000	4753.28900
6.55020	0.00000	4753.28900
6.55404	0.00000	4753.28900
6.55787	0.00000	4739.58300
6.56171	0.00000	4739.58300
6.56555	0.00000	4739.58300
6.56938	0.00000	4739.58300
6.57322	0.00000	4739.58300
6.57705	0.00000	4739.58300
6.58088	0.00000	4750.54800
6.58472	0.00000	4750.54800
6.58854	0.00000	4750.54800
6.59237	0.00000	4750.54800
6.59621	0.00000	4750.54800
6.60004	0.00000	4734.37500
6.60386	0.00000	4734.37500
6.60770	0.00000	4734.37500
6.61154	0.00000	4734.37500
6.61537	0.00000	4734.37500
6.61920	0.00000	4734.37500
6.62304	0.00000	4753.67600
6.62688	0.00000	4753.67600
6.63072	0.00000	4753.67600
6.63456	0.00000	4753.67600
6.63840	0.00000	4753.67600
6.64223	0.00000	4753.67600
6.64606	0.00000	4772.97800
6.64990	0.00000	4772.97800
6.65374	0.00000	4772.97800
6.65759	0.00000	4772.97800
6.66142	0.00000	4772.97800
6.66526	0.00000	4772.97800
6.66909	0.00000	4775.73500
6.67293	0.00000	4775.73500
6.67676	0.00000	4775.73500
6.68061	0.00000	4775.73500
6.68445	0.00000	4775.73500
6.68829	0.00000	4775.73500
6.69213	0.00000	4750.54800
6.69596	0.00000	4750.54800
6.69979	0.00000	4750.54800
6.70363	0.00000	4750.54800
6.70747	0.00000	4750.54800
6.71131	0.00000	4767.93600
6.71515	0.00000	4767.93600
6.71899	0.00000	4767.93600
6.72283	0.00000	4767.93600
6.72667	0.00000	4767.93600
6.73051	0.00000	4767.93600
6.73434	0.00000	4767.46300
6.73817	0.00000	4767.46300
6.74201	0.00000	4767.46300
6.74586	0.00000	4767.46300
6.74969	0.00000	4767.46300
6.75353	0.00000	4767.46300
6.75736	0.00000	4747.80700
6.76120	0.00000	4747.80700
6.76503	0.00000	4747.80700
6.76886	0.00000	4747.80700
6.77269	0.00000	4747.80700
6.77652	0.00000	4747.80700
6.78036	0.00000	4745.06500
6.78420	0.00000	4745.06500
6.78804	0.00000	4745.06500
6.79187	0.00000	4745.06500
6.79570	0.00000	4745.06500
6.79953	0.00000	4745.06500
6.80336	0.00000	4750.54800
6.80722	0.00000	4750.54800
6.81105	0.00000	4750.54800
6.81489	0.00000	4750.54800
6.81873	0.00000	4750.54800
6.82257	0.00000	4742.64700
6.82640	0.00000	4742.64700
6.83024	0.00000	4742.64700
6.83406	0.00000	4742.64700
6.83791	0.00000	4742.64700
6.84173	0.00000	4742.64700
6.84556	0.00000	4761.94800
6.84940	0.00000	4761.94800
6.85323	0.00000	4761.94800
6.85708	0.00000	4761.94800
6.86092	0.00000	4761.94800
6.86476	0.00000	4761.94800
6.86861	0.00000	4770.22000
6.87245	0.00000	4770.22000
6.87628	0.00000	4770.22000
6.88012	0.00000	4770.22000
6.88395	0.00000	4770.22000
6.88779	0.00000	4770.22000
6.89163	0.00000	4770.22000
6.89547	0.00000	4770.22000
6.89931	0.00000	4770.22000
6.90314	0.00000	4770.22000
6.90697	0.00000	4770.22000
6.91081	0.00000	4770.22000
6.91464	0.00000	4767.46300
6.91848	0.00000	4767.46300
6.92232	0.00000	4767.46300
6.92617	0.00000	4767.46300
6.93000	0.00000	4767.46300
6.93383	0.00000	4773.48300
6.93767	0.00000	4773.48300
6.94151	0.00000	4773.48300
6.94535	0.00000	4773.48300
6.94918	0.00000	4773.48300
6.95301	0.00000	4773.48300
6.95686	0.00000	4750.91900
6.96069	0.00000	4750.91900
6.96452	0.00000	4750.91900
6.96836	0.00000	4750.91900
6.97219	0.00000	4750.91900
6.97603	0.00000	4750.91900
6.97987	0.00000	4736.84200
6.98370	0.00000	4736.84200
6.98754	0.00000	4736.84200
6.99141	0.00000	4736.84200
6.99527	0.00000	4736.84200
6.99912	0.00000	4736.84200
7.00297	0.00000	4728.61800
7.00681	0.00000	4728.61800
7.01065	0.00000	4728.61800
7.01450	0.00000	4728.61800
7.01833	0.00000	4728.61800
7.02217	0.00000	4728.61800
7.02601	0.00000	4753.28900
7.02984	0.00000	4753.28900
7.03367	0.00000	4753.28900
7.03752	0.00000	4753.28900
7.04136	0.00000	4753.28900
7.04521	0.00000	4748.16100
7.04908	0.00000	4748.16100
7.05291	0.00000	4748.16100
7.05675	0.00000	4748.16100
7.06058	0.00000	4748.16100
7.06441	0.00000	4748.16100
7.06825	0.00000	4739.58300
7.07209	0.00000	4739.58300
7.07592	0.00000	4739.58300
7.07976	0.00000	4739.58300
7.08360	0.00000	4739.58300
7.08743	0.00000	4739.58300
7.09127	0.00000	4736.84200
7.09507	0.00000	4736.84200
7.09892	0.00000	4736.84200
7.10276	0.00000	4736.84200
7.10660	0.00000	4736.84200
7.11043	0.00000	4736.84200
7.11426	0.00000	4764.70600
7.11809	0.00000	4764.70600
7.12193	0.00000	4764.70600
7.12576	0.00000	4764.70600
7.12960	0.00000	4764.70600
7.13344	0.00000	4764.70600
7.13726	0.00000	4759.19100
7.14110	0.00000	4759.19100
7.14495	0.00000	4759.19100
7.14878	0.00000	4759.19100
7.15262	0.00000	4759.19100
7.15645	0.00000	4776.25700
7.16030	0.00000	4776.25700
7.16415	0.00000	4776.25700
7.16799	0.00000	4776.25700
7.17183	0.00000	4776.25700
7.17567	0.00000	4776.25700
7.17950	0.00000	4770.22000
7.18334	0.00000	4770.22000
7.18719	0.00000	4770.22000
7.19103	0.00000	4770.22000
7.19488	0.00000	4770.22000
7.19871	0.00000	4770.22000
7.20254	0.00000	4770.22000
7.20639	0.00000	4770.22000
7.21024	0.00000	4770.22000
7.21408	0.00000	4770.22000
7.21792	0.00000	4770.22000
7.22176	0.00000	4770.22000
7.22561	0.00000	4764.25400
7.22944	0.00000	4764.25400
7.23328	0.00000	4764.25400
7.23711	0.00000	4764.25400
7.24094	0.00000	4764.25400
7.24479	0.00000	4764.25400
7.24862	0.00000	4761.94800
7.25245	0.00000	4761.94800
7.25628	0.00000	4761.94800
7.26012	0.00000	4761.94800
7.26396	0.00000	4761.94800
7.26779	0.00000	4767.93600
7.27164	0.00000	4767.93600
7.27547	0.00000	4767.93600
7.27931	0.00000	4767.93600
7.28315	0.00000	4767.93600
7.28699	0.00000	4767.93600
7.29083	0.00000	4775.73500
7.29466	0.00000	4775.73500
7.29850	0.00000	4775.73500
7.30233	0.00000	4775.73500
7.30618	0.00000	4775.73500
7.31002	0.00000	4775.73500
7.31387	0.00000	4767.46300
7.31772	0.00000	4767.46300
7.32155	0.00000	4767.46300
7.32540	0.00000	4767.46300
7.32923	0.00000	4767.46300
7.33307	0.00000	4767.46300
7.33691	0.00000	4772.97800
7.34075	0.00000	4772.97800
7.34458	0.00000	4772.97800
7.34844	0.00000	4772.97800
7.35227	0.00000	4772.97800
7.35611	0.00000	4772.97800
7.35994	0.00000	4750.91900
7.36378	0.00000	4750.91900
7.36761	0.00000	4750.91900
7.37145	0.00000	4750.91900
7.37528	0.00000	4750.91900
7.37907	0.00000	4742.64700
7.38291	0.00000	4742.64700
7.38676	0.00000	4742.64700
7.39059	0.00000	4742.64700
7.39443	0.00000	4742.64700
7.39825	0.00000	4742.64700
7.40208	0.00000	4750.54800
7.40592	0.00000	4750.54800
7.40976	0.00000	4750.54800
7.41363	0.00000	4750.54800
7.41747	0.00000	4750.54800
7.42132	0.00000	4750.54800
7.42517	0.00000	4745.06500
7.42902	0.00000	4745.06500
7.43287	0.00000	4745.06500
7.43671	0.00000	4745.06500
7.44054	0.00000	4745.06500
7.44438	0.00000	4745.06500
7.44821	0.00000	4739.58300
7.45204	0.00000	4739.58300
7.45588	0.00000	4739.58300
7.45972	0.00000	4739.58300
7.46357	0.00000	4739.58300
7.46740	0.00000	4745.40400
7.47122	0.00000	4745.40400
7.47505	0.00000	4745.40400
7.47889	0.00000	4745.40400
7.48271	0.00000	4745.40400
7.48655	0.00000	4745.40400
7.49038	0.00000	4742.64700
7.49422	0.00000	4742.64700
7.49805	0.00000	4742.64700
7.50189	0.00000	4742.64700
7.50571	0.00000	4742.64700
7.50956	0.00000	4742.64700
7.51341	0.00000	4758.77200
7.51725	0.00000	4758.77200
7.52108	0.00000	4758.77200
7.52493	0.00000	4758.77200
7.52877	0.00000	4758.77200
7.53261	0.00000	4758.77200
7.53644	0.00000	4739.58300
7.54028	0.00000	4739.58300
7.54413	0.00000	4739.58300
7.54798	0.00000	4739.58300
7.55182	0.00000	4739.58300
7.55565	0.00000	4739.58300
7.55949	0.00000	4747.80700
7.56333	0.00000	4747.80700
7.56717	0.00000	4747.80700
7.57100	0.00000	4747.80700
7.57483	0.00000	4747.80700
7.57867	0.00000	4764.70600
7.58249	0.00000	4764.70600
7.58633	0.00000	4764.70600
7.59015	0.00000	4764.70600
7.59398	0.00000	4764.70600
7.59783	0.00000	4764.70600
7.60168	0.00000	4742.64700
7.60554	0.00000	4742.64700
7.60938	0.00000	4742.64700
7.61321	0.00000	4742.64700
7.61704	0.00000	4742.64700
7.62088	0.00000	4742.64700
7.62472	0.00000	4739.58300
7.62856	0.00000	4739.58300
7.63239	0.00000	4739.58300
7.63623	0.00000	4739.58300
7.64006	0.00000	4739.58300
7.64390	0.00000	4739.58300
7.64774	0.00000	4756.03100
7.65157	0.00000	4756.03100
7.65541	0.00000	4756.03100
7.65925	0.00000	4756.03100
7.66307	0.00000	4756.03100
7.66692	0.00000	4756.03100
7.67074	0.00000	4742.32400
7.67458	0.00000	4742.32400
7.67841	0.00000	4742.32400
7.68225	0.00000	4742.32400
7.68609	0.00000	4742.32400
7.68993	0.00000	4742.64700
7.69376	0.00000	4742.64700
7.69759	0.00000	4742.64700
7.70142	0.00000	4742.64700
7.70525	0.00000	4742.64700
7.70909	0.00000	4742.64700
7.71292	0.00000	4765.16300
7.71676	0.00000	4765.16300
7.72060	0.00000	4765.16300
7.72443	0.00000	4765.16300
7.72828	0.00000	4765.16300
7.73211	0.00000	4765.16300
7.73595	0.00000	4750.54800
7.73978	0.00000	4750.54800
7.74362	0.00000	4750.54800
7.74746	0.00000	4750.54800
7.75130	0.00000	4750.54800
7.75514	0.00000	4750.54800
7.75897	0.00000	4781.25000
7.76280	0.00000	4781.25000
7.76663	0.00000	4781.25000
7.77046	0.00000	4781.25000
7.77429	0.00000	4781.25000
7.77813	0.00000	4781.25000
7.78196	0.00000	4770.22000
7.78582	0.00000	4770.22000
7.78965	0.00000	4770.22000
7.79349	0.00000	4770.22000
7.79731	0.00000	4770.22000
7.80115	0.00000	4767.93600
7.80499	0.00000	4767.93600
7.80883	0.00000	4767.93600
7.81266	0.00000	4767.93600
7.81649	0.00000	4767.93600
7.82033	0.00000	4767.93600
7.82416	0.00000	4748.16100
7.82802	0.00000	4748.16100
7.83185	0.00000	4748.16100
7.83569	0.00000	4748.16100
7.83952	0.00000	4748.16100
7.84336	0.00000	4748.16100
7.84720	0.00000	4739.58300
7.85104	0.00000	4739.58300
7.85489	0.00000	4739.58300
7.85873	0.00000	4739.58300
7.86260	0.00000	4739.58300
7.86646	0.00000	4739.58300
7.87029	0.00000	4734.10000
7.87413	0.00000	4734.10000
7.87798	0.00000	4734.10000
7.88181	0.00000	4734.10000
7.88565	0.00000	4734.10000
7.88947	0.00000	4734.10000
7.89330	0.00000	4759.19100
7.89714	0.00000	4759.19100
7.90098	0.00000	4759.19100
7.90482	0.00000	4759.19100
7.90866	0.00000	4759.19100
7.91248	0.00000	4767.93600
7.91632	0.00000	4767.93600
7.92017	0.00000	4767.93600
7.92401	0.00000	4767.93600
7.92785	0.00000	4767.93600
7.93168	0.00000	4767.93600
7.93552	0.00000	4759.19100
7.93937	0.00000	4759.19100
7.94320	0.00000	4759.19100
7.94704	0.00000	4759.19100
7.95089	0.00000	4759.19100
7.95472	0.00000	4759.19100
7.95854	0.00000	4728.61800
7.96238	0.00000	4728.61800
7.96621	0.00000	4728.61800
7.97005	0.00000	4728.61800
7.97388	0.00000	4728.61800
7.97773	0.00000	4728.61800
7.98157	0.00000	4753.67600
7.98541	0.00000	4753.67600
7.98924	0.00000	4753.67600
7.99308	0.00000	4753.67600
7.99692	0.00000	4753.67600
8.00078	0.00000	4753.67600
8.00461	0.00000	4737.13200
8.00844	0.00000	4737.13200
8.01227	0.00000	4737.13200
8.01611	0.00000	4737.13200
8.01995	0.00000	4737.13200
8.02379	0.00000	4726.10300
8.02765	0.00000	4726.10300
8.03150	0.00000	4726.10300
8.03533	0.00000	4726.10300
8.03916	0.00000	4726.10300
8.04300	0.00000	4726.10300
8.04685	0.00000	4761.94800
8.05068	0.00000	4761.94800
8.05452	0.00000	4761.94800
8.05836	0.00000	4761.94800
8.06219	0.00000	4761.94800
8.06602	0.00000	4761.94800
8.06985	0.00000	4759.19100
8.07368	0.00000	4759.19100
8.07752	0.00000	4759.19100
8.08136	0.00000	4759.19100
8.08520	0.00000	4759.19100
8.08904	0.00000	4759.19100
8.09287	0.00000	4734.10000
8.09670	0.00000	4734.10000
8.10053	0.00000	4734.10000
8.10438	0.00000	4734.10000
8.10821	0.00000	4734.10000
8.11205	0.00000	4737.13200
8.11587	0.00000	4737.13200
8.11971	0.00000	4737.13200
8.12358	0.00000	4737.13200
8.12742	0.00000	4737.13200
8.13125	0.00000	4737.13200
8.13507	0.00000	4748.52000
8.13891	0.00000	4748.52000
8.14275	0.00000	4748.52000
8.14658	0.00000	4748.52000
8.15040	0.00000	4748.52000
8.15423	0.00000	4748.52000
8.15807	0.00000	4728.61800
8.16190	0.00000	4728.61800
8.16573	0.00000	4728.61800
8.16956	0.00000	4728.61800
8.17341	0.00000	4728.61800
8.17725	0.00000	4728.61800
8.18107	0.00000	4750.91900
8.18491	0.00000	4750.91900
8.18874	0.00000	4750.91900
8.19258	0.00000	4750.91900
8.19641	0.00000	4750.91900
8.20024	0.00000	4750.91900
8.20407	0.00000	4720.39400
8.20791	0.00000	4720.39400
8.21174	0.00000	4720.39400
8.21557	0.00000	4720.39400
8.21941	0.00000	4720.39400
8.22325	0.00000	4737.13200
8.22707	0.00000	4737.13200
8.23092	0.00000	4737.13200
8.23476	0.00000	4737.13200
8.23860	0.00000	4737.13200
8.24243	0.00000	4737.13200
8.24628	0.00000	4748.16100
8.25013	0.00000	4748.16100
8.25398	0.00000	4748.16100
8.25781	0.00000	4748.16100
8.26164	0.00000	4748.16100
8.26548	0.00000	4748.16100
8.26931	0.00000	4725.87700
8.27314	0.00000	4725.87700
8.27697	0.00000	4725.87700
8.28081	0.00000	4725.87700
8.28464	0.00000	4725.87700
8.28847	0.00000	4725.87700
8.29230	0.00000	4742.64700
8.29614	0.00000	4742.64700
8.29998	0.00000	4742.64700
8.30382	0.00000	4742.64700
8.30766	0.00000	4742.64700
8.31149	0.00000	4742.64700
8.31531	0.00000	4739.88900
8.31914	0.00000	4739.88900
8.32297	0.00000	4739.88900
8.32680	0.00000	4739.88900
8.33065	0.00000	4739.88900
8.33448	0.00000	4754.06800
8.33832	0.00000	4754.06800
8.34216	0.00000	4754.06800
8.34600	0.00000	4754.06800
8.34983	0.00000	4754.06800
8.35366	0.00000	4754.06800
8.35749	0.00000	4745.40400
8.36135	0.00000	4745.40400
8.36517	0.00000	4745.40400
8.36900	0.00000	4745.40400
8.37284	0.00000	4745.40400
8.37667	0.00000	4745.40400
8.38050	0.00000	4734.10000
8.38434	0.00000	4734.10000
8.38818	0.00000	4734.10000
8.39202	0.00000	4734.10000
8.39586	0.00000	4734.10000
8.39970	0.00000	4734.10000
8.40353	0.00000	4739.58300
8.40737	0.00000	4739.58300
8.41121	0.00000	4739.58300
8.41504	0.00000	4739.58300
8.41889	0.00000	4739.58300
8.42273	0.00000	4759.61500
8.42655	0.00000	4759.61500
8.43039	0.00000	4759.61500
8.43422	0.00000	4759.61500
8.43806	0.00000	4759.61500
8.44190	0.00000	4759.61500
8.44573	0.00000	4726.10300
8.44957	0.00000	4726.10300
8.45341	0.00000	4726.10300
8.45724	0.00000	4726.10300
8.46109	0.00000	4726.10300
8.46493	0.00000	4726.10300
8.46877	0.00000	4748.16100
8.47261	0.00000	4748.16100
8.47645	0.00000	4748.16100
8.48028	0.00000	4748.16100
8.48413	0.00000	4748.16100
8.48797	0.00000	4748.16100
8.49181	0.00000	4736.84200
8.49566	0.00000	4736.84200
8.49949	0.00000	4736.84200
8.50332	0.00000	4736.84200
8.50716	0.00000	4736.84200
8.51099	0.00000	4736.84200
8.51483	0.00000	4720.39400
8.51867	0.00000	4720.39400
8.52252	0.00000	4720.39400
8.52636	0.00000	4720.39400
8.53019	0.00000	4720.39400
8.53402	0.00000	4754.06800
8.53787	0.00000	4754.06800
8.54170	0.00000	4754.06800
8.54554	0.00000	4754.06800
8.54937	0.00000	4754.06800
8.55321	0.00000	4754.06800
8.55704	0.00000	4745.40400
8.56088	0.00000	4745.40400
8.56471	0.00000	4745.40400
8.56853	0.00000	4745.40400
8.57237	0.00000	4745.40400
8.57621	0.00000	4745.40400
8.58003	0.00000	4745.40400
8.58388	0.00000	4745.40400
8.58771	0.00000	4745.40400
8.59155	0.00000	4745.40400
8.59538	0.00000	4745.40400
8.59923	0.00000	4745.40400
8.60307	0.00000	4761.94800
8.60691	0.00000	4761.94800
8.61075	0.00000	4761.94800
8.61459	0.00000	4761.94800
8.61842	0.00000	4761.94800
8.62225	0.00000	4761.94800
8.62607	0.00000	4737.13200
8.62992	0.00000	4737.13200
8.63375	0.00000	4737.13200
8.63759	0.00000	4737.13200
8.64142	0.00000	4737.13200
8.64525	0.00000	4745.74700
8.64911	0.00000	4745.74700
8.65295	0.00000	4745.74700
8.65678	0.00000	4745.74700
8.66062	0.00000	4745.74700
8.66445	0.00000	4745.74700
8.66828	0.00000	4748.16100
8.67211	0.00000	4748.16100
8.67594	0.00000	4748.16100
8.67978	0.00000	4748.16100
8.68362	0.00000	4748.16100
8.68746	0.00000	4748.16100
8.69130	0.00000	4748.16100
8.69513	0.00000	4748.16100
8.69897	0.00000	4748.16100
8.70280	0.00000	4748.16100
8.70664	0.00000	4748.16100
8.71048	0.00000	4748.16100
8.71431	0.00000	4731.35900
8.71815	0.00000	4731.35900
8.72198	0.00000	4731.35900
8.72582	0.00000	4731.35900
8.72965	0.00000	4731.35900
8.73349	0.00000	4748.52000
8.73734	0.00000	4748.52000
8.74117	0.00000	4748.52000
8.74501	0.00000	4748.52000
8.74886	0.00000	4748.52000
8.75270	0.00000	4748.52000
8.75654	0.00000	4728.86000
8.76038	0.00000	4728.86000
8.76422	0.00000	4728.86000
8.76806	0.00000	4728.86000
8.77189	0.00000	4728.86000
8.77572	0.00000	4728.86000
8.77956	0.00000	4756.43300
8.78338	0.00000	4756.43300
8.78723	0.00000	4756.43300
8.79106	0.00000	4756.43300
8.79490	0.00000	4756.43300
8.79873	0.00000	4756.43300
8.80256	0.00000	4737.13200
8.80639	0.00000	4737.13200
8.81022	0.00000	4737.13200
8.81406	0.00000	4737.13200
8.81790	0.00000	4737.13200
8.82173	0.00000	4737.13200
8.82557	0.00000	4742.64700
8.82940	0.00000	4742.64700
8.83323	0.00000	4742.64700
8.83706	0.00000	4742.64700
8.84090	0.00000	4742.64700
8.84474	0.00000	4737.42600
8.84859	0.00000	4737.42600
8.85242	0.00000	4737.42600
8.85625	0.00000	4737.42600
8.86008	0.00000	4737.42600
8.86392	0.00000	4737.42600
8.86775	0.00000	4745.40400
8.87159	0.00000	4745.40400
8.87543	0.00000	4745.40400
8.87926	0.00000	4745.40400
8.88307	0.00000	4745.40400
8.88690	0.00000	4745.40400
8.89072	0.00000	4728.61800
8.89454	0.00000	4728.61800
8.89837	0.00000	4728.61800
8.90220	0.00000	4728.61800
8.90603	0.00000	4728.61800
8.90986	0.00000	4728.61800
8.91370	0.00000	4734.37500
8.91754	0.00000	4734.37500
8.92138	0.00000	4734.37500
8.92521	0.00000	4734.37500
8.92905	0.00000	4734.37500
8.93288	0.00000	4734.37500
8.93670	0.00000	4734.37500
8.94053	0.00000	4734.37500
8.94436	0.00000	4734.37500
8.94820	0.00000	4734.37500
8.95204	0.00000	4734.37500
8.95586	0.00000	4742.97300
8.95971	0.00000	4742.97300
8.96354	0.00000	4742.97300
8.96737	0.00000	4742.97300
8.97121	0.00000	4742.97300
8.97505	0.00000	4742.97300
8.97889	0.00000	4745.40400
8.98272	0.00000	4745.40400
8.98658	0.00000	4745.40400
8.99043	0.00000	4745.40400
8.99426	0.00000	4745.40400
8.99810	0.00000	4745.40400
9.00197	0.00000	4739.88900
9.00580	0.00000	4739.88900
9.00964	0.00000	4739.88900
9.01347	0.00000	4739.88900
9.01731	0.00000	4739.88900
9.02114	0.00000	4739.88900
9.02499	0.00000	4750.91900
9.02883	0.00000	4750.91900
9.03266	0.00000	4750.91900
9.03650	0.00000	4750.91900
9.04033	0.00000	4750.91900
9.04416	0.00000	4737.42600
9.04801	0.00000	4737.42600
9.05185	0.00000	4737.42600
9.05569	0.00000	4737.42600
9.05952	0.00000	4737.42600
9.06335	0.00000	4737.42600
9.06719	0.00000	4734.37500
9.07102	0.00000	4734.37500
9.07486	0.00000	4734.37500
9.07869	0.00000	4734.37500
9.08254	0.00000	4734.37500
9.08637	0.00000	4734.37500
9.09021	0.00000	4734.10000
9.09406	0.00000	4734.10000
9.09789	0.00000	4734.10000
9.10175	0.00000	4734.10000
9.10559	0.00000	4734.10000
9.10943	0.00000	4734.10000
9.11327	0.00000	4731.35900
9.11711	0.00000	4731.35900
9.12094	0.00000	4731.35900
9.12477	0.00000	4731.35900
9.12861	0.00000	4731.35900
9.13244	0.00000	4731.35900
9.13628	0.00000	4731.61700
9.14011	0.00000	4731.61700
9.14395	0.00000	4731.61700
9.14778	0.00000	4731.61700
9.15162	0.00000	4731.61700
9.15545	0.00000	4737.42600
9.15930	0.00000	4737.42600
9.16315	0.00000	4737.42600
9.16698	0.00000	4737.42600
9.17081	0.00000	4737.42600
9.17466	0.00000	4737.42600
9.17850	0.00000	4720.39400
9.18233	0.00000	4720.39400
9.18617	0.00000	4720.39400
9.19000	0.00000	4720.39400
9.19384	0.00000	4720.39400
9.19767	0.00000	4720.39400
9.20151	0.00000	4748.16100
9.20534	0.00000	4748.16100
9.20918	0.00000	4748.16100
9.21302	0.00000	4748.16100
9.21685	0.00000	4748.16100
9.22069	0.00000	4748.16100
9.22454	0.00000	4750.91900
9.22837	0.00000	4750.91900
9.23221	0.00000	4750.91900
9.23604	0.00000	4750.91900
9.23989	0.00000	4750.91900
9.24373	0.00000	4745.74700
9.24756	0.00000	4745.74700
9.25139	0.00000	4745.74700
9.25524	0.00000	4745.74700
9.25907	0.00000	4745.74700
9.26292	0.00000	4745.74700
9.26676	0.00000	4739.88900
9.27060	0.00000	4739.88900
9.27443	0.00000	4739.88900
9.27828	0.00000	4739.88900
9.28213	0.00000	4739.88900
9.28598	0.00000	4739.88900
9.28981	0.00000	4734.37500
9.29366	0.00000	4734.37500
9.29752	0.00000	4734.37500
9.30136	0.00000	4734.37500
9.30519	0.00000	4734.37500
9.30902	0.00000	4734.37500
9.31285	0.00000	4737.13200
9.31668	0.00000	4737.13200
9.32053	0.00000	4737.13200
9.32437	0.00000	4737.13200
9.32821	0.00000	4737.13200
9.33206	0.00000	4737.13200
9.33588	0.00000	4728.86000
9.33973	0.00000	4728.86000
9.34356	0.00000	4728.86000
9.34740	0.00000	4728.86000
9.35123	0.00000	4728.86000
9.35507	0.00000	4731.87800
9.35891	0.00000	4731.87800
9.36274	0.00000	4731.87800
9.36657	0.00000	4731.87800
9.37041	0.00000	4731.87800
9.37424	0.00000	4731.87800
9.37808	0.00000	4742.64700
9.38193	0.00000	4742.64700
9.38576	0.00000	4742.64700
9.38959	0.00000	4742.64700
9.39343	0.00000	4742.64700
9.39726	0.00000	4742.64700
9.40111	0.00000	4745.40400
9.40494	0.00000	4745.40400
9.40878	0.00000	4745.40400
9.41261	0.00000	4745.40400
9.41645	0.00000	4745.40400
9.42029	0.00000	4745.40400
9.42413	0.00000	4723.13500
9.42796	0.00000	4723.13500
9.43179	0.00000	4723.13500
9.43562	0.00000	4723.13500
9.43946	0.00000	4723.13500
9.44329	0.00000	4734.65200
9.44713	0.00000	4734.65200
9.45097	0.00000	4734.65200
9.45480	0.00000	4734.65200
9.45863	0.00000	4734.65200
9.46246	0.00000	4734.65200
9.46631	0.00000	4751.29400
9.47016	0.00000	4751.29400
9.47399	0.00000	4751.29400
9.47782	0.00000	4751.29400
9.48168	0.00000	4751.29400
9.48551	0.00000	4751.29400
9.48935	0.00000	4725.87700
9.49318	0.00000	4725.87700
9.49704	0.00000	4725.87700
9.50087	0.00000	4725.87700
9.50471	0.00000	4725.87700
9.50856	0.00000	4725.87700
9.51240	0.00000	4745.40400
9.51623	0.00000	4745.40400
9.52007	0.00000	4745.40400
9.52390	0.00000	4745.40400
9.52774	0.00000	4745.40400
9.53159	0.00000	4745.40400
9.53544	0.00000	4765.16300
9.53929	0.00000	4765.16300
9.54314	0.00000	4765.16300
9.54698	0.00000	4765.16300
9.55081	0.00000	4765.16300
9.55464	0.00000	4740.19900
9.55850	0.00000	4740.19900
9.56234	0.00000	4740.19900
9.56616	0.00000	4740.19900
9.57000	0.00000	4740.19900
9.57383	0.00000	4740.19900
9.57766	0.00000	4734.37500
9.58152	0.00000	4734.37500
9.58536	0.00000	4734.37500
9.58921	0.00000	4734.37500
9.59304	0.00000	4734.37500
9.59687	0.00000	4734.37500
9.60070	0.00000	4753.67600
9.60454	0.00000	4753.67600
9.60839	0.00000	4753.67600
9.61223	0.00000	4753.67600
9.61607	0.00000	4753.67600
9.61990	0.00000	4753.67600
9.62374	0.00000	4737.13200
9.62757	0.00000	4737.13200
9.63140	0.00000	4737.13200
9.63524	0.00000	4737.13200
9.63907	0.00000	4737.13200
9.64291	0.00000	4745.74700
9.64677	0.00000	4745.74700
9.65060	0.00000	4745.74700
9.65443	0.00000	4745.74700
9.65826	0.00000	4745.74700
9.66210	0.00000	4745.74700
9.66593	0.00000	4731.61700
9.66976	0.00000	4731.61700
9.67359	0.00000	4731.61700
9.67742	0.00000	4731.61700
9.68127	0.00000	4731.61700
9.68510	0.00000	4731.61700
9.68894	0.00000	4734.37500
9.69277	0.00000	4734.37500
9.69660	0.00000	4734.37500
9.70044	0.00000	4734.37500
9.70427	0.00000	4734.37500
9.70811	0.00000	4734.37500
9.71194	0.00000	4748.16100
9.71577	0.00000	4748.16100
9.71961	0.00000	4748.16100
9.72344	0.00000	4748.16100
9.72727	0.00000	4748.16100
9.73107	0.00000	4748.16100
9.73491	0.00000	4731.61700
9.73875	0.00000	4731.61700
9.74258	0.00000	4731.61700
9.74641	0.00000	4731.61700
9.75025	0.00000	4731.61700
9.75408	0.00000	4742.97300
9.75793	0.00000	4742.97300
9.76175	0.00000	4742.97300
9.76558	0.00000	4742.97300
9.76942	0.00000	4742.97300
9.77325	0.00000	4742.97300
9.77708	0.00000	4734.37500
9.78092	0.00000	4734.37500
9.78475	0.00000	4734.37500
9.78858	0.00000	4734.37500
9.79240	0.00000	4734.37500
9.79624	0.00000	4734.37500
9.80007	0.00000	4742.64700
9.80390	0.00000	4742.64700
9.80774	0.00000	4742.64700
9.81157	0.00000	4742.64700
9.81540	0.00000	4742.64700
9.81924	0.00000	4742.64700
9.82307	0.00000	4731.61700
9.82691	0.00000	4731.61700
9.83074	0.00000	4731.61700
9.83459	0.00000	4731.61700
9.83844	0.00000	4731.61700
9.84227	0.00000	4737.42600
9.84610	0.00000	4737.42600
9.84994	0.00000	4737.42600
9.85378	0.00000	4737.42600
9.85761	0.00000	4737.42600
9.86144	0.00000	4737.42600
9.86527	0.00000	4751.29400
9.86910	0.00000	4751.29400
9.87293	0.00000	4751.29400
9.87677	0.00000	4751.29400
9.88060	0.00000	4751.29400
9.88444	0.00000	4751.29400
9.88828	0.00000	4717.65300
9.89211	0.00000	4717.65300
9.89595	0.00000	4717.65300
9.89980	0.00000	4717.65300
9.90363	0.00000	4717.65300
9.90745	0.00000	4717.65300
9.91129	0.00000	4748.16100
9.91513	0.00000	4748.16100
9.91896	0.00000	4748.16100
9.92279	0.00000	4748.16100
9.92664	0.00000	4748.16100
9.93048	0.00000	4748.16100
9.93431	0.00000	4748.16100
9.93815	0.00000	4748.16100
9.94199	0.00000	4748.16100
9.94582	0.00000	4748.16100
9.94966	0.00000	4748.16100
9.95349	0.00000	4754.06800
9.95733	0.00000	4754.06800
9.96116	0.00000	4754.06800
9.96499	0.00000	4754.06800
9.96882	0.00000	4754.06800
9.97265	0.00000	4754.06800
9.97651	0.00000	4748.16100
9.98034	0.00000	4748.16100
9.98417	0.00000	4748.16100
9.98804	0.00000	4748.16100
9.99189	0.00000	4748.16100
9.99573	0.00000	4748.16100
9.99958	0.00000	4725.87700
