Time (s)   Thrust (N)   RPM
0.00031	0.00000	4615.60500
0.00419	0.00000	4615.60500
0.00804	0.00000	4615.60500
0.01189	0.00000	4615.60500
0.01572	0.00000	4598.35100
0.01956	0.00000	4598.35100
0.02339	0.00000	4598.35100
0.02723	0.00000	4598.35100
0.03106	0.00000	4598.35100
0.03489	0.00000	4545.71800
0.03873	0.00000	4545.71800
0.04256	0.00000	4545.71800
0.04640	0.00000	4545.71800
0.05023	0.00000	4545.71800
0.05406	0.00000	4545.71800
0.05789	0.00000	4299.88000
0.06172	0.00000	4299.88000
0.06555	0.00000	4299.88000
0.06937	0.00000	4299.88000
0.07320	0.00000	4299.88000
0.07702	0.00000	4107.89700
0.08085	0.00000	4107.89700
0.08468	0.00000	4107.89700
0.08851	0.00000	4107.89700
0.09233	0.00000	4107.89700
0.09615	0.00000	3919.27000
0.09998	0.00000	3919.27000
0.10381	0.00000	3919.27000
0.10764	0.00000	3919.27000
0.11148	0.00000	3773.77700
0.11540	0.00000	3773.77700
0.11926	0.00000	3773.77700
0.12308	0.00000	3773.77700
0.12693	0.00000	3773.77700
0.13076	0.00000	3638.88900
0.13459	0.00000	3638.88900
0.13841	0.00000	3638.88900
0.14223	0.00000	3638.88900
0.14605	0.00000	3520.99200
0.14987	0.00000	3520.99200
0.15368	0.00000	3520.99200
0.15751	0.00000	3520.99200
0.16133	0.00000	3520.99200
0.16515	0.00000	3386.62800
0.16898	0.00000	3386.62800
0.17281	0.00000	3386.62800
0.17663	0.00000	3386.62800
0.18046	0.00000	3273.86800
0.18429	0.00000	3273.86800
0.18813	0.00000	3273.86800
0.19195	0.00000	3273.86800
0.19577	0.00000	3273.86800
0.19960	0.00000	3191.25000
0.20343	0.00000	3191.25000
0.20727	0.00000	3191.25000
0.21109	0.00000	3191.25000
0.21491	0.00000	3119.87700
0.21873	0.00000	3119.87700
0.22257	0.00000	3119.87700
0.22639	0.00000	3119.87700
0.23022	0.00000	3025.56800
0.23405	0.00000	3025.56800
0.23788	0.00000	3025.56800
0.24171	0.00000	3025.56800
0.24554	0.00000	2933.59300
0.24936	0.00000	2933.59300
0.25318	0.00000	2933.59300
0.25700	0.00000	2933.59300
0.26083	0.00000	2880.03100
0.26465	0.00000	2880.03100
0.26848	0.00000	2880.03100
0.27231	0.00000	2880.03100
0.27613	0.00000	2804.48700
0.27996	0.00000	2804.48700
0.28379	0.00000	2804.48700
0.28761	0.00000	2804.48700
0.29145	0.00000	2767.66300
0.29527	0.00000	2767.66300
0.29910	0.00000	2767.66300
0.30293	0.00000	2767.66300
0.30676	0.00000	2690.21700
0.31059	0.00000	2690.21700
0.31442	0.00000	2690.21700
0.31824	0.00000	2690.21700
0.32207	0.00000	2639.80200
0.32589	0.00000	2639.80200
0.32971	0.00000	2639.80200
0.33354	0.00000	2639.80200
0.33737	0.00000	2596.79200
0.34119	0.00000	2596.79200
0.34500	0.00000	2596.79200
0.34883	0.00000	2596.79200
0.35265	0.00000	2557.19800
0.35648	0.00000	2557.19800
0.36030	0.00000	2557.19800
0.36412	0.00000	2557.19800
0.36796	0.00000	2516.89100
0.37178	0.00000	2516.89100
0.37560	0.00000	2516.89100
0.37943	0.00000	2467.32900
0.38325	0.00000	2467.32900
0.38708	0.00000	2467.32900
0.39090	0.00000	2467.32900
0.39473	0.00000	2416.19300
0.39856	0.00000	2416.19300
0.40238	0.00000	2416.19300
0.40622	0.00000	2416.19300
0.41004	0.00000	2403.95600
0.41387	0.00000	2403.95600
0.41770	0.00000	2403.95600
0.42152	0.00000	2403.95600
0.42534	0.00000	2356.65100
0.42916	0.00000	2356.65100
0.43298	0.00000	2356.65100
0.43682	0.00000	2322.04800
0.44064	0.00000	2322.04800
0.44446	0.00000	2322.04800
0.44828	0.00000	2322.04800
0.45210	0.00000	2304.32200
0.45593	0.00000	2304.32200
0.45975	0.00000	2304.32200
0.46357	0.00000	2304.32200
0.46739	0.00000	2273.65600
0.47122	0.00000	2273.65600
0.47504	0.00000	2273.65600
0.47888	0.00000	2273.65600
0.48270	0.00000	2238.60900
0.48652	0.00000	2238.60900
0.49034	0.00000	2238.60900
0.49417	0.00000	2194.80100
0.49801	0.00000	2194.80100
0.50185	0.00000	2194.80100
0.50567	0.00000	2194.80100
0.50950	0.00000	2193.39600
0.51332	0.00000	2193.39600
0.51715	0.00000	2193.39600
0.52096	0.00000	2193.39600
0.52479	0.00000	2158.01800
0.52858	0.00000	2158.01800
0.53240	0.00000	2158.01800
0.53623	0.00000	2147.32100
0.54005	0.00000	2147.32100
0.54388	0.00000	2147.32100
0.54770	0.00000	2147.32100
0.55153	0.00000	2129.46400
0.55536	0.00000	2129.46400
0.55918	0.00000	2129.46400
0.56300	0.00000	2129.46400
0.56683	0.00000	2098.21400
0.57065	0.00000	2098.21400
0.57448	0.00000	2098.21400
0.57831	0.00000	2082.33100
0.58213	0.00000	2082.33100
0.58595	0.00000	2082.33100
0.58977	0.00000	2082.33100
0.59359	0.00000	2073.31700
0.59741	0.00000	2073.31700
0.60123	0.00000	2073.31700
0.60506	0.00000	2057.03800
0.60888	0.00000	2057.03800
0.61271	0.00000	2057.03800
0.61654	0.00000	2057.03800
0.62037	0.00000	2032.75200
0.62419	0.00000	2032.75200
0.62801	0.00000	2032.75200
0.63183	0.00000	2032.75200
0.63565	0.00000	2005.70900
0.63947	0.00000	2005.70900
0.64329	0.00000	2005.70900
0.64712	0.00000	1997.87600
0.65094	0.00000	1997.87600
0.65477	0.00000	1997.87600
0.65859	0.00000	1997.87600
0.66242	0.00000	1974.15800
0.66624	0.00000	1974.15800
0.67006	0.00000	1974.15800
0.67389	0.00000	1980.69800
0.67772	0.00000	1980.69800
0.68154	0.00000	1980.69800
0.68536	0.00000	1980.69800
0.68918	0.00000	1961.46800
0.69300	0.00000	1961.46800
0.69683	0.00000	1961.46800
0.70065	0.00000	1925.06000
0.70448	0.00000	1925.06000
0.70829	0.00000	1925.06000
0.71211	0.00000	1925.06000
0.71594	0.00000	1929.61100
0.71977	0.00000	1929.61100
0.72358	0.00000	1929.61100
0.72741	0.00000	1916.36000
0.73124	0.00000	1916.36000
0.73506	0.00000	1916.36000
0.73889	0.00000	1916.36000
0.74271	0.00000	1911.76400
0.74653	0.00000	1911.76400
0.75036	0.00000	1911.76400
0.75418	0.00000	1897.97800
0.75800	0.00000	1897.97800
0.76182	0.00000	1897.97800
0.76565	0.00000	1897.97800
0.76947	0.00000	1898.20500
0.77330	0.00000	1898.20500
0.77712	0.00000	1898.20500
0.78095	0.00000	1898.20500
0.78477	0.00000	1898.20500
0.78858	0.00000	1898.20500
0.79240	0.00000	1898.20500
0.79623	0.00000	1870.35800
0.80005	0.00000	1870.35800
0.80387	0.00000	1870.35800
0.80770	0.00000	1870.35800
0.81153	0.00000	1879.64100
0.81535	0.00000	1879.64100
0.81918	0.00000	1879.64100
0.82299	0.00000	1856.43500
0.82683	0.00000	1856.43500
0.83065	0.00000	1856.43500
0.83447	0.00000	1856.43500
0.83830	0.00000	1833.63900
0.84212	0.00000	1833.63900
0.84595	0.00000	1833.63900
0.84978	0.00000	1837.87100
0.85360	0.00000	1837.87100
0.85744	0.00000	1837.87100
0.86127	0.00000	1837.87100
0.86509	0.00000	1833.23000
0.86893	0.00000	1833.23000
0.87275	0.00000	1833.23000
0.87658	0.00000	1823.94800
0.88041	0.00000	1823.94800
0.88423	0.00000	1823.94800
0.88806	0.00000	1823.94800
0.89188	0.00000	1810.02400
0.89572	0.00000	1810.02400
0.89954	0.00000	1810.02400
0.90336	0.00000	1805.38300
0.90718	0.00000	1805.38300
0.91101	0.00000	1805.38300
0.91485	0.00000	1791.46000
0.91867	0.00000	1791.46000
0.92248	0.00000	1791.46000
0.92630	0.00000	1791.46000
0.93012	0.00000	1786.81900
0.93394	0.00000	1786.81900
0.93777	0.00000	1786.81900
0.94161	0.00000	1795.31200
0.94543	0.00000	1795.31200
0.94926	0.00000	1795.31200
0.95308	0.00000	1795.31200
0.95691	0.00000	1800.00000
0.96074	0.00000	1800.00000
0.96456	0.00000	1800.00000
0.96839	0.00000	1785.93700
0.97222	0.00000	1785.93700
0.97604	0.00000	1785.93700
0.97986	0.00000	1785.93700
0.98369	0.00000	1772.89600
0.98753	0.00000	1772.89600
0.99135	0.00000	1772.89600
0.99522	0.00000	1776.56200
0.99905	0.00000	1776.56200
1.00288	0.00000	1776.56200
1.00672	0.00000	1776.56200
1.01055	0.00000	1768.25400
1.01438	0.00000	1768.25400
1.01819	0.00000	1768.25400
1.02202	0.00000	1762.50000
1.02585	0.00000	1762.50000
1.02968	0.00000	1762.50000
1.03351	0.00000	1762.50000
1.03733	0.00000	1771.87500
1.04116	0.00000	1771.87500
1.04498	0.00000	1771.87500
1.04882	0.00000	1753.12500
1.05265	0.00000	1753.12500
1.05648	0.00000	1753.12500
1.06029	0.00000	1753.12500
1.06412	0.00000	1740.40800
1.06795	0.00000	1740.40800
1.07177	0.00000	1740.40800
1.07560	0.00000	1748.43700
1.07942	0.00000	1748.43700
1.08325	0.00000	1748.43700
1.08707	0.00000	1748.43700
1.09089	0.00000	1748.43700
1.09472	0.00000	1748.43700
1.09855	0.00000	1748.43700
1.10238	0.00000	1756.62800
1.10620	0.00000	1756.62800
1.11003	0.00000	1756.62800
1.11384	0.00000	1751.89400
1.11767	0.00000	1751.89400
1.12150	0.00000	1751.89400
1.12532	0.00000	1751.89400
1.12914	0.00000	1739.06200
1.13297	0.00000	1739.06200
1.13679	0.00000	1739.06200
1.14057	0.00000	1747.15900
1.14441	0.00000	1747.15900
1.14822	0.00000	1747.15900
1.15205	0.00000	1747.15900
1.15587	0.00000	1739.06200
1.15969	0.00000	1739.06200
1.16351	0.00000	1739.06200
1.16733	0.00000	1720.31200
1.17115	0.00000	1720.31200
1.17499	0.00000	1720.31200
1.17881	0.00000	1720.31200
1.18264	0.00000	1729.68700
1.18646	0.00000	1729.68700
1.19029	0.00000	1729.68700
1.19411	0.00000	1715.62500
1.19793	0.00000	1715.62500
1.20175	0.00000	1715.62500
1.20557	0.00000	1715.62500
1.20940	0.00000	1720.31200
1.21326	0.00000	1720.31200
1.21709	0.00000	1720.31200
1.22091	0.00000	1710.93700
1.22474	0.00000	1710.93700
1.22857	0.00000	1710.93700
1.23239	0.00000	1723.48400
1.23622	0.00000	1723.48400
1.24004	0.00000	1723.48400
1.24387	0.00000	1723.48400
1.24769	0.00000	1732.95400
1.25151	0.00000	1732.95400
1.25534	0.00000	1732.95400
1.25916	0.00000	1723.48400
1.26299	0.00000	1723.48400
1.26682	0.00000	1723.48400
1.27064	0.00000	1723.48400
1.27445	0.00000	1715.62500
1.27828	0.00000	1715.62500
1.28210	0.00000	1715.62500
1.28592	0.00000	1718.75000
1.28974	0.00000	1718.75000
1.29356	0.00000	1718.75000
1.29738	0.00000	1718.75000
1.30120	0.00000	1710.93700
1.30503	0.00000	1710.93700
1.30885	0.00000	1710.93700
1.31267	0.00000	1709.28000
1.31649	0.00000	1709.28000
1.32031	0.00000	1709.28000
1.32413	0.00000	1709.28000
1.32795	0.00000	1706.25000
1.33177	0.00000	1706.25000
1.33559	0.00000	1706.25000
1.33942	0.00000	1714.01500
1.34325	0.00000	1714.01500
1.34708	0.00000	1714.01500
1.35090	0.00000	1709.28000
1.35473	0.00000	1709.28000
1.35855	0.00000	1709.28000
1.36237	0.00000	1709.28000
1.36620	0.00000	1701.56200
1.37002	0.00000	1701.56200
1.37384	0.00000	1701.56200
1.37767	0.00000	1699.81000
1.38150	0.00000	1699.81000
1.38531	0.00000	1699.81000
1.38914	0.00000	1699.81000
1.39297	0.00000	1718.75000
1.39679	0.00000	1718.75000
1.40058	0.00000	1718.75000
1.40440	0.00000	1704.54500
1.40823	0.00000	1704.54500
1.41205	0.00000	1704.54500
1.41586	0.00000	1704.54500
1.41969	0.00000	1692.18700
1.42351	0.00000	1692.18700
1.42733	0.00000	1692.18700
1.43115	0.00000	1704.54500
1.43498	0.00000	1704.54500
1.43881	0.00000	1704.54500
1.44263	0.00000	1695.07500
1.44645	0.00000	1695.07500
1.45027	0.00000	1695.07500
1.45409	0.00000	1695.07500
1.45791	0.00000	1699.81000
1.46173	0.00000	1699.81000
1.46556	0.00000	1699.81000
1.46938	0.00000	1699.81000
1.47319	0.00000	1699.81000
1.47702	0.00000	1699.81000
1.48084	0.00000	1699.81000
1.48466	0.00000	1709.28000
1.48848	0.00000	1709.28000
1.49229	0.00000	1709.28000
1.49611	0.00000	1699.81000
1.49994	0.00000	1699.81000
1.50376	0.00000	1699.81000
1.50758	0.00000	1699.81000
1.51140	0.00000	1687.50000
1.51523	0.00000	1687.50000
1.51904	0.00000	1687.50000
1.52286	0.00000	1690.34000
1.52668	0.00000	1690.34000
1.53051	0.00000	1690.34000
1.53433	0.00000	1690.34000
1.53815	0.00000	1699.81000
1.54198	0.00000	1699.81000
1.54579	0.00000	1699.81000
1.54962	0.00000	1690.34000
1.55344	0.00000	1690.34000
1.55725	0.00000	1690.34000
1.56107	0.00000	1690.34000
1.56490	0.00000	1690.34000
1.56872	0.00000	1690.34000
1.57255	0.00000	1690.34000
1.57638	0.00000	1682.81200
1.58020	0.00000	1682.81200
1.58402	0.00000	1682.81200
1.58785	0.00000	1685.60600
1.59167	0.00000	1685.60600
1.59548	0.00000	1685.60600
1.59930	0.00000	1685.60600
1.60312	0.00000	1687.50000
1.60694	0.00000	1687.50000
1.61077	0.00000	1687.50000
1.61458	0.00000	1685.60600
1.61840	0.00000	1685.60600
1.62222	0.00000	1685.60600
1.62604	0.00000	1685.60600
1.62986	0.00000	1695.07500
1.63368	0.00000	1695.07500
1.63751	0.00000	1695.07500
1.64133	0.00000	1690.34000
1.64516	0.00000	1690.34000
1.64898	0.00000	1690.34000
1.65280	0.00000	1685.60600
1.65662	0.00000	1685.60600
1.66045	0.00000	1685.60600
1.66427	0.00000	1685.60600
1.66808	0.00000	1695.07500
1.67190	0.00000	1695.07500
1.67572	0.00000	1695.07500
1.67954	0.00000	1685.60600
1.68336	0.00000	1685.60600
1.68718	0.00000	1685.60600
1.69100	0.00000	1685.60600
1.69482	0.00000	1673.43700
1.69864	0.00000	1673.43700
1.70246	0.00000	1673.43700
1.70628	0.00000	1685.60600
1.71010	0.00000	1685.60600
1.71392	0.00000	1685.60600
1.71774	0.00000	1685.60600
1.72156	0.00000	1690.34000
1.72538	0.00000	1690.34000
1.72921	0.00000	1690.34000
1.73304	0.00000	1680.87100
1.73686	0.00000	1680.87100
1.74068	0.00000	1680.87100
1.74450	0.00000	1685.60600
1.74832	0.00000	1685.60600
1.75214	0.00000	1685.60600
1.75596	0.00000	1685.60600
1.75979	0.00000	1673.43700
1.76361	0.00000	1673.43700
1.76743	0.00000	1673.43700
1.77125	0.00000	1680.87100
1.77507	0.00000	1680.87100
1.77889	0.00000	1680.87100
1.78271	0.00000	1680.87100
1.78653	0.00000	1690.34000
1.79035	0.00000	1690.34000
1.79417	0.00000	1690.34000
1.79798	0.00000	1698.02300
1.80180	0.00000	1698.02300
1.80562	0.00000	1698.02300
1.80944	0.00000	1698.02300
1.81326	0.00000	1685.60600
1.81708	0.00000	1685.60600
1.82090	0.00000	1685.60600
1.82472	0.00000	1685.60600
1.82854	0.00000	1685.60600
1.83237	0.00000	1685.60600
1.83619	0.00000	1698.02300
1.84002	0.00000	1698.02300
1.84384	0.00000	1698.02300
1.84766	0.00000	1698.02300
1.85148	0.00000	1685.60600
1.85530	0.00000	1685.60600
1.85912	0.00000	1685.60600
1.86294	0.00000	1680.87100
1.86676	0.00000	1680.87100
1.87059	0.00000	1680.87100
1.87441	0.00000	1680.87100
1.87824	0.00000	1673.43700
1.88206	0.00000	1673.43700
1.88589	0.00000	1673.43700
1.88971	0.00000	1680.87100
1.89353	0.00000	1680.87100
1.89735	0.00000	1680.87100
1.90117	0.00000	1680.87100
1.90498	0.00000	1680.87100
1.90881	0.00000	1680.87100
1.91262	0.00000	1680.87100
1.91646	0.00000	1676.13600
1.92028	0.00000	1676.13600
1.92410	0.00000	1676.13600
1.92792	0.00000	1676.13600
1.93174	0.00000	1676.13600
1.93557	0.00000	1676.13600
1.93942	0.00000	1676.13600
1.94325	0.00000	1690.34000
1.94707	0.00000	1690.34000
1.95089	0.00000	1690.34000
1.95471	0.00000	1680.87100
1.95853	0.00000	1680.87100
1.96235	0.00000	1680.87100
1.96617	0.00000	1680.87100
1.97000	0.00000	1690.34000
1.97381	0.00000	1690.34000
1.97763	0.00000	1690.34000
1.98146	0.00000	1693.23900
1.98528	0.00000	1693.23900
1.98910	0.00000	1693.23900
1.99293	0.00000	1693.23900
1.99676	0.00000	1680.87100
2.00058	0.00000	1680.87100
2.00439	0.00000	1680.87100
2.00822	0.00000	1676.13600
2.01204	0.00000	1676.13600
2.01586	0.00000	1676.13600
2.01969	0.00000	1680.87100
2.02351	0.00000	1680.87100
2.02734	0.00000	1680.87100
2.03116	0.00000	1680.87100
2.03499	0.00000	1668.75000
2.03882	0.00000	1668.75000
2.04264	0.00000	1668.75000
2.04647	0.00000	1676.13600
2.05030	0.00000	1676.13600
2.05413	0.00000	1676.13600
2.05795	0.00000	1676.13600
2.06177	0.00000	1685.60600
2.06559	0.00000	1685.60600
2.06941	0.00000	1685.60600
2.07323	0.00000	1693.23900
2.07705	0.00000	1693.23900
2.08087	0.00000	1693.23900
2.08470	0.00000	1693.23900
2.08852	0.00000	1676.13600
2.09234	0.00000	1676.13600
2.09616	0.00000	1676.13600
2.09998	0.00000	1676.13600
2.10381	0.00000	1676.13600
2.10764	0.00000	1676.13600
2.11147	0.00000	1676.13600
2.11529	0.00000	1676.13600
2.11912	0.00000	1676.13600
2.12294	0.00000	1676.13600
2.12676	0.00000	1668.75000
2.13058	0.00000	1668.75000
2.13440	0.00000	1668.75000
2.13822	0.00000	1676.13600
2.14204	0.00000	1676.13600
2.14586	0.00000	1676.13600
2.14968	0.00000	1676.13600
2.15350	0.00000	1668.75000
2.15732	0.00000	1668.75000
2.16115	0.00000	1668.75000
2.16501	0.00000	1688.45600
2.16884	0.00000	1688.45600
2.17266	0.00000	1688.45600
2.17649	0.00000	1676.13600
2.18031	0.00000	1676.13600
2.18415	0.00000	1676.13600
2.18797	0.00000	1676.13600
2.19180	0.00000	1671.40100
2.19562	0.00000	1671.40100
2.19944	0.00000	1671.40100
2.20326	0.00000	1676.13600
2.20709	0.00000	1676.13600
2.21091	0.00000	1676.13600
2.21472	0.00000	1676.13600
2.21854	0.00000	1668.75000
2.22236	0.00000	1668.75000
2.22619	0.00000	1668.75000
2.23001	0.00000	1676.13600
2.23383	0.00000	1676.13600
2.23765	0.00000	1676.13600
2.24147	0.00000	1676.13600
2.24530	0.00000	1680.87100
2.24913	0.00000	1680.87100
2.25295	0.00000	1680.87100
2.25677	0.00000	1676.13600
2.26058	0.00000	1676.13600
2.26440	0.00000	1676.13600
2.26822	0.00000	1671.40100
2.27204	0.00000	1671.40100
2.27586	0.00000	1671.40100
2.27969	0.00000	1671.40100
2.28351	0.00000	1680.87100
2.28733	0.00000	1680.87100
2.29116	0.00000	1680.87100
2.29498	0.00000	1676.13600
2.29880	0.00000	1676.13600
2.30263	0.00000	1676.13600
2.30645	0.00000	1676.13600
2.31028	0.00000	1685.60600
2.31410	0.00000	1685.60600
2.31792	0.00000	1685.60600
2.32174	0.00000	1680.87100
2.32557	0.00000	1680.87100
2.32939	0.00000	1680.87100
2.33321	0.00000	1680.87100
2.33703	0.00000	1664.06200
2.34085	0.00000	1664.06200
2.34467	0.00000	1664.06200
2.34849	0.00000	1676.13600
2.35231	0.00000	1676.13600
2.35613	0.00000	1676.13600
2.35996	0.00000	1680.87100
2.36378	0.00000	1680.87100
2.36761	0.00000	1680.87100
2.37143	0.00000	1680.87100
2.37525	0.00000	1676.13600
2.37907	0.00000	1676.13600
2.38289	0.00000	1676.13600
2.38671	0.00000	1693.23900
2.39054	0.00000	1693.23900
2.39436	0.00000	1693.23900
2.39818	0.00000	1693.23900
2.40200	0.00000	1685.60600
2.40582	0.00000	1685.60600
2.40964	0.00000	1685.60600
2.41346	0.00000	1671.40100
2.41728	0.00000	1671.40100
2.42110	0.00000	1671.40100
2.42492	0.00000	1671.40100
2.42875	0.00000	1668.75000
2.43257	0.00000	1668.75000
2.43639	0.00000	1668.75000
2.44021	0.00000	1676.13600
2.44403	0.00000	1676.13600
2.44785	0.00000	1676.13600
2.45167	0.00000	1676.13600
2.45549	0.00000	1676.13600
2.45931	0.00000	1676.13600
2.46313	0.00000	1676.13600
2.46694	0.00000	1680.87100
2.47077	0.00000	1680.87100
2.47458	0.00000	1680.87100
2.47841	0.00000	1688.45600
2.48223	0.00000	1688.45600
2.48606	0.00000	1688.45600
2.48988	0.00000	1688.45600
2.49370	0.00000	1685.60600
2.49752	0.00000	1685.60600
2.50134	0.00000	1685.60600
2.50516	0.00000	1676.13600
2.50898	0.00000	1676.13600
2.51280	0.00000	1676.13600
2.51662	0.00000	1676.13600
2.52045	0.00000	1664.06200
2.52426	0.00000	1664.06200
2.52808	0.00000	1664.06200
2.53190	0.00000	1676.13600
2.53573	0.00000	1676.13600
2.53955	0.00000	1676.13600
2.54337	0.00000	1676.13600
2.54720	0.00000	1676.13600
2.55102	0.00000	1676.13600
2.55484	0.00000	1676.13600
2.55867	0.00000	1693.23900
2.56249	0.00000	1693.23900
2.56631	0.00000	1693.23900
2.57013	0.00000	1693.23900
2.57396	0.00000	1693.23900
2.57778	0.00000	1693.23900
2.58160	0.00000	1693.23900
2.58542	0.00000	1685.60600
2.58925	0.00000	1685.60600
2.59307	0.00000	1685.60600
2.59689	0.00000	1671.40100
2.60071	0.00000	1671.40100
2.60454	0.00000	1671.40100
2.60837	0.00000	1671.40100
2.61219	0.00000	1680.87100
2.61601	0.00000	1680.87100
2.61982	0.00000	1680.87100
2.62365	0.00000	1671.40100
2.62747	0.00000	1671.40100
2.63129	0.00000	1671.40100
2.63511	0.00000	1676.13600
2.63894	0.00000	1676.13600
2.64277	0.00000	1676.13600
2.64659	0.00000	1676.13600
2.65040	0.00000	1685.60600
2.65423	0.00000	1685.60600
2.65806	0.00000	1685.60600
2.66188	0.00000	1688.45600
2.66571	0.00000	1688.45600
2.66953	0.00000	1688.45600
2.67335	0.00000	1688.45600
2.67717	0.00000	1685.60600
2.68098	0.00000	1685.60600
2.68480	0.00000	1685.60600
2.68858	0.00000	1676.13600
2.69240	0.00000	1676.13600
2.69622	0.00000	1676.13600
2.70003	0.00000	1676.13600
2.70386	0.00000	1664.06200
2.70769	0.00000	1664.06200
2.71152	0.00000	1664.06200
2.71534	0.00000	1676.13600
2.71916	0.00000	1676.13600
2.72297	0.00000	1676.13600
2.72680	0.00000	1676.13600
2.73062	0.00000	1676.13600
2.73445	0.00000	1676.13600
2.73827	0.00000	1676.13600
2.74209	0.00000	1668.75000
2.74591	0.00000	1668.75000
2.74973	0.00000	1668.75000
2.75355	0.00000	1680.87100
2.75737	0.00000	1680.87100
2.76119	0.00000	1680.87100
2.76501	0.00000	1680.87100
2.76883	0.00000	1680.87100
2.77267	0.00000	1680.87100
2.77649	0.00000	1680.87100
2.78031	0.00000	1693.23900
2.78414	0.00000	1693.23900
2.78795	0.00000	1693.23900
2.79177	0.00000	1693.23900
2.79560	0.00000	1676.13600
2.79942	0.00000	1676.13600
2.80324	0.00000	1676.13600
2.80706	0.00000	1671.40100
2.81088	0.00000	1671.40100
2.81470	0.00000	1671.40100
2.81852	0.00000	1676.13600
2.82236	0.00000	1676.13600
2.82618	0.00000	1676.13600
2.83001	0.00000	1676.13600
2.83382	0.00000	1668.75000
2.83765	0.00000	1668.75000
2.84148	0.00000	1668.75000
2.84529	0.00000	1671.40100
2.84911	0.00000	1671.40100
2.85293	0.00000	1671.40100
2.85676	0.00000	1671.40100
2.86059	0.00000	1685.60600
2.86447	0.00000	1685.60600
2.86831	0.00000	1685.60600
2.87214	0.00000	1693.23900
2.87597	0.00000	1693.23900
2.87979	0.00000	1693.23900
2.88362	0.00000	1693.23900
2.88744	0.00000	1693.23900
2.89127	0.00000	1693.23900
2.89509	0.00000	1693.23900
2.89892	0.00000	1680.87100
2.90274	0.00000	1680.87100
2.90656	0.00000	1680.87100
2.91039	0.00000	1671.40100
2.91423	0.00000	1671.40100
2.91805	0.00000	1671.40100
2.92187	0.00000	1671.40100
2.92569	0.00000	1668.75000
2.92951	0.00000	1668.75000
2.93334	0.00000	1668.75000
2.93717	0.00000	1676.13600
2.94099	0.00000	1676.13600
2.94481	0.00000	1676.13600
2.94863	0.00000	1676.13600
2.95245	0.00000	1685.60600
2.95627	0.00000	1685.60600
2.96009	0.00000	1685.60600
2.96392	0.00000	1693.23900
2.96773	0.00000	1693.23900
2.97155	0.00000	1693.23900
2.97538	0.00000	1688.45600
2.97920	0.00000	1688.45600
2.98302	0.00000	1688.45600
2.98685	0.00000	1688.45600
2.99067	0.00000	1680.87100
2.99450	0.00000	1680.87100
2.99833	0.00000	1680.87100
3.00215	0.00000	1680.87100
3.00598	0.00000	1680.87100
3.00980	0.00000	1680.87100
3.01362	0.00000	1680.87100
3.01745	0.00000	1668.75000
3.02128	0.00000	1668.75000
3.02510	0.00000	1668.75000
3.02892	0.00000	1671.40100
3.03275	0.00000	1671.40100
3.03657	0.00000	1671.40100
3.04039	0.00000	1671.40100
3.04421	0.00000	1685.60600
3.04804	0.00000	1685.60600
3.05186	0.00000	1685.60600
3.05569	0.00000	1676.13600
3.05951	0.00000	1676.13600
3.06332	0.00000	1676.13600
3.06714	0.00000	1676.13600
3.07096	0.00000	1676.13600
3.07478	0.00000	1676.13600
3.07860	0.00000	1676.13600
3.08242	0.00000	1680.87100
3.08625	0.00000	1680.87100
3.09006	0.00000	1680.87100
3.09389	0.00000	1688.45600
3.09772	0.00000	1688.45600
3.10154	0.00000	1688.45600
3.10536	0.00000	1688.45600
3.10919	0.00000	1685.60600
3.11301	0.00000	1685.60600
3.11683	0.00000	1685.60600
3.12066	0.00000	1671.40100
3.12448	0.00000	1671.40100
3.12830	0.00000	1671.40100
3.13213	0.00000	1671.40100
3.13595	0.00000	1680.87100
3.13977	0.00000	1680.87100
3.14359	0.00000	1680.87100
3.14741	0.00000	1676.13600
3.15123	0.00000	1676.13600
3.15505	0.00000	1676.13600
3.15888	0.00000	1676.13600
3.16270	0.00000	1676.13600
3.16652	0.00000	1676.13600
3.17034	0.00000	1676.13600
3.17416	0.00000	1680.87100
3.17799	0.00000	1680.87100
3.18182	0.00000	1680.87100
3.18564	0.00000	1698.02300
3.18947	0.00000	1698.02300
3.19328	0.00000	1698.02300
3.19710	0.00000	1698.02300
3.20092	0.00000	1685.60600
3.20475	0.00000	1685.60600
3.20858	0.00000	1685.60600
3.21240	0.00000	1676.13600
3.21621	0.00000	1676.13600
3.22004	0.00000	1676.13600
3.22386	0.00000	1676.13600
3.22767	0.00000	1680.87100
3.23151	0.00000	1680.87100
3.23532	0.00000	1680.87100
3.23914	0.00000	1676.13600
3.24296	0.00000	1676.13600
3.24678	0.00000	1676.13600
3.25060	0.00000	1676.13600
3.25442	0.00000	1676.13600
3.25824	0.00000	1676.13600
3.26206	0.00000	1676.13600
3.26588	0.00000	1685.60600
3.26971	0.00000	1685.60600
3.27353	0.00000	1685.60600
3.27735	0.00000	1688.45600
3.28117	0.00000	1688.45600
3.28499	0.00000	1688.45600
3.28882	0.00000	1688.45600
3.29265	0.00000	1690.34000
3.29648	0.00000	1690.34000
3.30030	0.00000	1690.34000
3.30412	0.00000	1693.23900
3.30794	0.00000	1693.23900
3.31177	0.00000	1693.23900
3.31559	0.00000	1693.23900
3.31941	0.00000	1698.02300
3.32323	0.00000	1698.02300
3.32705	0.00000	1698.02300
3.33087	0.00000	1676.13600
3.33469	0.00000	1676.13600
3.33851	0.00000	1676.13600
3.34233	0.00000	1671.40100
3.34615	0.00000	1671.40100
3.34997	0.00000	1671.40100
3.35379	0.00000	1671.40100
3.35761	0.00000	1668.75000
3.36143	0.00000	1668.75000
3.36525	0.00000	1668.75000
3.36908	0.00000	1676.13600
3.37290	0.00000	1676.13600
3.37672	0.00000	1676.13600
3.38053	0.00000	1676.13600
3.38437	0.00000	1685.60600
3.38818	0.00000	1685.60600
3.39201	0.00000	1685.60600
3.39584	0.00000	1693.23900
3.39966	0.00000	1693.23900
3.40349	0.00000	1693.23900
3.40731	0.00000	1693.23900
3.41113	0.00000	1693.23900
3.41495	0.00000	1693.23900
3.41877	0.00000	1693.23900
3.42259	0.00000	1676.13600
3.42641	0.00000	1676.13600
3.43023	0.00000	1676.13600
3.43405	0.00000	1676.13600
3.43787	0.00000	1676.13600
3.44169	0.00000	1676.13600
3.44550	0.00000	1676.13600
3.44933	0.00000	1664.06200
3.45315	0.00000	1664.06200
3.45697	0.00000	1664.06200
3.46079	0.00000	1676.13600
3.46458	0.00000	1676.13600
3.46840	0.00000	1676.13600
3.47222	0.00000	1676.13600
3.47604	0.00000	1685.60600
3.47986	0.00000	1685.60600
3.48367	0.00000	1685.60600
3.48750	0.00000	1693.23900
3.49134	0.00000	1693.23900
3.49516	0.00000	1693.23900
3.49898	0.00000	1680.87100
3.50280	0.00000	1680.87100
3.50662	0.00000	1680.87100
3.51043	0.00000	1680.87100
3.51426	0.00000	1680.87100
3.51808	0.00000	1680.87100
3.52190	0.00000	1680.87100
3.52572	0.00000	1676.13600
3.52953	0.00000	1676.13600
3.53336	0.00000	1676.13600
3.53718	0.00000	1676.13600
3.54100	0.00000	1668.75000
3.54482	0.00000	1668.75000
3.54864	0.00000	1668.75000
3.55247	0.00000	1676.13600
3.55629	0.00000	1676.13600
3.56011	0.00000	1676.13600
3.56393	0.00000	1676.13600
3.56774	0.00000	1668.75000
3.57157	0.00000	1668.75000
3.57539	0.00000	1668.75000
3.57922	0.00000	1676.13600
3.58303	0.00000	1676.13600
3.58686	0.00000	1676.13600
3.59068	0.00000	1676.13600
3.59451	0.00000	1676.13600
3.59833	0.00000	1676.13600
3.60215	0.00000	1676.13600
3.60598	0.00000	1680.87100
3.60980	0.00000	1680.87100
3.61362	0.00000	1680.87100
3.61744	0.00000	1698.02300
3.62126	0.00000	1698.02300
3.62508	0.00000	1698.02300
3.62890	0.00000	1698.02300
3.63272	0.00000	1680.87100
3.63654	0.00000	1680.87100
3.64037	0.00000	1680.87100
3.64418	0.00000	1676.13600
3.64801	0.00000	1676.13600
3.65183	0.00000	1676.13600
3.65564	0.00000	1676.13600
3.65946	0.00000	1668.75000
3.66329	0.00000	1668.75000
3.66710	0.00000	1668.75000
3.67092	0.00000	1676.13600
3.67475	0.00000	1676.13600
3.67858	0.00000	1676.13600
3.68240	0.00000	1680.87100
3.68622	0.00000	1680.87100
3.69004	0.00000	1680.87100
3.69386	0.00000	1680.87100
3.69768	0.00000	1693.23900
3.70151	0.00000	1693.23900
3.70533	0.00000	1693.23900
3.70915	0.00000	1693.23900
3.71297	0.00000	1693.23900
3.71680	0.00000	1693.23900
3.72062	0.00000	1693.23900
3.72445	0.00000	1685.60600
3.72827	0.00000	1685.60600
3.73209	0.00000	1685.60600
3.73592	0.00000	1676.13600
3.73974	0.00000	1676.13600
3.74357	0.00000	1676.13600
3.74739	0.00000	1676.13600
3.75122	0.00000	1690.34000
3.75504	0.00000	1690.34000
3.75886	0.00000	1690.34000
3.76269	0.00000	1676.13600
3.76651	0.00000	1676.13600
3.77033	0.00000	1676.13600
3.77415	0.00000	1676.13600
3.77797	0.00000	1676.13600
3.78179	0.00000	1676.13600
3.78562	0.00000	1676.13600
3.78944	0.00000	1680.87100
3.79326	0.00000	1680.87100
3.79708	0.00000	1680.87100
3.80090	0.00000	1676.13600
3.80473	0.00000	1676.13600
3.80855	0.00000	1676.13600
3.81237	0.00000	1676.13600
3.81620	0.00000	1685.60600
3.82003	0.00000	1685.60600
3.82385	0.00000	1685.60600
3.82766	0.00000	1693.23900
3.83149	0.00000	1693.23900
3.83531	0.00000	1693.23900
3.83913	0.00000	1693.23900
3.84295	0.00000	1685.60600
3.84677	0.00000	1685.60600
3.85059	0.00000	1685.60600
3.85441	0.00000	1676.13600
3.85823	0.00000	1676.13600
3.86205	0.00000	1676.13600
3.86587	0.00000	1680.87100
3.86969	0.00000	1680.87100
3.87351	0.00000	1680.87100
3.87733	0.00000	1680.87100
3.88115	0.00000	1680.87100
3.88497	0.00000	1680.87100
3.88879	0.00000	1680.87100
3.89258	0.00000	1676.13600
3.89641	0.00000	1676.13600
3.90022	0.00000	1676.13600
3.90404	0.00000	1676.13600
3.90786	0.00000	1668.75000
3.91168	0.00000	1668.75000
3.91550	0.00000	1668.75000
3.91934	0.00000	1676.13600
3.92316	0.00000	1676.13600
3.92699	0.00000	1676.13600
3.93080	0.00000	1676.13600
3.93463	0.00000	1690.34000
3.93845	0.00000	1690.34000
3.94228	0.00000	1690.34000
3.94610	0.00000	1693.23900
3.94992	0.00000	1693.23900
3.95375	0.00000	1693.23900
3.95757	0.00000	1698.02300
3.96140	0.00000	1698.02300
3.96522	0.00000	1698.02300
3.96904	0.00000	1698.02300
3.97286	0.00000	1680.87100
3.97669	0.00000	1680.87100
3.98051	0.00000	1680.87100
3.98432	0.00000	1676.13600
3.98814	0.00000	1676.13600
3.99197	0.00000	1676.13600
3.99580	0.00000	1676.13600
3.99962	0.00000	1668.75000
4.00344	0.00000	1668.75000
4.00726	0.00000	1668.75000
4.01108	0.00000	1680.87100
4.01490	0.00000	1680.87100
4.01872	0.00000	1680.87100
4.02254	0.00000	1680.87100
4.02637	0.00000	1685.60600
4.03020	0.00000	1685.60600
4.03402	0.00000	1685.60600
4.03784	0.00000	1676.13600
4.04166	0.00000	1676.13600
4.04548	0.00000	1676.13600
4.04930	0.00000	1676.13600
4.05312	0.00000	1676.13600
4.05694	0.00000	1676.13600
4.06077	0.00000	1676.13600
4.06457	0.00000	1680.87100
4.06840	0.00000	1680.87100
4.07222	0.00000	1680.87100
4.07603	0.00000	1693.23900
4.07986	0.00000	1693.23900
4.08367	0.00000	1693.23900
4.08750	0.00000	1693.23900
4.09132	0.00000	1690.34000
4.09514	0.00000	1690.34000
4.09896	0.00000	1690.34000
4.10279	0.00000	1676.13600
4.10661	0.00000	1676.13600
4.11044	0.00000	1676.13600
4.11427	0.00000	1676.13600
4.11809	0.00000	1673.43700
4.12191	0.00000	1673.43700
4.12573	0.00000	1673.43700
4.12955	0.00000	1676.13600
4.13337	0.00000	1676.13600
4.13719	0.00000	1676.13600
4.14101	0.00000	1676.13600
4.14484	0.00000	1676.13600
4.14866	0.00000	1676.13600
4.15248	0.00000	1676.13600
4.15629	0.00000	1685.60600
4.16011	0.00000	1685.60600
4.16394	0.00000	1685.60600
4.16776	0.00000	1676.13600
4.17158	0.00000	1676.13600
4.17539	0.00000	1676.13600
4.17922	0.00000	1676.13600
4.18305	0.00000	1690.34000
4.18687	0.00000	1690.34000
4.19070	0.00000	1690.34000
4.19452	0.00000	1693.23900
4.19834	0.00000	1693.23900
4.20216	0.00000	1693.23900
4.20598	0.00000	1693.23900
4.20980	0.00000	1685.60600
4.21362	0.00000	1685.60600
4.21744	0.00000	1685.60600
4.22126	0.00000	1680.87100
4.22508	0.00000	1680.87100
4.22890	0.00000	1680.87100
4.23273	0.00000	1693.23900
4.23655	0.00000	1693.23900
4.24037	0.00000	1693.23900
4.24419	0.00000	1693.23900
4.24802	0.00000	1680.87100
4.25184	0.00000	1680.87100
4.25566	0.00000	1680.87100
4.25948	0.00000	1676.13600
4.26329	0.00000	1676.13600
4.26711	0.00000	1676.13600
4.27094	0.00000	1676.13600
4.27476	0.00000	1668.75000
4.27858	0.00000	1668.75000
4.28240	0.00000	1668.75000
4.28622	0.00000	1676.13600
4.29005	0.00000	1676.13600
4.29387	0.00000	1676.13600
4.29769	0.00000	1676.13600
4.30152	0.00000	1685.60600
4.30534	0.00000	1685.60600
4.30916	0.00000	1685.60600
4.31299	0.00000	1693.23900
4.31681	0.00000	1693.23900
4.32064	0.00000	1693.23900
4.32446	0.00000	1702.80600
4.32829	0.00000	1702.80600
4.33211	0.00000	1702.80600
4.33593	0.00000	1702.80600
4.33976	0.00000	1685.60600
4.34359	0.00000	1685.60600
4.34740	0.00000	1685.60600
4.35123	0.00000	1676.13600
4.35505	0.00000	1676.13600
4.35887	0.00000	1676.13600
4.36269	0.00000	1676.13600
4.36651	0.00000	1673.43700
4.37033	0.00000	1673.43700
4.37416	0.00000	1673.43700
4.37798	0.00000	1676.13600
4.38180	0.00000	1676.13600
4.38562	0.00000	1676.13600
4.38945	0.00000	1676.13600
4.39326	0.00000	1680.87100
4.39709	0.00000	1680.87100
4.40091	0.00000	1680.87100
4.40475	0.00000	1680.87100
4.40858	0.00000	1680.87100
4.41240	0.00000	1680.87100
4.41622	0.00000	1680.87100
4.42003	0.00000	1680.87100
4.42386	0.00000	1680.87100
4.42768	0.00000	1680.87100
4.43150	0.00000	1673.43700
4.43532	0.00000	1673.43700
4.43914	0.00000	1673.43700
4.44296	0.00000	1676.13600
4.44678	0.00000	1676.13600
4.45060	0.00000	1676.13600
4.45442	0.00000	1676.13600
4.45825	0.00000	1690.34000
4.46207	0.00000	1690.34000
4.46590	0.00000	1690.34000
4.46972	0.00000	1698.02300
4.47354	0.00000	1698.02300
4.47736	0.00000	1698.02300
4.48118	0.00000	1698.02300
4.48500	0.00000	1685.60600
4.48882	0.00000	1685.60600
4.49264	0.00000	1685.60600
4.49647	0.00000	1680.87100
4.50029	0.00000	1680.87100
4.50411	0.00000	1680.87100
4.50794	0.00000	1702.80600
4.51178	0.00000	1702.80600
4.51559	0.00000	1702.80600
4.51941	0.00000	1702.80600
4.52323	0.00000	1685.60600
4.52705	0.00000	1685.60600
4.53087	0.00000	1685.60600
4.53469	0.00000	1680.87100
4.53851	0.00000	1680.87100
4.54233	0.00000	1680.87100
4.54615	0.00000	1680.87100
4.54997	0.00000	1678.12500
4.55379	0.00000	1678.12500
4.55761	0.00000	1678.12500
4.56144	0.00000	1676.13600
4.56526	0.00000	1676.13600
4.56908	0.00000	1676.13600
4.57291	0.00000	1676.13600
4.57672	0.00000	1685.60600
4.58055	0.00000	1685.60600
4.58438	0.00000	1685.60600
4.58820	0.00000	1680.87100
4.59202	0.00000	1680.87100
4.59585	0.00000	1680.87100
4.59966	0.00000	1676.13600
4.60349	0.00000	1676.13600
4.60732	0.00000	1676.13600
4.61115	0.00000	1676.13600
4.61498	0.00000	1678.12500
4.61879	0.00000	1678.12500
4.62262	0.00000	1678.12500
4.62644	0.00000	1676.13600
4.63027	0.00000	1676.13600
4.63409	0.00000	1676.13600
4.63791	0.00000	1676.13600
4.64173	0.00000	1690.34000
4.64555	0.00000	1690.34000
4.64937	0.00000	1690.34000
4.65319	0.00000	1698.02300
4.65701	0.00000	1698.02300
4.66083	0.00000	1698.02300
4.66465	0.00000	1698.02300
4.66847	0.00000	1685.60600
4.67229	0.00000	1685.60600
4.67610	0.00000	1685.60600
4.67993	0.00000	1680.87100
4.68375	0.00000	1680.87100
4.68756	0.00000	1680.87100
4.69138	0.00000	1680.87100
4.69521	0.00000	1680.87100
4.69903	0.00000	1680.87100
4.70286	0.00000	1680.87100
4.70668	0.00000	1685.60600
4.71050	0.00000	1685.60600
4.71432	0.00000	1685.60600
4.71814	0.00000	1680.87100
4.72197	0.00000	1680.87100
4.72579	0.00000	1680.87100
4.72961	0.00000	1680.87100
4.73343	0.00000	1673.43700
4.73725	0.00000	1673.43700
4.74107	0.00000	1673.43700
4.74489	0.00000	1676.13600
4.74872	0.00000	1676.13600
4.75254	0.00000	1676.13600
4.75637	0.00000	1676.13600
4.76019	0.00000	1690.34000
4.76402	0.00000	1690.34000
4.76783	0.00000	1690.34000
4.77165	0.00000	1680.87100
4.77547	0.00000	1680.87100
4.77929	0.00000	1680.87100
4.78312	0.00000	1680.87100
4.78694	0.00000	1680.87100
4.79077	0.00000	1680.87100
4.79459	0.00000	1680.87100
4.79841	0.00000	1690.34000
4.80224	0.00000	1690.34000
4.80606	0.00000	1690.34000
4.80988	0.00000	1680.87100
4.81371	0.00000	1680.87100
4.81753	0.00000	1680.87100
4.82135	0.00000	1680.87100
4.82517	0.00000	1690.34000
4.82899	0.00000	1690.34000
4.83281	0.00000	1690.34000
4.83663	0.00000	1698.02300
4.84046	0.00000	1698.02300
4.84427	0.00000	1698.02300
4.84810	0.00000	1698.02300
4.85191	0.00000	1680.87100
4.85574	0.00000	1680.87100
4.85955	0.00000	1680.87100
4.86338	0.00000	1680.87100
4.86720	0.00000	1680.87100
4.87102	0.00000	1680.87100
4.87484	0.00000	1680.87100
4.87866	0.00000	1680.87100
4.88248	0.00000	1680.87100
4.88630	0.00000	1680.87100
4.89012	0.00000	1668.75000
4.89394	0.00000	1668.75000
4.89776	0.00000	1668.75000
4.90158	0.00000	1680.87100
4.90540	0.00000	1680.87100
4.90923	0.00000	1680.87100
4.91305	0.00000	1680.87100
4.91688	0.00000	1673.43700
4.92071	0.00000	1673.43700
4.92453	0.00000	1673.43700
4.92836	0.00000	1680.87100
4.93218	0.00000	1680.87100
4.93601	0.00000	1680.87100
4.93983	0.00000	1680.87100
4.94364	0.00000	1680.87100
4.94747	0.00000	1680.87100
4.95130	0.00000	1680.87100
4.95512	0.00000	1698.02300
4.95895	0.00000	1698.02300
4.96278	0.00000	1698.02300
4.96660	0.00000	1680.87100
4.97042	0.00000	1680.87100
4.97425	0.00000	1680.87100
4.97807	0.00000	1680.87100
4.98189	0.00000	1690.34000
4.98572	0.00000	1690.34000
4.98954	0.00000	1690.34000
4.99336	0.00000	1698.02300
4.99719	0.00000	1698.02300
5.00158	0.00000	1698.02300
5.00546	0.00000	1685.60600
5.00930	0.00000	1685.60600
5.01314	0.00000	1685.60600
5.01698	0.00000	1685.60600
5.02082	0.00000	1680.87100
5.02466	0.00000	1680.87100
5.02850	0.00000	1680.87100
5.03239	0.00000	1842.51200
5.03626	0.00000	1842.51200
5.04010	0.00000	1842.51200
5.04394	0.00000	1842.51200
5.04777	0.00000	2391.05500
5.05161	0.00000	2391.05500
5.05545	0.00000	2391.05500
5.05928	0.00000	2391.05500
5.06312	0.00000	2864.14100
5.06694	0.00000	2864.14100
5.07078	0.00000	2864.14100
5.07461	0.00000	2864.14100
5.07843	0.00000	3251.48800
5.08225	0.00000	3251.48800
5.08609	0.00000	3251.48800
5.08991	0.00000	3251.48800
5.09374	0.00000	3251.48800
5.09757	0.00000	3563.20400
5.10140	0.00000	3563.20400
5.10523	0.00000	3563.20400
5.10906	0.00000	3563.20400
5.11289	0.00000	3563.20400
5.11672	0.00000	3796.87500
5.12055	0.00000	3796.87500
5.12440	0.00000	3796.87500
5.12823	0.00000	3796.87500
5.13206	0.00000	3796.87500
5.13589	0.00000	3994.14000
5.13972	0.00000	3994.14000
5.14355	0.00000	3994.14000
5.14738	0.00000	3994.14000
5.15121	0.00000	3994.14000
5.15504	0.00000	4117.39900
5.15888	0.00000	4117.39900
5.16271	0.00000	4117.39900
5.16654	0.00000	4117.39900
5.17037	0.00000	4117.39900
5.17419	0.00000	4228.06300
5.17802	0.00000	4228.06300
5.18185	0.00000	4228.06300
5.18568	0.00000	4228.06300
5.18951	0.00000	4228.06300
5.19333	0.00000	4313.72500
5.19716	0.00000	4313.72500
5.20099	0.00000	4313.72500
5.20482	0.00000	4313.72500
5.20866	0.00000	4313.72500
5.21248	0.00000	4313.72500
5.21631	0.00000	4387.01900
5.22015	0.00000	4387.01900
5.22398	0.00000	4387.01900
5.22781	0.00000	4387.01900
5.23164	0.00000	4387.01900
5.23548	0.00000	4436.70300
5.23931	0.00000	4436.70300
5.24314	0.00000	4436.70300
5.24697	0.00000	4436.70300
5.25080	0.00000	4436.70300
5.25463	0.00000	4481.13200
5.25845	0.00000	4481.13200
5.26229	0.00000	4481.13200
5.26612	0.00000	4481.13200
5.26995	0.00000	4481.13200
5.27378	0.00000	4481.13200
5.27761	0.00000	4504.07600
5.28144	0.00000	4504.07600
5.28526	0.00000	4504.07600
5.28910	0.00000	4504.07600
5.29293	0.00000	4504.07600
5.29677	0.00000	4516.78200
5.30058	0.00000	4516.78200
5.30441	0.00000	4516.78200
5.30824	0.00000	4516.78200
5.31208	0.00000	4516.78200
5.31591	0.00000	4516.78200
5.31974	0.00000	4555.21500
5.32357	0.00000	4555.21500
5.32740	0.00000	4555.21500
5.33124	0.00000	4555.21500
5.33507	0.00000	4555.21500
5.33891	0.00000	4555.21500
5.34274	0.00000	4567.45400
5.34657	0.00000	4567.45400
5.35040	0.00000	4567.45400
5.35423	0.00000	4567.45400
5.35806	0.00000	4567.45400
5.36189	0.00000	4612.73000
5.36572	0.00000	4612.73000
5.36955	0.00000	4612.73000
5.37339	0.00000	4612.73000
5.37722	0.00000	4612.73000
5.38105	0.00000	4612.73000
5.38489	0.00000	4605.11400
5.38872	0.00000	4605.11400
5.39255	0.00000	4605.11400
5.39640	0.00000	4605.11400
5.40022	0.00000	4605.11400
5.40405	0.00000	4596.59100
5.40790	0.00000	4596.59100
5.41172	0.00000	4596.59100
5.41555	0.00000	4596.59100
5.41938	0.00000	4596.59100
5.42321	0.00000	4596.59100
5.42703	0.00000	4630.68100
5.43086	0.00000	4630.68100
5.43469	0.00000	4630.68100
5.43852	0.00000	4630.68100
5.44236	0.00000	4630.68100
5.44620	0.00000	4630.68100
5.45002	0.00000	4625.37600
5.45385	0.00000	4625.37600
5.45770	0.00000	4625.37600
5.46153	0.00000	4625.37600
5.46536	0.00000	4625.37600
5.46919	0.00000	4644.88600
5.47302	0.00000	4644.88600
5.47687	0.00000	4644.88600
5.48070	0.00000	4644.88600
5.48452	0.00000	4644.88600
5.48835	0.00000	4644.88600
5.49218	0.00000	4650.79100
5.49601	0.00000	4650.79100
5.49984	0.00000	4650.79100
5.50368	0.00000	4650.79100
5.50751	0.00000	4650.79100
5.51134	0.00000	4650.79100
5.51517	0.00000	4645.39700
5.51901	0.00000	4645.39700
5.52284	0.00000	4645.39700
5.52667	0.00000	4645.39700
5.53051	0.00000	4645.39700
5.53434	0.00000	4645.14300
5.53819	0.00000	4645.14300
5.54201	0.00000	4645.14300
5.54584	0.00000	4645.14300
5.54967	0.00000	4645.14300
5.55350	0.00000	4645.14300
5.55733	0.00000	4673.38100
5.56116	0.00000	4673.38100
5.56498	0.00000	4673.38100
5.56882	0.00000	4673.38100
5.57265	0.00000	4673.38100
5.57649	0.00000	4673.38100
5.58032	0.00000	4651.01000
5.58415	0.00000	4651.01000
5.58798	0.00000	4651.01000
5.59182	0.00000	4651.01000
5.59565	0.00000	4651.01000
5.59948	0.00000	4667.73300
5.60333	0.00000	4667.73300
5.60716	0.00000	4667.73300
5.61099	0.00000	4667.73300
5.61482	0.00000	4667.73300
5.61865	0.00000	4667.73300
5.62248	0.00000	4667.85200
5.62631	0.00000	4667.85200
5.63014	0.00000	4667.85200
5.63397	0.00000	4667.85200
5.63780	0.00000	4667.85200
5.64164	0.00000	4667.85200
5.64546	0.00000	4667.85200
5.64929	0.00000	4667.85200
5.65313	0.00000	4667.85200
5.65695	0.00000	4667.85200
5.66078	0.00000	4667.85200
5.66458	0.00000	4667.73300
5.66840	0.00000	4667.73300
5.67223	0.00000	4667.73300
5.67607	0.00000	4667.73300
5.67989	0.00000	4667.73300
5.68373	0.00000	4667.73300
5.68756	0.00000	4687.50000
5.69138	0.00000	4687.50000
5.69521	0.00000	4687.50000
5.69904	0.00000	4687.50000
5.70288	0.00000	4687.50000
5.70670	0.00000	4687.50000
5.71054	0.00000	4667.85200
5.71437	0.00000	4667.85200
5.71821	0.00000	4667.85200
5.72204	0.00000	4667.85200
5.72588	0.00000	4667.85200
5.72971	0.00000	4659.43100
5.73353	0.00000	4659.43100
5.73736	0.00000	4659.43100
5.74119	0.00000	4659.43100
5.74503	0.00000	4659.43100
5.74886	0.00000	4659.43100
5.75269	0.00000	4648.20300
5.75653	0.00000	4648.20300
5.76036	0.00000	4648.20300
5.76420	0.00000	4648.20300
5.76803	0.00000	4648.20300
5.77186	0.00000	4648.20300
5.77569	0.00000	4648.43700
5.77951	0.00000	4648.43700
5.78335	0.00000	4648.43700
5.78720	0.00000	4648.43700
5.79103	0.00000	4648.43700
5.79485	0.00000	4648.43700
5.79868	0.00000	4665.04500
5.80252	0.00000	4665.04500
5.80635	0.00000	4665.04500
5.81018	0.00000	4665.04500
5.81401	0.00000	4665.04500
5.81784	0.00000	4648.20300
5.82168	0.00000	4648.20300
5.82552	0.00000	4648.20300
5.82936	0.00000	4648.20300
5.83318	0.00000	4648.20300
5.83702	0.00000	4648.20300
5.84085	0.00000	4662.38800
5.84468	0.00000	4662.38800
5.84850	0.00000	4662.38800
5.85234	0.00000	4662.38800
5.85617	0.00000	4662.38800
5.86000	0.00000	4662.38800
5.86384	0.00000	4656.80800
5.86766	0.00000	4656.80800
5.87149	0.00000	4656.80800
5.87532	0.00000	4656.80800
5.87916	0.00000	4656.80800
5.88298	0.00000	4684.67600
5.88682	0.00000	4684.67600
5.89066	0.00000	4684.67600
5.89449	0.00000	4684.67600
5.89832	0.00000	4684.67600
5.90215	0.00000	4684.67600
5.90597	0.00000	4679.07900
5.90980	0.00000	4679.07900
5.91363	0.00000	4679.07900
5.91747	0.00000	4679.07900
5.92130	0.00000	4679.07900
5.92514	0.00000	4679.07900
5.92898	0.00000	4656.80800
5.93282	0.00000	4656.80800
5.93667	0.00000	4656.80800
5.94053	0.00000	4656.80800
5.94438	0.00000	4656.80800
5.94822	0.00000	4659.43100
5.95207	0.00000	4659.43100
5.95590	0.00000	4659.43100
5.95974	0.00000	4659.43100
5.96358	0.00000	4659.43100
5.96741	0.00000	4659.43100
5.97124	0.00000	4656.80800
5.97507	0.00000	4656.80800
5.97891	0.00000	4656.80800
5.98275	0.00000	4656.80800
5.98660	0.00000	4656.80800
5.99044	0.00000	4656.80800
5.99428	0.00000	4654.01800
5.99812	0.00000	4654.01800
6.00195	0.00000	4654.01800
6.00578	0.00000	4654.01800
6.00960	0.00000	4654.01800
6.01343	0.00000	4687.50000
6.01726	0.00000	4687.50000
6.02110	0.00000	4687.50000
6.02493	0.00000	4687.50000
6.02876	0.00000	4687.50000
6.03258	0.00000	4687.50000
6.03642	0.00000	4662.23800
6.04025	0.00000	4662.23800
6.04407	0.00000	4662.23800
6.04791	0.00000	4662.23800
6.05173	0.00000	4662.23800
6.05557	0.00000	4662.23800
6.05940	0.00000	4651.22700
6.06323	0.00000	4651.22700
6.06706	0.00000	4651.22700
6.07089	0.00000	4651.22700
6.07472	0.00000	4651.22700
6.07855	0.00000	4651.22700
6.08238	0.00000	4681.88600
6.08622	0.00000	4681.88600
6.09005	0.00000	4681.88600
6.09388	0.00000	4681.88600
6.09771	0.00000	4681.88600
6.10155	0.00000	4681.85200
6.10539	0.00000	4681.85200
6.10923	0.00000	4681.85200
6.11306	0.00000	4681.85200
6.11691	0.00000	4681.85200
6.12073	0.00000	4681.85200
6.12456	0.00000	4648.43700
6.12839	0.00000	4648.43700
6.13222	0.00000	4648.43700
6.13605	0.00000	4648.43700
6.13988	0.00000	4648.43700
6.14373	0.00000	4648.43700
6.14756	0.00000	4654.01800
6.15140	0.00000	4654.01800
6.15523	0.00000	4654.01800
6.15905	0.00000	4654.01800
6.16289	0.00000	4654.01800
6.16672	0.00000	4676.20400
6.17056	0.00000	4676.20400
6.17439	0.00000	4676.20400
6.17821	0.00000	4676.20400
6.18204	0.00000	4676.20400
6.18587	0.00000	4676.20400
6.18971	0.00000	4673.46600
6.19354	0.00000	4673.46600
6.19737	0.00000	4673.46600
6.20120	0.00000	4673.46600
6.20504	0.00000	4673.46600
6.20887	0.00000	4673.46600
6.21271	0.00000	4656.80800
6.21654	0.00000	4656.80800
6.22039	0.00000	4656.80800
6.22424	0.00000	4656.80800
6.22806	0.00000	4656.80800
6.23191	0.00000	4659.43100
6.23576	0.00000	4659.43100
6.23959	0.00000	4659.43100
6.24342	0.00000	4659.43100
6.24726	0.00000	4659.43100
6.25109	0.00000	4659.43100
6.25493	0.00000	4670.65800
6.25876	0.00000	4670.65800
6.26258	0.00000	4670.65800
6.26641	0.00000	4670.65800
6.27024	0.00000	4670.65800
6.27408	0.00000	4670.65800
6.27791	0.00000	4681.88600
6.28173	0.00000	4681.88600
6.28556	0.00000	4681.88600
6.28938	0.00000	4681.88600
6.29321	0.00000	4681.88600
6.29704	0.00000	4673.38100
6.30086	0.00000	4673.38100
6.30468	0.00000	4673.38100
6.30851	0.00000	4673.38100
6.31234	0.00000	4673.38100
6.31618	0.00000	4673.38100
6.32001	0.00000	4690.32300
6.32384	0.00000	4690.32300
6.32767	0.00000	4690.32300
6.33150	0.00000	4690.32300
6.33534	0.00000	4690.32300
6.33916	0.00000	4690.32300
6.34300	0.00000	4681.88600
6.34682	0.00000	4681.88600
6.35066	0.00000	4681.88600
6.35448	0.00000	4681.88600
6.35831	0.00000	4681.88600
6.36213	0.00000	4681.88600
6.36596	0.00000	4667.85200
6.36980	0.00000	4667.85200
6.37362	0.00000	4667.85200
6.37745	0.00000	4667.85200
6.38128	0.00000	4667.85200
6.38511	0.00000	4681.85200
6.38894	0.00000	4681.85200
6.39278	0.00000	4681.85200
6.39658	0.00000	4681.85200
6.40041	0.00000	4681.85200
6.40424	0.00000	4681.85200
6.40808	0.00000	4684.69300
6.41191	0.00000	4684.69300
6.41574	0.00000	4684.69300
6.41957	0.00000	4684.69300
6.42341	0.00000	4684.69300
6.42725	0.00000	4684.69300
6.43107	0.00000	4673.46600
6.43490	0.00000	4673.46600
6.43874	0.00000	4673.46600
6.44256	0.00000	4673.46600
6.44639	0.00000	4673.46600
6.45022	0.00000	4653.81700
6.45406	0.00000	4653.81700
6.45789	0.00000	4653.81700
6.46172	0.00000	4653.81700
6.46556	0.00000	4653.81700
6.46938	0.00000	4653.81700
6.47321	0.00000	4676.27200
6.47704	0.00000	4676.27200
6.48087	0.00000	4676.27200
6.48470	0.00000	4676.27200
6.48853	0.00000	4676.27200
6.49236	0.00000	4676.27200
6.49619	0.00000	4679.07900
6.50002	0.00000	4679.07900
6.50385	0.00000	4679.07900
6.50768	0.00000	4679.07900
6.51152	0.00000	4679.07900
6.51535	0.00000	4676.20400
6.51919	0.00000	4676.20400
6.52302	0.00000	4676.20400
6.52685	0.00000	4676.20400
6.53068	0.00000	4676.20400
6.53453	0.00000	4676.20400
6.53835	0.00000	4653.81700
6.54219	0.00000	4653.81700
6.54602	0.00000	4653.81700
6.54985	0.00000	4653.81700
6.55368	0.00000	4653.81700
6.55750	0.00000	4653.81700
6.56135	0.00000	4648.43700
6.56520	0.00000	4648.43700
6.56902	0.00000	4648.43700
6.57286	0.00000	4648.43700
6.57669	0.00000	4648.43700
6.58051	0.00000	4648.20300
6.58434	0.00000	4648.20300
6.58818	0.00000	4648.20300
6.59201	0.00000	4648.20300
6.59585	0.00000	4648.20300
6.59968	0.00000	4648.20300
6.60351	0.00000	4659.43100
6.60733	0.00000	4659.43100
6.61116	0.00000	4659.43100
6.61501	0.00000	4659.43100
6.61883	0.00000	4659.43100
6.62266	0.00000	4659.43100
6.62650	0.00000	4651.22700
6.63033	0.00000	4651.22700
6.63417	0.00000	4651.22700
6.63799	0.00000	4651.22700
6.64182	0.00000	4651.22700
6.64565	0.00000	4651.22700
6.64947	0.00000	4651.01000
6.65330	0.00000	4651.01000
6.65714	0.00000	4651.01000
6.66098	0.00000	4651.01000
6.66481	0.00000	4651.01000
6.66864	0.00000	4648.20300
6.67246	0.00000	4648.20300
6.67630	0.00000	4648.20300
6.68014	0.00000	4648.20300
6.68397	0.00000	4648.20300
6.68780	0.00000	4648.20300
6.69163	0.00000	4662.23800
6.69546	0.00000	4662.23800
6.69930	0.00000	4662.23800
6.70313	0.00000	4662.23800
6.70697	0.00000	4662.23800
6.71080	0.00000	4662.23800
6.71463	0.00000	4645.64700
6.71845	0.00000	4645.64700
6.72228	0.00000	4645.64700
6.72613	0.00000	4645.64700
6.72996	0.00000	4645.64700
6.73379	0.00000	4656.62400
6.73764	0.00000	4656.62400
6.74149	0.00000	4656.62400
6.74532	0.00000	4656.62400
6.74916	0.00000	4656.62400
6.75300	0.00000	4656.62400
6.75683	0.00000	4679.07900
6.76065	0.00000	4679.07900
6.76449	0.00000	4679.07900
6.76833	0.00000	4679.07900
6.77216	0.00000	4679.07900
6.77599	0.00000	4679.07900
6.77983	0.00000	4681.88600
6.78366	0.00000	4681.88600
6.78751	0.00000	4681.88600
6.79134	0.00000	4681.88600
6.79516	0.00000	4681.88600
6.79899	0.00000	4651.01000
6.80283	0.00000	4651.01000
6.80666	0.00000	4651.01000
6.81049	0.00000	4651.01000
6.81432	0.00000	4651.01000
6.81816	0.00000	4651.01000
6.82200	0.00000	4673.46600
6.82582	0.00000	4673.46600
6.82965	0.00000	4673.46600
6.83349	0.00000	4673.46600
6.83732	0.00000	4673.46600
6.84115	0.00000	4673.46600
6.84498	0.00000	4676.27200
6.84881	0.00000	4676.27200
6.85264	0.00000	4676.27200
6.85648	0.00000	4676.27200
6.86031	0.00000	4676.27200
6.86414	0.00000	4651.01000
6.86798	0.00000	4651.01000
6.87181	0.00000	4651.01000
6.87565	0.00000	4651.01000
6.87947	0.00000	4651.01000
6.88330	0.00000	4651.01000
6.88713	0.00000	4690.32300
6.89096	0.00000	4690.32300
6.89479	0.00000	4690.32300
6.89862	0.00000	4690.32300
6.90245	0.00000	4690.32300
6.90629	0.00000	4690.32300
6.91012	0.00000	4667.85200
6.91395	0.00000	4667.85200
6.91778	0.00000	4667.85200
6.92161	0.00000	4667.85200
6.92544	0.00000	4667.85200
6.92928	0.00000	4656.62400
6.93311	0.00000	4656.62400
6.93695	0.00000	4656.62400
6.94078	0.00000	4656.62400
6.94458	0.00000	4656.62400
6.94841	0.00000	4656.62400
6.95224	0.00000	4684.67600
6.95607	0.00000	4684.67600
6.95991	0.00000	4684.67600
6.96374	0.00000	4684.67600
6.96757	0.00000	4684.67600
6.97140	0.00000	4684.67600
6.97522	0.00000	4645.64700
6.97906	0.00000	4645.64700
6.98289	0.00000	4645.64700
6.98671	0.00000	4645.64700
6.99055	0.00000	4645.64700
6.99439	0.00000	4645.64700
6.99821	0.00000	4665.04500
7.00204	0.00000	4665.04500
7.00587	0.00000	4665.04500
7.00970	0.00000	4665.04500
7.01353	0.00000	4665.04500
7.01737	0.00000	4667.73300
7.02120	0.00000	4667.73300
7.02503	0.00000	4667.73300
7.02886	0.00000	4667.73300
7.03271	0.00000	4667.73300
7.03655	0.00000	4667.73300
7.04040	0.00000	4651.22700
7.04424	0.00000	4651.22700
7.04808	0.00000	4651.22700
7.05191	0.00000	4651.22700
7.05573	0.00000	4651.22700
7.05957	0.00000	4651.22700
7.06340	0.00000	4676.27200
7.06723	0.00000	4676.27200
7.07106	0.00000	4676.27200
7.07489	0.00000	4676.27200
7.07871	0.00000	4676.27200
7.08255	0.00000	4681.85200
7.08639	0.00000	4681.85200
7.09022	0.00000	4681.85200
7.09405	0.00000	4681.85200
7.09788	0.00000	4681.85200
7.10171	0.00000	4681.85200
7.10554	0.00000	4642.85700
7.10937	0.00000	4642.85700
7.11321	0.00000	4642.85700
7.11704	0.00000	4642.85700
7.12086	0.00000	4642.85700
7.12469	0.00000	4642.85700
7.12852	0.00000	4673.46600
7.13237	0.00000	4673.46600
7.13619	0.00000	4673.46600
7.14002	0.00000	4673.46600
7.14386	0.00000	4673.46600
7.14768	0.00000	4667.73300
7.15152	0.00000	4667.73300
7.15534	0.00000	4667.73300
7.15918	0.00000	4667.73300
7.16300	0.00000	4667.73300
7.16683	0.00000	4667.73300
7.17067	0.00000	4656.62400
7.17450	0.00000	4656.62400
7.17834	0.00000	4656.62400
7.18216	0.00000	4656.62400
7.18599	0.00000	4656.62400
7.18983	0.00000	4656.62400
7.19366	0.00000	4673.46600
7.19749	0.00000	4673.46600
7.20132	0.00000	4673.46600
7.20515	0.00000	4673.46600
7.20898	0.00000	4673.46600
7.21281	0.00000	4651.01000
7.21665	0.00000	4651.01000
7.22048	0.00000	4651.01000
7.22432	0.00000	4651.01000
7.22814	0.00000	4651.01000
7.23198	0.00000	4651.01000
7.23580	0.00000	4653.81700
7.23964	0.00000	4653.81700
7.24347	0.00000	4653.81700
7.24730	0.00000	4653.81700
7.25113	0.00000	4653.81700
7.25496	0.00000	4653.81700
7.25880	0.00000	4670.65800
7.26263	0.00000	4670.65800
7.26645	0.00000	4670.65800
7.27029	0.00000	4670.65800
7.27412	0.00000	4670.65800
7.27795	0.00000	4670.65800
7.28178	0.00000	4679.02900
7.28561	0.00000	4679.02900
7.28944	0.00000	4679.02900
7.29327	0.00000	4679.02900
7.29710	0.00000	4679.02900
7.30093	0.00000	4679.02900
7.30476	0.00000	4679.02900
7.30858	0.00000	4679.02900
7.31241	0.00000	4679.02900
7.31623	0.00000	4679.02900
7.32006	0.00000	4679.02900
7.32389	0.00000	4673.46600
7.32772	0.00000	4673.46600
7.33156	0.00000	4673.46600
7.33539	0.00000	4673.46600
7.33922	0.00000	4673.46600
7.34306	0.00000	4673.46600
7.34690	0.00000	4659.59800
7.35073	0.00000	4659.59800
7.35456	0.00000	4659.59800
7.35840	0.00000	4659.59800
7.36222	0.00000	4659.59800
7.36605	0.00000	4651.01000
7.36989	0.00000	4651.01000
7.37373	0.00000	4651.01000
7.37755	0.00000	4651.01000
7.38139	0.00000	4651.01000
7.38522	0.00000	4651.01000
7.38906	0.00000	4654.01800
7.39289	0.00000	4654.01800
7.39672	0.00000	4654.01800
7.40055	0.00000	4654.01800
7.40439	0.00000	4654.01800
7.40822	0.00000	4654.01800
7.41205	0.00000	4676.27200
7.41589	0.00000	4676.27200
7.41973	0.00000	4676.27200
7.42356	0.00000	4676.27200
7.42738	0.00000	4676.27200
7.43121	0.00000	4676.20400
7.43506	0.00000	4676.20400
7.43889	0.00000	4676.20400
7.44272	0.00000	4676.20400
7.44655	0.00000	4676.20400
7.45038	0.00000	4676.20400
7.45422	0.00000	4667.85200
7.45805	0.00000	4667.85200
7.46188	0.00000	4667.85200
7.46571	0.00000	4667.85200
7.46956	0.00000	4667.85200
7.47339	0.00000	4667.85200
7.47722	0.00000	4679.07900
7.48105	0.00000	4679.07900
7.48488	0.00000	4679.07900
7.48873	0.00000	4679.07900
7.49255	0.00000	4679.07900
7.49639	0.00000	4684.67600
7.50024	0.00000	4684.67600
7.50406	0.00000	4684.67600
7.50789	0.00000	4684.67600
7.51172	0.00000	4684.67600
7.51555	0.00000	4684.67600
7.51938	0.00000	4684.67600
7.52320	0.00000	4684.67600
7.52703	0.00000	4684.67600
7.53086	0.00000	4684.67600
7.53469	0.00000	4684.67600
7.53853	0.00000	4684.67600
7.54236	0.00000	4673.46600
7.54618	0.00000	4673.46600
7.55001	0.00000	4673.46600
7.55384	0.00000	4673.46600
7.55767	0.00000	4673.46600
7.56150	0.00000	4645.39700
7.56533	0.00000	4645.39700
7.56916	0.00000	4645.39700
7.57298	0.00000	4645.39700
7.57681	0.00000	4645.39700
7.58064	0.00000	4645.39700
7.58447	0.00000	4687.50000
7.58831	0.00000	4687.50000
7.59214	0.00000	4687.50000
7.59597	0.00000	4687.50000
7.59980	0.00000	4687.50000
7.60366	0.00000	4687.50000
7.60757	0.00000	4645.64700
7.61142	0.00000	4645.64700
7.61527	0.00000	4645.64700
7.61911	0.00000	4645.64700
7.62296	0.00000	4645.64700
7.62679	0.00000	4645.64700
7.63062	0.00000	4667.85200
7.63446	0.00000	4667.85200
7.63828	0.00000	4667.85200
7.64212	0.00000	4667.85200
7.64596	0.00000	4667.85200
7.64978	0.00000	4679.02900
7.65361	0.00000	4679.02900
7.65744	0.00000	4679.02900
7.66128	0.00000	4679.02900
7.66511	0.00000	4679.02900
7.66894	0.00000	4679.02900
7.67277	0.00000	4651.22700
7.67658	0.00000	4651.22700
7.68041	0.00000	4651.22700
7.68424	0.00000	4651.22700
7.68806	0.00000	4651.22700
7.69189	0.00000	4651.22700
7.69572	0.00000	4670.65800
7.69955	0.00000	4670.65800
7.70339	0.00000	4670.65800
7.70722	0.00000	4670.65800
7.71105	0.00000	4670.65800
7.71488	0.00000	4679.02900
7.71871	0.00000	4679.02900
7.72255	0.00000	4679.02900
7.72638	0.00000	4679.02900
7.73021	0.00000	4679.02900
7.73405	0.00000	4679.02900
7.73788	0.00000	4640.06700
7.74170	0.00000	4640.06700
7.74554	0.00000	4640.06700
7.74937	0.00000	4640.06700
7.75320	0.00000	4640.06700
7.75703	0.00000	4640.06700
7.76086	0.00000	4673.46600
7.76469	0.00000	4673.46600
7.76853	0.00000	4673.46600
7.77237	0.00000	4673.46600
7.77620	0.00000	4673.46600
7.78004	0.00000	4667.73300
7.78390	0.00000	4667.73300
7.78773	0.00000	4667.73300
7.79156	0.00000	4667.73300
7.79540	0.00000	4667.73300
7.79923	0.00000	4667.73300
7.80306	0.00000	4654.01800
7.80688	0.00000	4654.01800
7.81071	0.00000	4654.01800
7.81455	0.00000	4654.01800
7.81838	0.00000	4654.01800
7.82221	0.00000	4654.01800
7.82603	0.00000	4676.27200
7.82986	0.00000	4676.27200
7.83370	0.00000	4676.27200
7.83752	0.00000	4676.27200
7.84135	0.00000	4676.27200
7.84518	0.00000	4679.02900
7.84901	0.00000	4679.02900
7.85285	0.00000	4679.02900
7.85667	0.00000	4679.02900
7.86050	0.00000	4679.02900
7.86432	0.00000	4679.02900
7.86816	0.00000	4665.04500
7.87198	0.00000	4665.04500
7.87582	0.00000	4665.04500
7.87965	0.00000	4665.04500
7.88347	0.00000	4665.04500
7.88730	0.00000	4665.04500
7.89113	0.00000	4673.46600
7.89496	0.00000	4673.46600
7.89879	0.00000	4673.46600
7.90263	0.00000	4673.46600
7.90646	0.00000	4673.46600
7.91029	0.00000	4673.46600
7.91411	0.00000	4679.02900
7.91794	0.00000	4679.02900
7.92177	0.00000	4679.02900
7.92561	0.00000	4679.02900
7.92945	0.00000	4679.02900
7.93328	0.00000	4679.02900
7.93716	0.00000	4679.02900
7.94100	0.00000	4679.02900
7.94483	0.00000	4679.02900
7.94867	0.00000	4679.02900
7.95250	0.00000	4679.02900
7.95633	0.00000	4676.27200
7.96017	0.00000	4676.27200
7.96402	0.00000	4676.27200
7.96785	0.00000	4676.27200
7.97169	0.00000	4676.27200
7.97551	0.00000	4676.27200
7.97935	0.00000	4659.59800
7.98317	0.00000	4659.59800
7.98701	0.00000	4659.59800
7.99085	0.00000	4659.59800
7.99468	0.00000	4659.59800
7.99852	0.00000	4648.20300
8.00235	0.00000	4648.20300
8.00618	0.00000	4648.20300
8.01002	0.00000	4648.20300
8.01385	0.00000	4648.20300
8.01768	0.00000	4648.20300
8.02152	0.00000	4679.07900
8.02536	0.00000	4679.07900
8.02918	0.00000	4679.07900
8.03302	0.00000	4679.07900
8.03684	0.00000	4679.07900
8.04067	0.00000	4679.07900
8.04451	0.00000	4676.27200
8.04835	0.00000	4676.27200
8.05218	0.00000	4676.27200
8.05601	0.00000	4676.27200
8.05984	0.00000	4676.27200
8.06366	0.00000	4639.78300
8.06749	0.00000	4639.78300
8.07132	0.00000	4639.78300
8.07516	0.00000	4639.78300
8.07898	0.00000	4639.78300
8.08281	0.00000	4639.78300
8.08664	0.00000	4684.69300
8.09049	0.00000	4684.69300
8.09432	0.00000	4684.69300
8.09815	0.00000	4684.69300
8.10199	0.00000	4684.69300
8.10582	0.00000	4684.69300
8.10966	0.00000	4693.11400
8.11349	0.00000	4693.11400
8.11732	0.00000	4693.11400
8.12115	0.00000	4693.11400
8.12499	0.00000	4693.11400
8.12882	0.00000	4670.55700
8.13265	0.00000	4670.55700
8.13648	0.00000	4670.55700
8.14032	0.00000	4670.55700
8.14416	0.00000	4670.55700
8.14799	0.00000	4670.55700
8.15183	0.00000	4670.65800
8.15566	0.00000	4670.65800
8.15950	0.00000	4670.65800
8.16332	0.00000	4670.65800
8.16715	0.00000	4670.65800
8.17099	0.00000	4670.65800
8.17483	0.00000	4659.59800
8.17867	0.00000	4659.59800
8.18250	0.00000	4659.59800
8.18633	0.00000	4659.59800
8.19016	0.00000	4659.59800
8.19401	0.00000	4684.67600
8.19783	0.00000	4684.67600
8.20166	0.00000	4684.67600
8.20549	0.00000	4684.67600
8.20932	0.00000	4684.67600
8.21315	0.00000	4684.67600
8.21699	0.00000	4659.43100
8.22081	0.00000	4659.43100
8.22464	0.00000	4659.43100
8.22847	0.00000	4659.43100
8.23230	0.00000	4659.43100
8.23613	0.00000	4659.43100
8.23996	0.00000	4648.43700
8.24380	0.00000	4648.43700
8.24764	0.00000	4648.43700
8.25146	0.00000	4648.43700
8.25529	0.00000	4648.43700
8.25912	0.00000	4648.43700
8.26296	0.00000	4670.65800
8.26680	0.00000	4670.65800
8.27063	0.00000	4670.65800
8.27446	0.00000	4670.65800
8.27829	0.00000	4670.65800
8.28213	0.00000	4659.43100
8.28596	0.00000	4659.43100
8.28979	0.00000	4659.43100
8.29362	0.00000	4659.43100
8.29746	0.00000	4659.43100
8.30130	0.00000	4659.43100
8.30512	0.00000	4651.22700
8.30895	0.00000	4651.22700
8.31277	0.00000	4651.22700
8.31658	0.00000	4651.22700
8.32041	0.00000	4651.22700
8.32423	0.00000	4651.22700
8.32807	0.00000	4651.22700
8.33190	0.00000	4651.22700
8.33574	0.00000	4651.22700
8.33956	0.00000	4651.22700
8.34339	0.00000	4651.22700
8.34732	0.00000	4673.38100
8.35125	0.00000	4673.38100
8.35511	0.00000	4673.38100
8.35896	0.00000	4673.38100
8.36279	0.00000	4673.38100
8.36663	0.00000	4673.38100
8.37049	0.00000	4645.64700
8.37432	0.00000	4645.64700
8.37816	0.00000	4645.64700
8.38200	0.00000	4645.64700
8.38586	0.00000	4645.64700
8.38970	0.00000	4645.64700
8.39353	0.00000	4656.80800
8.39737	0.00000	4656.80800
8.40123	0.00000	4656.80800
8.40508	0.00000	4656.80800
8.40892	0.00000	4656.80800
8.41274	0.00000	4662.23800
8.41658	0.00000	4662.23800
8.42044	0.00000	4662.23800
8.42427	0.00000	4662.23800
8.42812	0.00000	4662.23800
8.43195	0.00000	4662.23800
8.43581	0.00000	4673.46600
8.43966	0.00000	4673.46600
8.44350	0.00000	4673.46600
8.44734	0.00000	4673.46600
8.45119	0.00000	4673.46600
8.45502	0.00000	4673.46600
8.45887	0.00000	4676.27200
8.46270	0.00000	4676.27200
8.46655	0.00000	4676.27200
8.47041	0.00000	4676.27200
8.47424	0.00000	4676.27200
8.47807	0.00000	4653.81700
8.48191	0.00000	4653.81700
8.48576	0.00000	4653.81700
8.48960	0.00000	4653.81700
8.49343	0.00000	4653.81700
8.49727	0.00000	4653.81700
8.50110	0.00000	4673.46600
8.50496	0.00000	4673.46600
8.50879	0.00000	4673.46600
8.51263	0.00000	4673.46600
8.51646	0.00000	4673.46600
8.52032	0.00000	4673.46600
8.52416	0.00000	4681.88600
8.52800	0.00000	4681.88600
8.53183	0.00000	4681.88600
8.53570	0.00000	4681.88600
8.53954	0.00000	4681.88600
8.54337	0.00000	4701.61900
8.54721	0.00000	4701.61900
8.55105	0.00000	4701.61900
8.55490	0.00000	4701.61900
8.55874	0.00000	4701.61900
8.56259	0.00000	4701.61900
8.56642	0.00000	4673.46600
8.57028	0.00000	4673.46600
8.57412	0.00000	4673.46600
8.57795	0.00000	4673.46600
8.58178	0.00000	4673.46600
8.58563	0.00000	4673.46600
8.58947	0.00000	4656.80800
8.59331	0.00000	4656.80800
8.59714	0.00000	4656.80800
8.60098	0.00000	4656.80800
8.60483	0.00000	4656.80800
8.60867	0.00000	4662.23800
8.61250	0.00000	4662.23800
8.61633	0.00000	4662.23800
8.62019	0.00000	4662.23800
8.62403	0.00000	4662.23800
8.62786	0.00000	4662.23800
8.63170	0.00000	4662.23800
8.63557	0.00000	4662.23800
8.63941	0.00000	4662.23800
8.64324	0.00000	4662.23800
8.64707	0.00000	4662.23800
8.65092	0.00000	4662.23800
8.65478	0.00000	4687.50000
8.65861	0.00000	4687.50000
8.66244	0.00000	4687.50000
8.66628	0.00000	4687.50000
8.67014	0.00000	4687.50000
8.67399	0.00000	4659.43100
8.67781	0.00000	4659.43100
8.68164	0.00000	4659.43100
8.68551	0.00000	4659.43100
8.68935	0.00000	4659.43100
8.69318	0.00000	4659.43100
8.69701	0.00000	4687.50000
8.70086	0.00000	4687.50000
8.70472	0.00000	4687.50000
8.70856	0.00000	4687.50000
8.71240	0.00000	4687.50000
8.71623	0.00000	4687.50000
8.72010	0.00000	4687.50000
8.72394	0.00000	4687.50000
8.72777	0.00000	4687.50000
8.73160	0.00000	4687.50000
8.73545	0.00000	4687.50000
8.73929	0.00000	4687.50000
8.74312	0.00000	4693.14700
8.74696	0.00000	4693.14700
8.75080	0.00000	4693.14700
8.75465	0.00000	4693.14700
8.75849	0.00000	4693.14700
8.76233	0.00000	4679.02900
8.76618	0.00000	4679.02900
8.77004	0.00000	4679.02900
8.77388	0.00000	4679.02900
8.77772	0.00000	4679.02900
8.78155	0.00000	4679.02900
8.78541	0.00000	4665.17800
8.78925	0.00000	4665.17800
8.79310	0.00000	4665.17800
8.79693	0.00000	4665.17800
8.80078	0.00000	4665.17800
8.80463	0.00000	4665.17800
8.80848	0.00000	4673.46600
8.81232	0.00000	4673.46600
8.81616	0.00000	4673.46600
8.82003	0.00000	4673.46600
8.82386	0.00000	4673.46600
8.82769	0.00000	4681.85200
8.83153	0.00000	4681.85200
8.83540	0.00000	4681.85200
8.83924	0.00000	4681.85200
8.84307	0.00000	4681.85200
8.84691	0.00000	4681.85200
8.85074	0.00000	4648.43700
8.85460	0.00000	4648.43700
8.85844	0.00000	4648.43700
8.86228	0.00000	4648.43700
8.86612	0.00000	4648.43700
8.86998	0.00000	4648.43700
8.87381	0.00000	4676.27200
8.87765	0.00000	4676.27200
8.88148	0.00000	4676.27200
8.88533	0.00000	4676.27200
8.88916	0.00000	4676.27200
8.89300	0.00000	4684.67600
8.89683	0.00000	4684.67600
8.90067	0.00000	4684.67600
8.90452	0.00000	4684.67600
8.90839	0.00000	4684.67600
8.91223	0.00000	4684.67600
8.91606	0.00000	4662.38800
8.91992	0.00000	4662.38800
8.92376	0.00000	4662.38800
8.92759	0.00000	4662.38800
8.93144	0.00000	4662.38800
8.93531	0.00000	4662.38800
8.93916	0.00000	4676.27200
8.94300	0.00000	4676.27200
8.94684	0.00000	4676.27200
8.95068	0.00000	4676.27200
8.95455	0.00000	4676.27200
8.95839	0.00000	4662.23800
8.96223	0.00000	4662.23800
8.96607	0.00000	4662.23800
8.96993	0.00000	4662.23800
8.97376	0.00000	4662.23800
8.97760	0.00000	4662.23800
8.98143	0.00000	4676.33900
8.98529	0.00000	4676.33900
8.98912	0.00000	4676.33900
8.99296	0.00000	4676.33900
8.99679	0.00000	4676.33900
9.00065	0.00000	4676.33900
9.00450	0.00000	4665.17800
9.00833	0.00000	4665.17800
9.01217	0.00000	4665.17800
9.01600	0.00000	4665.17800
9.01986	0.00000	4665.17800
9.02371	0.00000	4667.85200
9.02754	0.00000	4667.85200
9.03138	0.00000	4667.85200
9.03525	0.00000	4667.85200
9.03909	0.00000	4667.85200
9.04292	0.00000	4667.85200
9.04676	0.00000	4659.59800
9.05060	0.00000	4659.59800
9.05446	0.00000	4659.59800
9.05830	0.00000	4659.59800
9.06214	0.00000	4659.59800
9.06597	0.00000	4659.59800
9.06983	0.00000	4654.01800
9.07367	0.00000	4654.01800
9.07750	0.00000	4654.01800
9.08135	0.00000	4654.01800
9.08521	0.00000	4654.01800
9.08906	0.00000	4665.04500
9.09292	0.00000	4665.04500
9.09675	0.00000	4665.04500
9.10058	0.00000	4665.04500
9.10443	0.00000	4665.04500
9.10827	0.00000	4665.04500
9.11210	0.00000	4673.46600
9.11593	0.00000	4673.46600
9.11980	0.00000	4673.46600
9.12364	0.00000	4673.46600
9.12748	0.00000	4673.46600
9.13132	0.00000	4673.46600
9.13520	0.00000	4679.12900
9.13909	0.00000	4679.12900
9.14297	0.00000	4679.12900
9.14680	0.00000	4679.12900
9.15065	0.00000	4679.12900
9.15450	0.00000	4662.23800
9.15837	0.00000	4662.23800
9.16221	0.00000	4662.23800
9.16605	0.00000	4662.23800
9.16991	0.00000	4662.23800
9.17376	0.00000	4662.23800
9.17760	0.00000	4656.80800
9.18144	0.00000	4656.80800
9.18529	0.00000	4656.80800
9.18913	0.00000	4656.80800
9.19296	0.00000	4656.80800
9.19679	0.00000	4656.80800
9.20063	0.00000	4662.38800
9.20449	0.00000	4662.38800
9.20834	0.00000	4662.38800
9.21217	0.00000	4662.38800
9.21601	0.00000	4662.38800
9.21986	0.00000	4690.32300
9.22370	0.00000	4690.32300
9.22753	0.00000	4690.32300
9.23137	0.00000	4690.32300
9.23524	0.00000	4690.32300
9.23908	0.00000	4690.32300
9.24291	0.00000	4676.27200
9.24675	0.00000	4676.27200
9.25059	0.00000	4676.27200
9.25446	0.00000	4676.27200
9.25830	0.00000	4676.27200
9.26214	0.00000	4676.27200
9.26597	0.00000	4667.96900
9.26982	0.00000	4667.96900
9.27367	0.00000	4667.96900
9.27750	0.00000	4667.96900
9.28134	0.00000	4667.96900
9.28520	0.00000	4690.32300
9.28903	0.00000	4690.32300
9.29287	0.00000	4690.32300
9.29671	0.00000	4690.32300
9.30056	0.00000	4690.32300
9.30443	0.00000	4690.32300
9.30826	0.00000	4679.07900
9.31211	0.00000	4679.07900
9.31594	0.00000	4679.07900
9.31980	0.00000	4679.07900
9.32364	0.00000	4679.07900
9.32747	0.00000	4679.07900
9.33131	0.00000	4659.59800
9.33519	0.00000	4659.59800
9.33902	0.00000	4659.59800
9.34286	0.00000	4659.59800
9.34669	0.00000	4659.59800
9.35054	0.00000	4659.59800
9.35438	0.00000	4673.46600
9.35822	0.00000	4673.46600
9.36205	0.00000	4673.46600
9.36589	0.00000	4673.46600
9.36976	0.00000	4673.46600
9.37360	0.00000	4690.32300
9.37743	0.00000	4690.32300
9.38127	0.00000	4690.32300
9.38514	0.00000	4690.32300
9.38898	0.00000	4690.32300
9.39281	0.00000	4690.32300
9.39664	0.00000	4698.72700
9.40048	0.00000	4698.72700
9.40432	0.00000	4698.72700
9.40818	0.00000	4698.72700
9.41201	0.00000	4698.72700
9.41584	0.00000	4698.72700
9.41970	0.00000	4695.92100
9.42354	0.00000	4695.92100
9.42738	0.00000	4695.92100
9.43121	0.00000	4695.92100
9.43507	0.00000	4695.92100
9.43891	0.00000	4684.67600
9.44275	0.00000	4684.67600
9.44659	0.00000	4684.67600
9.45043	0.00000	4684.67600
9.45428	0.00000	4684.67600
9.45811	0.00000	4684.67600
9.46195	0.00000	4681.88600
9.46578	0.00000	4681.88600
9.46963	0.00000	4681.88600
9.47347	0.00000	4681.88600
9.47731	0.00000	4681.88600
9.48115	0.00000	4681.88600
9.48502	0.00000	4667.96900
9.48885	0.00000	4667.96900
9.49268	0.00000	4667.96900
9.49651	0.00000	4667.96900
9.50035	0.00000	4667.96900
9.50422	0.00000	4687.50000
9.50805	0.00000	4687.50000
9.51190	0.00000	4687.50000
9.51573	0.00000	4687.50000
9.51960	0.00000	4687.50000
9.52343	0.00000	4687.50000
9.52727	0.00000	4659.59800
9.53112	0.00000	4659.59800
9.53499	0.00000	4659.59800
9.53882	0.00000	4659.59800
9.54265	0.00000	4659.59800
9.54647	0.00000	4659.59800
9.55033	0.00000	4662.38800
9.55419	0.00000	4662.38800
9.55804	0.00000	4662.38800
9.56189	0.00000	4662.38800
9.56572	0.00000	4662.38800
9.56958	0.00000	4681.88600
9.57346	0.00000	4681.88600
9.57729	0.00000	4681.88600
9.58112	0.00000	4681.88600
9.58499	0.00000	4681.88600
9.58883	0.00000	4681.88600
9.59266	0.00000	4690.30700
9.59650	0.00000	4690.30700
9.60033	0.00000	4690.30700
9.60419	0.00000	4690.30700
9.60802	0.00000	4690.30700
9.61185	0.00000	4690.30700
9.61570	0.00000	4690.30700
9.61956	0.00000	4690.30700
9.62339	0.00000	4690.30700
9.62723	0.00000	4690.30700
9.63108	0.00000	4690.30700
9.63494	0.00000	4667.85200
9.63879	0.00000	4667.85200
9.64262	0.00000	4667.85200
9.64646	0.00000	4667.85200
9.65029	0.00000	4667.85200
9.65416	0.00000	4667.85200
9.65799	0.00000	4670.65800
9.66183	0.00000	4670.65800
9.66567	0.00000	4670.65800
9.66952	0.00000	4670.65800
9.67337	0.00000	4670.65800
9.67720	0.00000	4670.65800
9.68104	0.00000	4681.91900
9.68490	0.00000	4681.91900
9.68873	0.00000	4681.91900
9.69257	0.00000	4681.91900
9.69640	0.00000	4681.91900
9.70023	0.00000	4667.85200
9.70408	0.00000	4667.85200
9.70791	0.00000	4667.85200
9.71174	0.00000	4667.85200
9.71559	0.00000	4667.85200
9.71945	0.00000	4667.85200
9.72330	0.00000	4670.65800
9.72715	0.00000	4670.65800
9.73099	0.00000	4670.65800
9.73486	0.00000	4670.65800
9.73870	0.00000	4670.65800
9.74253	0.00000	4670.65800
9.74636	0.00000	4659.59800
9.75020	0.00000	4659.59800
9.75406	0.00000	4659.59800
9.75791	0.00000	4659.59800
9.76174	0.00000	4659.59800
9.76558	0.00000	4659.59800
9.76944	0.00000	4679.07900
9.77327	0.00000	4679.07900
9.77710	0.00000	4679.07900
9.78094	0.00000	4679.07900
9.78481	0.00000	4679.07900
9.78867	0.00000	4693.14700
9.79250	0.00000	4693.14700
9.79633	0.00000	4693.14700
9.80017	0.00000	4693.14700
9.80403	0.00000	4693.14700
9.80788	0.00000	4693.14700
9.81171	0.00000	4684.69300
9.81555	0.00000	4684.69300
9.81942	0.00000	4684.69300
9.82326	0.00000	4684.69300
9.82709	0.00000	4684.69300
9.83093	0.00000	4684.69300
9.83480	0.00000	4673.46600
9.83863	0.00000	4673.46600
9.84249	0.00000	4673.46600
9.84633	0.00000	4673.46600
9.85016	0.00000	4673.46600
9.85404	0.00000	4659.43100
9.85787	0.00000	4659.43100
9.86172	0.00000	4659.43100
9.86555	0.00000	4659.43100
9.86941	0.00000	4659.43100
9.87325	0.00000	4659.43100
9.87709	0.00000	4651.22700
9.88093	0.00000	4651.22700
9.88479	0.00000	4651.22700
9.88863	0.00000	4651.22700
9.89247	0.00000	4651.22700
9.89629	0.00000	4651.22700
9.90014	0.00000	4676.27200
9.90399	0.00000	4676.27200
9.90783	0.00000	4676.27200
9.91166	0.00000	4676.27200
9.91549	0.00000	4676.27200
9.91936	0.00000	4695.97100
9.92320	0.00000	4695.97100
9.92704	0.00000	4695.97100
9.93088	0.00000	4695.97100
9.93474	0.00000	4695.97100
9.93858	0.00000	4695.97100
9.94242	0.00000	4676.27200
9.94625	0.00000	4676.27200
9.95009	0.00000	4676.27200
9.95396	0.00000	4676.27200
9.95779	0.00000	4676.27200
9.96163	0.00000	4676.27200
9.96546	0.00000	4659.59800
9.96933	0.00000	4659.59800
9.97317	0.00000	4659.59800
9.97700	0.00000	4659.59800
9.98084	0.00000	4659.59800
9.98469	0.00000	4659.43100
9.98853	0.00000	4659.43100
9.99237	0.00000	4659.43100
9.99620	0.00000	4659.43100
