Time (s)   Thrust (N)   RPM
0.00030	0.00000	5049.47900
0.00417	0.00000	5049.47900
0.00802	0.00000	5049.47900
0.01188	0.00000	5049.47900
0.01573	0.00000	5049.47900
0.01957	0.00000	5017.17000
0.02341	0.00000	5017.17000
0.02737	0.00000	5017.17000
0.03121	0.00000	5017.17000
0.03505	0.00000	5017.17000
0.03888	0.00000	5017.17000
0.04273	0.00000	4845.53500
0.04657	0.00000	4845.53500
0.05040	0.00000	4845.53500
0.05423	0.00000	4845.53500
0.05806	0.00000	4845.53500
0.06189	0.00000	4845.53500
0.06571	0.00000	4564.59500
0.06954	0.00000	4564.59500
0.07336	0.00000	4564.59500
0.07719	0.00000	4564.59500
0.08103	0.00000	4564.59500
0.08486	0.00000	4330.64500
0.08870	0.00000	4330.64500
0.09254	0.00000	4330.64500
0.09637	0.00000	4330.64500
0.10019	0.00000	4330.64500
0.10402	0.00000	4105.49500
0.10784	0.00000	4105.49500
0.11166	0.00000	4105.49500
0.11548	0.00000	4105.49500
0.11930	0.00000	4105.49500
0.12313	0.00000	3949.95600
0.12696	0.00000	3949.95600
0.13078	0.00000	3949.95600
0.13460	0.00000	3949.95600
0.13842	0.00000	3949.95600
0.14224	0.00000	3787.09500
0.14607	0.00000	3787.09500
0.14989	0.00000	3787.09500
0.15371	0.00000	3787.09500
0.15753	0.00000	3787.09500
0.16135	0.00000	3645.83300
0.16517	0.00000	3645.83300
0.16899	0.00000	3645.83300
0.17281	0.00000	3645.83300
0.17663	0.00000	3524.57000
0.18045	0.00000	3524.57000
0.18428	0.00000	3524.57000
0.18810	0.00000	3524.57000
0.19194	0.00000	3524.57000
0.19577	0.00000	3408.43000
0.19959	0.00000	3408.43000
0.20342	0.00000	3408.43000
0.20724	0.00000	3408.43000
0.21107	0.00000	3307.29100
0.21491	0.00000	3307.29100
0.21873	0.00000	3307.29100
0.22256	0.00000	3307.29100
0.22638	0.00000	3209.42500
0.23020	0.00000	3209.42500
0.23403	0.00000	3209.42500
0.23786	0.00000	3209.42500
0.24168	0.00000	3105.94500
0.24551	0.00000	3105.94500
0.24934	0.00000	3105.94500
0.25317	0.00000	3105.94500
0.25699	0.00000	3105.94500
0.26082	0.00000	3033.31600
0.26465	0.00000	3033.31600
0.26847	0.00000	3033.31600
0.27229	0.00000	3033.31600
0.27613	0.00000	2970.06300
0.27994	0.00000	2970.06300
0.28377	0.00000	2970.06300
0.28760	0.00000	2970.06300
0.29142	0.00000	2891.94900
0.29525	0.00000	2891.94900
0.29908	0.00000	2891.94900
0.30290	0.00000	2891.94900
0.30672	0.00000	2816.50600
0.31054	0.00000	2816.50600
0.31436	0.00000	2816.50600
0.31819	0.00000	2816.50600
0.32197	0.00000	2751.88600
0.32580	0.00000	2751.88600
0.32961	0.00000	2751.88600
0.33344	0.00000	2751.88600
0.33727	0.00000	2698.36900
0.34109	0.00000	2698.36900
0.34491	0.00000	2698.36900
0.34873	0.00000	2698.36900
0.35255	0.00000	2648.02600
0.35638	0.00000	2648.02600
0.36020	0.00000	2648.02600
0.36402	0.00000	2648.02600
0.36785	0.00000	2596.79200
0.37168	0.00000	2596.79200
0.37551	0.00000	2596.79200
0.37934	0.00000	2544.64200
0.38316	0.00000	2544.64200
0.38698	0.00000	2544.64200
0.39081	0.00000	2544.64200
0.39465	0.00000	2508.44500
0.39847	0.00000	2508.44500
0.40229	0.00000	2508.44500
0.40611	0.00000	2508.44500
0.40994	0.00000	2466.21600
0.41377	0.00000	2466.21600
0.41759	0.00000	2466.21600
0.42142	0.00000	2466.21600
0.42525	0.00000	2419.76300
0.42908	0.00000	2419.76300
0.43290	0.00000	2419.76300
0.43673	0.00000	2419.76300
0.44055	0.00000	2386.36300
0.44437	0.00000	2386.36300
0.44818	0.00000	2386.36300
0.45201	0.00000	2348.05000
0.45585	0.00000	2348.05000
0.45968	0.00000	2348.05000
0.46350	0.00000	2348.05000
0.46732	0.00000	2330.72900
0.47115	0.00000	2330.72900
0.47497	0.00000	2330.72900
0.47879	0.00000	2330.72900
0.48262	0.00000	2304.68700
0.48644	0.00000	2304.68700
0.49026	0.00000	2304.68700
0.49408	0.00000	2304.68700
0.49790	0.00000	2282.41800
0.50174	0.00000	2282.41800
0.50556	0.00000	2282.41800
0.50940	0.00000	2255.30600
0.51323	0.00000	2255.30600
0.51705	0.00000	2255.30600
0.52087	0.00000	2255.30600
0.52469	0.00000	2216.70500
0.52851	0.00000	2216.70500
0.53233	0.00000	2216.70500
0.53615	0.00000	2216.70500
0.53998	0.00000	2177.27800
0.54380	0.00000	2177.27800
0.54762	0.00000	2177.27800
0.55144	0.00000	2158.01800
0.55528	0.00000	2158.01800
0.55911	0.00000	2158.01800
0.56294	0.00000	2158.01800
0.56677	0.00000	2144.75200
0.57059	0.00000	2144.75200
0.57441	0.00000	2144.75200
0.57823	0.00000	2144.75200
0.58206	0.00000	2113.79700
0.58589	0.00000	2113.79700
0.58971	0.00000	2113.79700
0.59353	0.00000	2093.75000
0.59735	0.00000	2093.75000
0.60118	0.00000	2093.75000
0.60500	0.00000	2093.75000
0.60883	0.00000	2089.28500
0.61265	0.00000	2089.28500
0.61647	0.00000	2089.28500
0.62030	0.00000	2049.10700
0.62412	0.00000	2049.10700
0.62795	0.00000	2049.10700
0.63177	0.00000	2049.10700
0.63559	0.00000	2046.27400
0.63941	0.00000	2046.27400
0.64322	0.00000	2046.27400
0.64704	0.00000	2046.27400
0.65086	0.00000	2032.75200
0.65469	0.00000	2032.75200
0.65851	0.00000	2032.75200
0.66233	0.00000	2016.08000
0.66616	0.00000	2016.08000
0.66997	0.00000	2016.08000
0.67379	0.00000	2016.08000
0.67761	0.00000	1996.69400
0.68144	0.00000	1996.69400
0.68526	0.00000	1996.69400
0.68908	0.00000	1984.22300
0.69291	0.00000	1984.22300
0.69674	0.00000	1984.22300
0.70056	0.00000	1984.22300
0.70441	0.00000	1975.12100
0.70825	0.00000	1975.12100
0.71208	0.00000	1975.12100
0.71591	0.00000	1975.12100
0.71973	0.00000	1952.36600
0.72355	0.00000	1952.36600
0.72737	0.00000	1952.36600
0.73121	0.00000	1938.71300
0.73503	0.00000	1938.71300
0.73885	0.00000	1938.71300
0.74267	0.00000	1938.71300
0.74649	0.00000	1934.16200
0.75032	0.00000	1934.16200
0.75415	0.00000	1934.16200
0.75797	0.00000	1920.95500
0.76179	0.00000	1920.95500
0.76561	0.00000	1920.95500
0.76944	0.00000	1920.95500
0.77326	0.00000	1925.55100
0.77708	0.00000	1925.55100
0.78090	0.00000	1925.55100
0.78473	0.00000	1897.97800
0.78855	0.00000	1897.97800
0.79238	0.00000	1897.97800
0.79620	0.00000	1897.97800
0.80002	0.00000	1902.57300
0.80385	0.00000	1902.57300
0.80766	0.00000	1902.57300
0.81149	0.00000	1870.40400
0.81531	0.00000	1870.40400
0.81913	0.00000	1870.40400
0.82294	0.00000	1870.40400
0.82677	0.00000	1875.00000
0.83059	0.00000	1875.00000
0.83443	0.00000	1875.00000
0.83825	0.00000	1870.35800
0.84207	0.00000	1870.35800
0.84589	0.00000	1870.35800
0.84971	0.00000	1870.35800
0.85353	0.00000	1852.02200
0.85736	0.00000	1852.02200
0.86119	0.00000	1852.02200
0.86501	0.00000	1847.15300
0.86885	0.00000	1847.15300
0.87267	0.00000	1847.15300
0.87650	0.00000	1847.15300
0.88033	0.00000	1833.63900
0.88416	0.00000	1833.63900
0.88798	0.00000	1833.63900
0.89184	0.00000	1828.58900
0.89568	0.00000	1828.58900
0.89950	0.00000	1828.58900
0.90332	0.00000	1828.58900
0.90715	0.00000	1815.25700
0.91098	0.00000	1815.25700
0.91481	0.00000	1815.25700
0.91865	0.00000	1828.12500
0.92247	0.00000	1828.12500
0.92629	0.00000	1828.12500
0.93011	0.00000	1828.12500
0.93393	0.00000	1819.30700
0.93776	0.00000	1819.30700
0.94158	0.00000	1819.30700
0.94541	0.00000	1791.46000
0.94923	0.00000	1791.46000
0.95305	0.00000	1791.46000
0.95687	0.00000	1791.46000
0.96070	0.00000	1805.38300
0.96452	0.00000	1805.38300
0.96834	0.00000	1805.38300
0.97217	0.00000	1786.81900
0.97602	0.00000	1786.81900
0.97985	0.00000	1786.81900
0.98368	0.00000	1786.81900
0.98750	0.00000	1791.46000
0.99133	0.00000	1791.46000
0.99516	0.00000	1791.46000
0.99898	0.00000	1790.62500
1.00281	0.00000	1790.62500
1.00664	0.00000	1790.62500
1.01046	0.00000	1790.62500
1.01428	0.00000	1790.62500
1.01811	0.00000	1790.62500
1.02193	0.00000	1790.62500
1.02575	0.00000	1776.56200
1.02957	0.00000	1776.56200
1.03341	0.00000	1776.56200
1.03723	0.00000	1776.56200
1.04105	0.00000	1776.56200
1.04487	0.00000	1776.56200
1.04869	0.00000	1776.56200
1.05251	0.00000	1767.18700
1.05633	0.00000	1767.18700
1.06016	0.00000	1767.18700
1.06399	0.00000	1762.50000
1.06780	0.00000	1762.50000
1.07164	0.00000	1762.50000
1.07546	0.00000	1762.50000
1.07928	0.00000	1757.81200
1.08310	0.00000	1757.81200
1.08694	0.00000	1757.81200
1.09075	0.00000	1753.12500
1.09458	0.00000	1753.12500
1.09841	0.00000	1753.12500
1.10224	0.00000	1753.12500
1.10606	0.00000	1753.12500
1.10989	0.00000	1753.12500
1.11371	0.00000	1753.12500
1.11753	0.00000	1756.62800
1.12135	0.00000	1756.62800
1.12518	0.00000	1756.62800
1.12900	0.00000	1756.62800
1.13283	0.00000	1753.12500
1.13665	0.00000	1753.12500
1.14047	0.00000	1753.12500
1.14429	0.00000	1734.37500
1.14811	0.00000	1734.37500
1.15193	0.00000	1734.37500
1.15575	0.00000	1734.37500
1.15957	0.00000	1743.75000
1.16339	0.00000	1743.75000
1.16721	0.00000	1743.75000
1.17105	0.00000	1751.89400
1.17487	0.00000	1751.89400
1.17872	0.00000	1751.89400
1.18257	0.00000	1751.89400
1.18639	0.00000	1729.68700
1.19021	0.00000	1729.68700
1.19404	0.00000	1729.68700
1.19786	0.00000	1742.42400
1.20168	0.00000	1742.42400
1.20551	0.00000	1742.42400
1.20933	0.00000	1720.31200
1.21315	0.00000	1720.31200
1.21697	0.00000	1720.31200
1.22079	0.00000	1720.31200
1.22601	0.00000	1737.68900
1.23014	0.00000	1737.68900
1.23521	0.00000	1723.48400
1.23965	0.00000	1723.48400
1.24387	0.00000	1723.48400
1.24778	0.00000	1723.48400
1.25167	0.00000	1732.95400
1.25557	0.00000	1732.95400
1.25951	0.00000	1732.95400
1.26351	0.00000	1728.21900
1.26747	0.00000	1728.21900
1.27136	0.00000	1728.21900
1.27527	0.00000	1710.93700
1.27918	0.00000	1710.93700
1.28308	0.00000	1710.93700
1.28709	0.00000	1710.93700
1.29103	0.00000	1715.62500
1.29487	0.00000	1715.62500
1.29871	0.00000	1715.62500
1.30253	0.00000	1718.75000
1.30634	0.00000	1718.75000
1.31014	0.00000	1718.75000
1.31394	0.00000	1718.75000
1.31775	0.00000	1723.48400
1.32155	0.00000	1723.48400
1.32535	0.00000	1723.48400
1.32916	0.00000	1718.75000
1.33296	0.00000	1718.75000
1.33676	0.00000	1718.75000
1.34056	0.00000	1718.75000
1.34436	0.00000	1706.25000
1.34816	0.00000	1706.25000
1.35195	0.00000	1706.25000
1.35576	0.00000	1714.01500
1.35956	0.00000	1714.01500
1.36335	0.00000	1714.01500
1.36716	0.00000	1709.28000
1.37096	0.00000	1709.28000
1.37477	0.00000	1709.28000
1.37857	0.00000	1709.28000
1.38238	0.00000	1696.87500
1.38619	0.00000	1696.87500
1.38997	0.00000	1696.87500
1.39377	0.00000	1709.28000
1.39759	0.00000	1709.28000
1.40139	0.00000	1709.28000
1.40520	0.00000	1709.28000
1.40900	0.00000	1701.56200
1.41280	0.00000	1701.56200
1.41660	0.00000	1701.56200
1.42040	0.00000	1687.50000
1.42422	0.00000	1687.50000
1.42803	0.00000	1687.50000
1.43183	0.00000	1687.50000
1.43564	0.00000	1696.87500
1.43945	0.00000	1696.87500
1.44325	0.00000	1696.87500
1.44705	0.00000	1704.54500
1.45085	0.00000	1704.54500
1.45465	0.00000	1704.54500
1.45845	0.00000	1704.54500
1.46226	0.00000	1696.87500
1.46606	0.00000	1696.87500
1.46986	0.00000	1696.87500
1.47365	0.00000	1699.81000
1.47745	0.00000	1699.81000
1.48126	0.00000	1699.81000
1.48505	0.00000	1699.81000
1.48885	0.00000	1687.50000
1.49265	0.00000	1687.50000
1.49646	0.00000	1687.50000
1.50026	0.00000	1695.07500
1.50406	0.00000	1695.07500
1.50786	0.00000	1695.07500
1.51167	0.00000	1695.07500
1.51557	0.00000	1695.07500
1.51973	0.00000	1695.07500
1.52366	0.00000	1695.07500
1.52748	0.00000	1695.07500
1.53129	0.00000	1695.07500
1.53511	0.00000	1695.07500
1.53892	0.00000	1695.07500
1.54273	0.00000	1695.07500
1.54653	0.00000	1695.07500
1.55033	0.00000	1695.07500
1.55415	0.00000	1692.18700
1.55796	0.00000	1692.18700
1.56177	0.00000	1692.18700
1.56557	0.00000	1690.34000
1.56938	0.00000	1690.34000
1.57318	0.00000	1690.34000
1.57699	0.00000	1690.34000
1.58078	0.00000	1695.07500
1.58458	0.00000	1695.07500
1.58839	0.00000	1695.07500
1.59219	0.00000	1695.07500
1.59598	0.00000	1695.07500
1.59979	0.00000	1695.07500
1.60360	0.00000	1690.34000
1.60739	0.00000	1690.34000
1.61120	0.00000	1690.34000
1.61501	0.00000	1690.34000
1.61881	0.00000	1699.81000
1.62265	0.00000	1699.81000
1.62646	0.00000	1699.81000
1.63026	0.00000	1695.07500
1.63406	0.00000	1695.07500
1.63787	0.00000	1695.07500
1.64167	0.00000	1695.07500
1.64547	0.00000	1678.12500
1.64927	0.00000	1678.12500
1.65307	0.00000	1678.12500
1.65687	0.00000	1690.34000
1.66067	0.00000	1690.34000
1.66448	0.00000	1690.34000
1.66828	0.00000	1690.34000
1.67208	0.00000	1678.12500
1.67588	0.00000	1678.12500
1.67968	0.00000	1678.12500
1.68348	0.00000	1690.34000
1.68728	0.00000	1690.34000
1.69108	0.00000	1690.34000
1.69488	0.00000	1690.34000
1.69868	0.00000	1682.81200
1.70248	0.00000	1682.81200
1.70627	0.00000	1682.81200
1.71009	0.00000	1685.60600
1.71390	0.00000	1685.60600
1.71770	0.00000	1685.60600
1.72150	0.00000	1685.60600
1.72530	0.00000	1685.60600
1.72911	0.00000	1685.60600
1.73291	0.00000	1685.60600
1.73672	0.00000	1690.34000
1.74052	0.00000	1690.34000
1.74433	0.00000	1690.34000
1.74814	0.00000	1680.87100
1.75194	0.00000	1680.87100
1.75575	0.00000	1680.87100
1.75955	0.00000	1680.87100
1.76335	0.00000	1682.81200
1.76715	0.00000	1682.81200
1.77095	0.00000	1682.81200
1.77475	0.00000	1680.87100
1.77855	0.00000	1680.87100
1.78236	0.00000	1680.87100
1.78616	0.00000	1680.87100
1.78996	0.00000	1678.12500
1.79378	0.00000	1678.12500
1.79757	0.00000	1678.12500
1.80138	0.00000	1680.87100
1.80518	0.00000	1680.87100
1.80899	0.00000	1680.87100
1.81278	0.00000	1680.87100
1.81659	0.00000	1690.34000
1.82038	0.00000	1690.34000
1.82419	0.00000	1690.34000
1.82799	0.00000	1685.60600
1.83179	0.00000	1685.60600
1.83559	0.00000	1685.60600
1.83939	0.00000	1685.60600
1.84318	0.00000	1685.60600
1.84698	0.00000	1685.60600
1.85079	0.00000	1685.60600
1.85459	0.00000	1680.87100
1.85839	0.00000	1680.87100
1.86219	0.00000	1680.87100
1.86597	0.00000	1698.02300
1.86978	0.00000	1698.02300
1.87358	0.00000	1698.02300
1.87739	0.00000	1698.02300
1.88119	0.00000	1690.34000
1.88500	0.00000	1690.34000
1.88880	0.00000	1690.34000
1.89259	0.00000	1680.87100
1.89640	0.00000	1680.87100
1.90020	0.00000	1680.87100
1.90400	0.00000	1680.87100
1.90780	0.00000	1695.07500
1.91160	0.00000	1695.07500
1.91540	0.00000	1695.07500
1.91920	0.00000	1680.87100
1.92300	0.00000	1680.87100
1.92681	0.00000	1680.87100
1.93061	0.00000	1680.87100
1.93441	0.00000	1678.12500
1.93821	0.00000	1678.12500
1.94197	0.00000	1678.12500
1.94577	0.00000	1680.87100
1.94956	0.00000	1680.87100
1.95336	0.00000	1680.87100
1.95716	0.00000	1680.87100
1.96095	0.00000	1685.60600
1.96476	0.00000	1685.60600
1.96857	0.00000	1685.60600
1.97239	0.00000	1680.87100
1.97621	0.00000	1680.87100
1.98002	0.00000	1680.87100
1.98382	0.00000	1676.13600
1.98764	0.00000	1676.13600
1.99145	0.00000	1676.13600
1.99525	0.00000	1676.13600
1.99905	0.00000	1680.87100
2.00286	0.00000	1680.87100
2.00666	0.00000	1680.87100
2.01046	0.00000	1698.02300
2.01427	0.00000	1698.02300
2.01807	0.00000	1698.02300
2.02187	0.00000	1698.02300
2.02567	0.00000	1690.34000
2.02947	0.00000	1690.34000
2.03327	0.00000	1690.34000
2.03706	0.00000	1698.02300
2.04086	0.00000	1698.02300
2.04467	0.00000	1698.02300
2.04847	0.00000	1698.02300
2.05227	0.00000	1690.34000
2.05607	0.00000	1690.34000
2.05988	0.00000	1690.34000
2.06368	0.00000	1676.13600
2.06750	0.00000	1676.13600
2.07131	0.00000	1676.13600
2.07511	0.00000	1676.13600
2.07891	0.00000	1680.87100
2.08270	0.00000	1680.87100
2.08650	0.00000	1680.87100
2.09030	0.00000	1680.87100
2.09411	0.00000	1680.87100
2.09791	0.00000	1680.87100
2.10171	0.00000	1680.87100
2.10553	0.00000	1680.87100
2.10933	0.00000	1680.87100
2.11313	0.00000	1680.87100
2.11692	0.00000	1685.60600
2.12072	0.00000	1685.60600
2.12452	0.00000	1685.60600
2.12833	0.00000	1680.87100
2.13216	0.00000	1680.87100
2.13596	0.00000	1680.87100
2.13976	0.00000	1680.87100
2.14357	0.00000	1690.34000
2.14737	0.00000	1690.34000
2.15117	0.00000	1690.34000
2.15498	0.00000	1698.02300
2.15878	0.00000	1698.02300
2.16258	0.00000	1698.02300
2.16638	0.00000	1698.02300
2.17018	0.00000	1685.60600
2.17397	0.00000	1685.60600
2.17777	0.00000	1685.60600
2.18157	0.00000	1676.13600
2.18537	0.00000	1676.13600
2.18917	0.00000	1676.13600
2.19297	0.00000	1676.13600
2.19677	0.00000	1680.87100
2.20057	0.00000	1680.87100
2.20437	0.00000	1680.87100
2.20816	0.00000	1676.13600
2.21196	0.00000	1676.13600
2.21576	0.00000	1676.13600
2.21957	0.00000	1680.87100
2.22337	0.00000	1680.87100
2.22717	0.00000	1680.87100
2.23098	0.00000	1680.87100
2.23478	0.00000	1680.87100
2.23858	0.00000	1680.87100
2.24239	0.00000	1680.87100
2.24619	0.00000	1671.40100
2.24997	0.00000	1671.40100
2.25378	0.00000	1671.40100
2.25758	0.00000	1671.40100
2.26139	0.00000	1690.34000
2.26519	0.00000	1690.34000
2.26899	0.00000	1690.34000
2.27278	0.00000	1698.02300
2.27659	0.00000	1698.02300
2.28040	0.00000	1698.02300
2.28420	0.00000	1698.02300
2.28800	0.00000	1690.34000
2.29181	0.00000	1690.34000
2.29561	0.00000	1690.34000
2.29942	0.00000	1676.13600
2.30322	0.00000	1676.13600
2.30702	0.00000	1676.13600
2.31082	0.00000	1676.13600
2.31461	0.00000	1664.06200
2.31842	0.00000	1664.06200
2.32222	0.00000	1664.06200
2.32603	0.00000	1671.40100
2.32982	0.00000	1671.40100
2.33363	0.00000	1671.40100
2.33743	0.00000	1680.87100
2.34123	0.00000	1680.87100
2.34503	0.00000	1680.87100
2.34883	0.00000	1680.87100
2.35263	0.00000	1676.13600
2.35643	0.00000	1676.13600
2.36024	0.00000	1676.13600
2.36404	0.00000	1693.23900
2.36785	0.00000	1693.23900
2.37165	0.00000	1693.23900
2.37546	0.00000	1693.23900
2.37926	0.00000	1690.34000
2.38305	0.00000	1690.34000
2.38686	0.00000	1690.34000
2.39066	0.00000	1688.45600
2.39446	0.00000	1688.45600
2.39826	0.00000	1688.45600
2.40206	0.00000	1688.45600
2.40586	0.00000	1673.43700
2.40966	0.00000	1673.43700
2.41346	0.00000	1673.43700
2.41726	0.00000	1680.87100
2.42106	0.00000	1680.87100
2.42487	0.00000	1680.87100
2.42866	0.00000	1680.87100
2.43246	0.00000	1680.87100
2.43626	0.00000	1680.87100
2.44007	0.00000	1680.87100
2.44387	0.00000	1680.87100
2.44767	0.00000	1680.87100
2.45147	0.00000	1680.87100
2.45528	0.00000	1680.87100
2.45908	0.00000	1680.87100
2.46288	0.00000	1680.87100
2.46668	0.00000	1680.87100
2.47049	0.00000	1676.13600
2.47429	0.00000	1676.13600
2.47809	0.00000	1676.13600
2.48189	0.00000	1693.23900
2.48569	0.00000	1693.23900
2.48949	0.00000	1693.23900
2.49328	0.00000	1693.23900
2.49709	0.00000	1685.60600
2.50089	0.00000	1685.60600
2.50469	0.00000	1685.60600
2.50849	0.00000	1676.13600
2.51230	0.00000	1676.13600
2.51611	0.00000	1676.13600
2.51991	0.00000	1676.13600
2.52371	0.00000	1668.75000
2.52752	0.00000	1668.75000
2.53132	0.00000	1668.75000
2.53512	0.00000	1676.13600
2.53893	0.00000	1676.13600
2.54273	0.00000	1676.13600
2.54653	0.00000	1676.13600
2.55033	0.00000	1685.60600
2.55413	0.00000	1685.60600
2.55793	0.00000	1685.60600
2.56173	0.00000	1671.40100
2.56554	0.00000	1671.40100
2.56934	0.00000	1671.40100
2.57314	0.00000	1676.13600
2.57694	0.00000	1676.13600
2.58074	0.00000	1676.13600
2.58454	0.00000	1676.13600
2.58836	0.00000	1680.87100
2.59216	0.00000	1680.87100
2.59597	0.00000	1680.87100
2.59976	0.00000	1688.45600
2.60356	0.00000	1688.45600
2.60736	0.00000	1688.45600
2.61115	0.00000	1688.45600
2.61496	0.00000	1685.60600
2.61876	0.00000	1685.60600
2.62256	0.00000	1685.60600
2.62636	0.00000	1676.13600
2.63017	0.00000	1676.13600
2.63397	0.00000	1676.13600
2.63776	0.00000	1676.13600
2.64157	0.00000	1668.75000
2.64536	0.00000	1668.75000
2.64916	0.00000	1668.75000
2.65297	0.00000	1676.13600
2.65677	0.00000	1676.13600
2.66057	0.00000	1676.13600
2.66437	0.00000	1676.13600
2.66817	0.00000	1690.34000
2.67197	0.00000	1690.34000
2.67577	0.00000	1690.34000
2.67956	0.00000	1688.45600
2.68336	0.00000	1688.45600
2.68716	0.00000	1688.45600
2.69097	0.00000	1693.23900
2.69476	0.00000	1693.23900
2.69856	0.00000	1693.23900
2.70237	0.00000	1693.23900
2.70616	0.00000	1676.13600
2.70996	0.00000	1676.13600
2.71377	0.00000	1676.13600
2.71756	0.00000	1680.87100
2.72137	0.00000	1680.87100
2.72517	0.00000	1680.87100
2.72897	0.00000	1680.87100
2.73278	0.00000	1673.43700
2.73658	0.00000	1673.43700
2.74039	0.00000	1673.43700
2.74418	0.00000	1676.13600
2.74799	0.00000	1676.13600
2.75180	0.00000	1676.13600
2.75560	0.00000	1676.13600
2.75940	0.00000	1668.75000
2.76320	0.00000	1668.75000
2.76700	0.00000	1668.75000
2.77081	0.00000	1680.87100
2.77460	0.00000	1680.87100
2.77840	0.00000	1680.87100
2.78221	0.00000	1680.87100
2.78602	0.00000	1680.87100
2.78981	0.00000	1680.87100
2.79361	0.00000	1680.87100
2.79741	0.00000	1693.23900
2.80121	0.00000	1693.23900
2.80501	0.00000	1693.23900
2.80881	0.00000	1693.23900
2.81260	0.00000	1693.23900
2.81641	0.00000	1693.23900
2.82020	0.00000	1693.23900
2.82401	0.00000	1676.13600
2.82780	0.00000	1676.13600
2.83160	0.00000	1676.13600
2.83540	0.00000	1676.13600
2.83921	0.00000	1676.13600
2.84300	0.00000	1676.13600
2.84680	0.00000	1676.13600
2.85060	0.00000	1668.75000
2.85442	0.00000	1668.75000
2.85822	0.00000	1668.75000
2.86202	0.00000	1676.13600
2.86582	0.00000	1676.13600
2.86962	0.00000	1676.13600
2.87342	0.00000	1676.13600
2.87722	0.00000	1685.60600
2.88102	0.00000	1685.60600
2.88483	0.00000	1685.60600
2.88863	0.00000	1693.23900
2.89243	0.00000	1693.23900
2.89623	0.00000	1693.23900
2.90003	0.00000	1693.23900
2.90384	0.00000	1690.34000
2.90765	0.00000	1690.34000
2.91145	0.00000	1690.34000
2.91526	0.00000	1693.23900
2.91906	0.00000	1693.23900
2.92287	0.00000	1693.23900
2.92669	0.00000	1693.23900
2.93050	0.00000	1693.23900
2.93430	0.00000	1693.23900
2.93811	0.00000	1693.23900
2.94191	0.00000	1680.87100
2.94571	0.00000	1680.87100
2.94951	0.00000	1680.87100
2.95330	0.00000	1671.40100
2.95710	0.00000	1671.40100
2.96090	0.00000	1671.40100
2.96470	0.00000	1671.40100
2.96850	0.00000	1668.75000
2.97231	0.00000	1668.75000
2.97614	0.00000	1668.75000
2.97995	0.00000	1676.13600
2.98377	0.00000	1676.13600
2.98758	0.00000	1676.13600
2.99138	0.00000	1676.13600
2.99519	0.00000	1685.60600
2.99899	0.00000	1685.60600
3.00280	0.00000	1685.60600
3.00660	0.00000	1698.02300
3.01040	0.00000	1698.02300
3.01420	0.00000	1698.02300
3.01797	0.00000	1698.02300
3.02177	0.00000	1690.34000
3.02557	0.00000	1690.34000
3.02937	0.00000	1690.34000
3.03318	0.00000	1671.40100
3.03698	0.00000	1671.40100
3.04078	0.00000	1671.40100
3.04457	0.00000	1676.13600
3.04837	0.00000	1676.13600
3.05217	0.00000	1676.13600
3.05597	0.00000	1676.13600
3.05977	0.00000	1680.87100
3.06357	0.00000	1680.87100
3.06737	0.00000	1680.87100
3.07116	0.00000	1671.40100
3.07496	0.00000	1671.40100
3.07876	0.00000	1671.40100
3.08257	0.00000	1671.40100
3.08637	0.00000	1673.43700
3.09017	0.00000	1673.43700
3.09397	0.00000	1673.43700
3.09777	0.00000	1680.87100
3.10157	0.00000	1680.87100
3.10536	0.00000	1680.87100
3.10917	0.00000	1680.87100
3.11298	0.00000	1690.34000
3.11678	0.00000	1690.34000
3.12058	0.00000	1690.34000
3.12438	0.00000	1693.23900
3.12818	0.00000	1693.23900
3.13199	0.00000	1693.23900
3.13579	0.00000	1693.23900
3.13959	0.00000	1680.87100
3.14340	0.00000	1680.87100
3.14720	0.00000	1680.87100
3.15100	0.00000	1676.13600
3.15480	0.00000	1676.13600
3.15860	0.00000	1676.13600
3.16240	0.00000	1676.13600
3.16620	0.00000	1676.13600
3.16997	0.00000	1676.13600
3.17377	0.00000	1676.13600
3.17758	0.00000	1676.13600
3.18137	0.00000	1676.13600
3.18517	0.00000	1676.13600
3.18897	0.00000	1676.13600
3.19278	0.00000	1676.13600
3.19658	0.00000	1676.13600
3.20038	0.00000	1676.13600
3.20418	0.00000	1690.34000
3.20797	0.00000	1690.34000
3.21177	0.00000	1690.34000
3.21557	0.00000	1676.13600
3.21937	0.00000	1676.13600
3.22317	0.00000	1676.13600
3.22698	0.00000	1676.13600
3.23089	0.00000	1685.60600
3.23481	0.00000	1685.60600
3.23863	0.00000	1685.60600
3.24247	0.00000	1693.23900
3.24629	0.00000	1693.23900
3.25011	0.00000	1693.23900
3.25392	0.00000	1693.23900
3.25775	0.00000	1693.23900
3.26155	0.00000	1693.23900
3.26535	0.00000	1693.23900
3.26915	0.00000	1676.13600
3.27296	0.00000	1676.13600
3.27677	0.00000	1676.13600
3.28057	0.00000	1676.13600
3.28438	0.00000	1676.13600
3.28819	0.00000	1676.13600
3.29199	0.00000	1676.13600
3.29579	0.00000	1664.06200
3.29958	0.00000	1664.06200
3.30339	0.00000	1664.06200
3.30719	0.00000	1676.13600
3.31104	0.00000	1676.13600
3.31485	0.00000	1676.13600
3.31866	0.00000	1676.13600
3.32247	0.00000	1685.60600
3.32627	0.00000	1685.60600
3.33007	0.00000	1685.60600
3.33386	0.00000	1688.45600
3.33766	0.00000	1688.45600
3.34147	0.00000	1688.45600
3.34527	0.00000	1688.45600
3.34908	0.00000	1685.60600
3.35287	0.00000	1685.60600
3.35667	0.00000	1685.60600
3.36048	0.00000	1676.13600
3.36428	0.00000	1676.13600
3.36807	0.00000	1676.13600
3.37188	0.00000	1676.13600
3.37568	0.00000	1676.13600
3.37948	0.00000	1676.13600
3.38327	0.00000	1676.13600
3.38708	0.00000	1676.13600
3.39089	0.00000	1676.13600
3.39469	0.00000	1676.13600
3.39849	0.00000	1676.13600
3.40230	0.00000	1676.13600
3.40610	0.00000	1676.13600
3.40991	0.00000	1676.13600
3.41371	0.00000	1685.60600
3.41752	0.00000	1685.60600
3.42132	0.00000	1685.60600
3.42512	0.00000	1688.45600
3.42892	0.00000	1688.45600
3.43272	0.00000	1688.45600
3.43653	0.00000	1688.45600
3.44033	0.00000	1685.60600
3.44414	0.00000	1685.60600
3.44795	0.00000	1685.60600
3.45175	0.00000	1676.13600
3.45555	0.00000	1676.13600
3.45936	0.00000	1676.13600
3.46316	0.00000	1676.13600
3.46696	0.00000	1664.06200
3.47076	0.00000	1664.06200
3.47457	0.00000	1664.06200
3.47837	0.00000	1676.13600
3.48219	0.00000	1676.13600
3.48602	0.00000	1676.13600
3.48982	0.00000	1676.13600
3.49363	0.00000	1676.13600
3.49744	0.00000	1676.13600
3.50126	0.00000	1676.13600
3.50506	0.00000	1693.23900
3.50886	0.00000	1693.23900
3.51266	0.00000	1693.23900
3.51646	0.00000	1693.23900
3.52027	0.00000	1693.23900
3.52407	0.00000	1693.23900
3.52787	0.00000	1693.23900
3.53167	0.00000	1685.60600
3.53547	0.00000	1685.60600
3.53928	0.00000	1685.60600
3.54308	0.00000	1671.40100
3.54689	0.00000	1671.40100
3.55069	0.00000	1671.40100
3.55450	0.00000	1671.40100
3.55830	0.00000	1673.43700
3.56209	0.00000	1673.43700
3.56590	0.00000	1673.43700
3.56969	0.00000	1671.40100
3.57349	0.00000	1671.40100
3.57729	0.00000	1671.40100
3.58109	0.00000	1671.40100
3.58489	0.00000	1685.60600
3.58869	0.00000	1685.60600
3.59250	0.00000	1685.60600
3.59629	0.00000	1693.23900
3.60009	0.00000	1693.23900
3.60389	0.00000	1693.23900
3.60770	0.00000	1688.45600
3.61150	0.00000	1688.45600
3.61530	0.00000	1688.45600
3.61910	0.00000	1688.45600
3.62290	0.00000	1676.13600
3.62670	0.00000	1676.13600
3.63050	0.00000	1676.13600
3.63430	0.00000	1676.13600
3.63810	0.00000	1676.13600
3.64190	0.00000	1676.13600
3.64570	0.00000	1676.13600
3.64950	0.00000	1668.75000
3.65330	0.00000	1668.75000
3.65710	0.00000	1668.75000
3.66090	0.00000	1680.87100
3.66471	0.00000	1680.87100
3.66851	0.00000	1680.87100
3.67231	0.00000	1680.87100
3.67610	0.00000	1668.75000
3.67991	0.00000	1668.75000
3.68371	0.00000	1668.75000
3.68751	0.00000	1676.13600
3.69131	0.00000	1676.13600
3.69511	0.00000	1676.13600
3.69891	0.00000	1676.13600
3.70271	0.00000	1690.34000
3.70651	0.00000	1690.34000
3.71032	0.00000	1690.34000
3.71412	0.00000	1693.23900
3.71793	0.00000	1693.23900
3.72178	0.00000	1693.23900
3.72578	0.00000	1693.23900
3.72971	0.00000	1693.23900
3.73353	0.00000	1693.23900
3.73733	0.00000	1693.23900
3.74114	0.00000	1685.60600
3.74495	0.00000	1685.60600
3.74876	0.00000	1685.60600
3.75257	0.00000	1676.13600
3.75640	0.00000	1676.13600
3.76021	0.00000	1676.13600
3.76401	0.00000	1676.13600
3.76781	0.00000	1668.75000
3.77161	0.00000	1668.75000
3.77541	0.00000	1668.75000
3.77922	0.00000	1676.13600
3.78302	0.00000	1676.13600
3.78682	0.00000	1676.13600
3.79062	0.00000	1676.13600
3.79442	0.00000	1685.60600
3.79822	0.00000	1685.60600
3.80202	0.00000	1685.60600
3.80583	0.00000	1676.13600
3.80962	0.00000	1676.13600
3.81343	0.00000	1676.13600
3.81723	0.00000	1676.13600
3.82103	0.00000	1676.13600
3.82483	0.00000	1676.13600
3.82867	0.00000	1676.13600
3.83249	0.00000	1676.13600
3.83629	0.00000	1676.13600
3.84009	0.00000	1676.13600
3.84390	0.00000	1693.23900
3.84772	0.00000	1693.23900
3.85152	0.00000	1693.23900
3.85532	0.00000	1693.23900
3.85913	0.00000	1685.60600
3.86292	0.00000	1685.60600
3.86672	0.00000	1685.60600
3.87053	0.00000	1680.87100
3.87434	0.00000	1680.87100
3.87814	0.00000	1680.87100
3.88194	0.00000	1680.87100
3.88574	0.00000	1668.75000
3.88954	0.00000	1668.75000
3.89335	0.00000	1668.75000
3.89715	0.00000	1676.13600
3.90096	0.00000	1676.13600
3.90476	0.00000	1676.13600
3.90856	0.00000	1676.13600
3.91236	0.00000	1690.34000
3.91616	0.00000	1690.34000
3.91996	0.00000	1690.34000
3.92376	0.00000	1693.23900
3.92756	0.00000	1693.23900
3.93138	0.00000	1693.23900
3.93519	0.00000	1688.45600
3.93900	0.00000	1688.45600
3.94280	0.00000	1688.45600
3.94661	0.00000	1688.45600
3.95041	0.00000	1676.13600
3.95421	0.00000	1676.13600
3.95797	0.00000	1676.13600
3.96177	0.00000	1676.13600
3.96558	0.00000	1676.13600
3.96939	0.00000	1676.13600
3.97322	0.00000	1676.13600
3.97703	0.00000	1668.75000
3.98083	0.00000	1668.75000
3.98464	0.00000	1668.75000
3.98845	0.00000	1676.13600
3.99226	0.00000	1676.13600
3.99607	0.00000	1676.13600
3.99988	0.00000	1676.13600
4.00368	0.00000	1685.60600
4.00749	0.00000	1685.60600
4.01129	0.00000	1685.60600
4.01510	0.00000	1680.87100
4.01891	0.00000	1680.87100
4.02271	0.00000	1680.87100
4.02651	0.00000	1680.87100
4.03032	0.00000	1680.87100
4.03411	0.00000	1680.87100
4.03791	0.00000	1680.87100
4.04171	0.00000	1688.45600
4.04552	0.00000	1688.45600
4.04931	0.00000	1688.45600
4.05312	0.00000	1693.23900
4.05692	0.00000	1693.23900
4.06072	0.00000	1693.23900
4.06453	0.00000	1693.23900
4.06833	0.00000	1680.87100
4.07212	0.00000	1680.87100
4.07592	0.00000	1680.87100
4.07973	0.00000	1676.13600
4.08353	0.00000	1676.13600
4.08733	0.00000	1676.13600
4.09113	0.00000	1676.13600
4.09493	0.00000	1673.43700
4.09874	0.00000	1673.43700
4.10254	0.00000	1673.43700
4.10634	0.00000	1671.40100
4.11015	0.00000	1671.40100
4.11395	0.00000	1671.40100
4.11776	0.00000	1671.40100
4.12156	0.00000	1690.34000
4.12536	0.00000	1690.34000
4.12916	0.00000	1690.34000
4.13296	0.00000	1693.23900
4.13676	0.00000	1693.23900
4.14056	0.00000	1693.23900
4.14436	0.00000	1693.23900
4.14815	0.00000	1685.60600
4.15195	0.00000	1685.60600
4.15576	0.00000	1685.60600
4.15956	0.00000	1680.87100
4.16336	0.00000	1680.87100
4.16716	0.00000	1680.87100
4.17096	0.00000	1693.23900
4.17475	0.00000	1693.23900
4.17856	0.00000	1693.23900
4.18236	0.00000	1693.23900
4.18616	0.00000	1671.40100
4.18997	0.00000	1671.40100
4.19377	0.00000	1671.40100
4.19758	0.00000	1676.13600
4.20139	0.00000	1676.13600
4.20519	0.00000	1676.13600
4.20900	0.00000	1676.13600
4.21280	0.00000	1668.75000
4.21660	0.00000	1668.75000
4.22040	0.00000	1668.75000
4.22420	0.00000	1688.45600
4.22800	0.00000	1688.45600
4.23180	0.00000	1688.45600
4.23560	0.00000	1688.45600
4.23940	0.00000	1690.34000
4.24320	0.00000	1690.34000
4.24700	0.00000	1690.34000
4.25081	0.00000	1688.45600
4.25461	0.00000	1688.45600
4.25841	0.00000	1688.45600
4.26221	0.00000	1688.45600
4.26597	0.00000	1664.06200
4.26976	0.00000	1664.06200
4.27356	0.00000	1664.06200
4.27736	0.00000	1680.87100
4.28116	0.00000	1680.87100
4.28496	0.00000	1680.87100
4.28875	0.00000	1676.13600
4.29255	0.00000	1676.13600
4.29635	0.00000	1676.13600
4.30015	0.00000	1676.13600
4.30395	0.00000	1680.87100
4.30775	0.00000	1680.87100
4.31155	0.00000	1680.87100
4.31535	0.00000	1671.40100
4.31917	0.00000	1671.40100
4.32297	0.00000	1671.40100
4.32676	0.00000	1671.40100
4.33057	0.00000	1685.60600
4.33436	0.00000	1685.60600
4.33817	0.00000	1685.60600
4.34197	0.00000	1693.23900
4.34577	0.00000	1693.23900
4.34957	0.00000	1693.23900
4.35337	0.00000	1693.23900
4.35717	0.00000	1680.87100
4.36097	0.00000	1680.87100
4.36477	0.00000	1680.87100
4.36890	0.00000	1676.13600
4.37273	0.00000	1676.13600
4.37654	0.00000	1676.13600
4.38034	0.00000	1676.13600
4.38414	0.00000	1676.13600
4.38795	0.00000	1676.13600
4.39175	0.00000	1676.13600
4.39555	0.00000	1676.13600
4.39935	0.00000	1676.13600
4.40315	0.00000	1676.13600
4.40695	0.00000	1671.40100
4.41077	0.00000	1671.40100
4.41457	0.00000	1671.40100
4.41837	0.00000	1671.40100
4.42217	0.00000	1690.34000
4.42597	0.00000	1690.34000
4.42976	0.00000	1690.34000
4.43357	0.00000	1688.45600
4.43736	0.00000	1688.45600
4.44117	0.00000	1688.45600
4.44498	0.00000	1688.45600
4.44877	0.00000	1685.60600
4.45257	0.00000	1685.60600
4.45637	0.00000	1685.60600
4.46017	0.00000	1676.13600
4.46397	0.00000	1676.13600
4.46777	0.00000	1676.13600
4.47157	0.00000	1676.13600
4.47536	0.00000	1673.43700
4.47917	0.00000	1673.43700
4.48297	0.00000	1673.43700
4.48677	0.00000	1676.13600
4.49057	0.00000	1676.13600
4.49437	0.00000	1676.13600
4.49817	0.00000	1676.13600
4.50197	0.00000	1676.13600
4.50576	0.00000	1676.13600
4.50956	0.00000	1676.13600
4.51336	0.00000	1693.23900
4.51716	0.00000	1693.23900
4.52096	0.00000	1693.23900
4.52476	0.00000	1693.23900
4.52857	0.00000	1693.23900
4.53237	0.00000	1693.23900
4.53617	0.00000	1693.23900
4.53997	0.00000	1685.60600
4.54377	0.00000	1685.60600
4.54758	0.00000	1685.60600
4.55138	0.00000	1671.40100
4.55518	0.00000	1671.40100
4.55898	0.00000	1671.40100
4.56279	0.00000	1671.40100
4.56659	0.00000	1673.43700
4.57039	0.00000	1673.43700
4.57419	0.00000	1673.43700
4.57797	0.00000	1676.13600
4.58176	0.00000	1676.13600
4.58558	0.00000	1676.13600
4.58938	0.00000	1676.13600
4.59319	0.00000	1673.43700
4.59699	0.00000	1673.43700
4.60080	0.00000	1673.43700
4.60461	0.00000	1676.13600
4.60842	0.00000	1676.13600
4.61222	0.00000	1676.13600
4.61602	0.00000	1676.13600
4.61982	0.00000	1680.87100
4.62361	0.00000	1680.87100
4.62743	0.00000	1680.87100
4.63122	0.00000	1698.02300
4.63503	0.00000	1698.02300
4.63882	0.00000	1698.02300
4.64262	0.00000	1676.13600
4.64642	0.00000	1676.13600
4.65022	0.00000	1676.13600
4.65402	0.00000	1676.13600
4.65782	0.00000	1680.87100
4.66162	0.00000	1680.87100
4.66543	0.00000	1680.87100
4.66923	0.00000	1676.13600
4.67303	0.00000	1676.13600
4.67684	0.00000	1676.13600
4.68064	0.00000	1676.13600
4.68444	0.00000	1668.75000
4.68824	0.00000	1668.75000
4.69204	0.00000	1668.75000
4.69584	0.00000	1676.13600
4.69964	0.00000	1676.13600
4.70344	0.00000	1676.13600
4.70724	0.00000	1676.13600
4.71104	0.00000	1668.75000
4.71485	0.00000	1668.75000
4.71864	0.00000	1668.75000
4.72245	0.00000	1671.40100
4.72624	0.00000	1671.40100
4.73005	0.00000	1671.40100
4.73385	0.00000	1671.40100
4.73765	0.00000	1685.60600
4.74145	0.00000	1685.60600
4.74525	0.00000	1685.60600
4.74906	0.00000	1693.23900
4.75286	0.00000	1693.23900
4.75666	0.00000	1693.23900
4.76046	0.00000	1693.23900
4.76426	0.00000	1693.23900
4.76806	0.00000	1693.23900
4.77187	0.00000	1693.23900
4.77567	0.00000	1680.87100
4.77947	0.00000	1680.87100
4.78327	0.00000	1680.87100
4.78707	0.00000	1676.13600
4.79088	0.00000	1676.13600
4.79468	0.00000	1676.13600
4.79848	0.00000	1676.13600
4.80228	0.00000	1673.43700
4.80609	0.00000	1673.43700
4.80991	0.00000	1673.43700
4.81371	0.00000	1676.13600
4.81751	0.00000	1676.13600
4.82131	0.00000	1676.13600
4.82510	0.00000	1676.13600
4.82890	0.00000	1685.60600
4.83270	0.00000	1685.60600
4.83651	0.00000	1685.60600
4.84032	0.00000	1680.87100
4.84412	0.00000	1680.87100
4.84791	0.00000	1680.87100
4.85171	0.00000	1680.87100
4.85551	0.00000	1685.60600
4.85931	0.00000	1685.60600
4.86311	0.00000	1685.60600
4.86692	0.00000	1688.45600
4.87072	0.00000	1688.45600
4.87452	0.00000	1688.45600
4.87832	0.00000	1698.02300
4.88213	0.00000	1698.02300
4.88593	0.00000	1698.02300
4.88974	0.00000	1698.02300
4.89354	0.00000	1680.87100
4.89735	0.00000	1680.87100
4.90115	0.00000	1680.87100
4.90496	0.00000	1676.13600
4.90877	0.00000	1676.13600
4.91257	0.00000	1676.13600
4.91637	0.00000	1676.13600
4.92017	0.00000	1668.75000
4.92397	0.00000	1668.75000
4.92780	0.00000	1668.75000
4.93162	0.00000	1676.13600
4.93544	0.00000	1676.13600
4.93927	0.00000	1676.13600
4.94308	0.00000	1676.13600
4.94689	0.00000	1685.60600
4.95070	0.00000	1685.60600
4.95451	0.00000	1685.60600
4.95832	0.00000	1693.23900
4.96212	0.00000	1693.23900
4.96592	0.00000	1693.23900
4.96973	0.00000	1676.13600
4.97355	0.00000	1676.13600
4.97736	0.00000	1676.13600
4.98117	0.00000	1676.13600
4.98499	0.00000	1680.87100
4.98880	0.00000	1680.87100
4.99262	0.00000	1680.87100
4.99642	0.00000	1676.13600
5.00062	0.00000	1676.13600
5.00446	0.00000	1676.13600
5.00829	0.00000	1676.13600
5.01213	0.00000	1668.75000
5.01599	0.00000	1668.75000
5.01987	0.00000	1668.75000
5.02370	0.00000	1699.81000
5.02845	0.00000	1699.81000
5.03236	0.00000	1699.81000
5.03621	0.00000	2120.53500
5.04004	0.00000	2120.53500
5.04385	0.00000	2120.53500
5.04766	0.00000	2120.53500
5.05149	0.00000	2515.34600
5.05531	0.00000	2515.34600
5.05912	0.00000	2515.34600
5.06293	0.00000	2515.34600
5.06678	0.00000	2895.92100
5.07060	0.00000	2895.92100
5.07441	0.00000	2895.92100
5.07821	0.00000	2895.92100
5.08202	0.00000	2895.92100
5.08584	0.00000	3270.08900
5.08965	0.00000	3270.08900
5.09346	0.00000	3270.08900
5.09727	0.00000	3270.08900
5.10110	0.00000	3624.06700
5.10493	0.00000	3624.06700
5.10874	0.00000	3624.06700
5.11256	0.00000	3624.06700
5.11638	0.00000	3624.06700
5.12020	0.00000	3987.63000
5.12402	0.00000	3987.63000
5.12784	0.00000	3987.63000
5.13166	0.00000	3987.63000
5.13548	0.00000	3987.63000
5.13930	0.00000	3987.63000
5.14311	0.00000	4322.24000
5.14693	0.00000	4322.24000
5.15077	0.00000	4322.24000
5.15458	0.00000	4322.24000
5.15839	0.00000	4322.24000
5.16220	0.00000	4531.25000
5.16604	0.00000	4531.25000
5.16986	0.00000	4531.25000
5.17368	0.00000	4531.25000
5.17749	0.00000	4531.25000
5.18131	0.00000	4531.25000
5.18515	0.00000	4712.46300
5.18897	0.00000	4712.46300
5.19279	0.00000	4712.46300
5.19660	0.00000	4712.46300
5.20043	0.00000	4712.46300
5.20425	0.00000	4712.46300
5.20806	0.00000	4824.10700
5.21187	0.00000	4824.10700
5.21570	0.00000	4824.10700
5.21952	0.00000	4824.10700
5.22333	0.00000	4824.10700
5.22715	0.00000	4824.10700
5.23096	0.00000	4919.24100
5.23478	0.00000	4919.24100
5.23859	0.00000	4919.24100
5.24240	0.00000	4919.24100
5.24620	0.00000	4919.24100
5.25003	0.00000	4919.24100
5.25384	0.00000	5005.20800
5.25766	0.00000	5005.20800
5.26147	0.00000	5005.20800
5.26529	0.00000	5005.20800
5.26911	0.00000	5005.20800
5.27293	0.00000	5005.20800
5.27675	0.00000	5053.22800
5.28058	0.00000	5053.22800
5.28441	0.00000	5053.22800
5.28823	0.00000	5053.22800
5.29205	0.00000	5053.22800
5.29586	0.00000	5053.22800
5.29969	0.00000	5053.22800
5.30350	0.00000	5092.56100
5.30731	0.00000	5092.56100
5.31113	0.00000	5092.56100
5.31495	0.00000	5092.56100
5.31878	0.00000	5092.56100
5.32260	0.00000	5092.56100
5.32641	0.00000	5102.75100
5.33022	0.00000	5102.75100
5.33405	0.00000	5102.75100
5.33786	0.00000	5102.75100
5.34168	0.00000	5102.75100
5.34550	0.00000	5102.75100
5.34934	0.00000	5103.04000
5.35316	0.00000	5103.04000
5.35697	0.00000	5103.04000
5.36078	0.00000	5103.04000
5.36460	0.00000	5103.04000
5.36843	0.00000	5103.04000
5.37225	0.00000	5103.04000
5.37606	0.00000	5098.59600
5.37989	0.00000	5098.59600
5.38373	0.00000	5098.59600
5.38755	0.00000	5098.59600
5.39137	0.00000	5098.59600
5.39519	0.00000	5098.59600
5.39903	0.00000	5115.92700
5.40284	0.00000	5115.92700
5.40665	0.00000	5115.92700
5.41047	0.00000	5115.92700
5.41428	0.00000	5115.92700
5.41811	0.00000	5115.92700
5.42192	0.00000	5126.00800
5.42574	0.00000	5126.00800
5.42955	0.00000	5126.00800
5.43338	0.00000	5126.00800
5.43720	0.00000	5126.00800
5.44101	0.00000	5126.00800
5.44484	0.00000	5126.00800
5.44866	0.00000	5106.38300
5.45250	0.00000	5106.38300
5.45632	0.00000	5106.38300
5.46014	0.00000	5106.38300
5.46396	0.00000	5106.38300
5.46780	0.00000	5106.38300
5.47162	0.00000	5138.60900
5.47543	0.00000	5138.60900
5.47925	0.00000	5138.60900
5.48308	0.00000	5138.60900
5.48690	0.00000	5138.60900
5.49071	0.00000	5138.60900
5.49452	0.00000	5143.64900
5.49833	0.00000	5143.64900
5.50216	0.00000	5143.64900
5.50597	0.00000	5143.64900
5.50979	0.00000	5143.64900
5.51360	0.00000	5143.64900
5.51744	0.00000	5143.64900
5.52126	0.00000	5128.67600
5.52506	0.00000	5128.67600
5.52888	0.00000	5128.67600
5.53271	0.00000	5128.67600
5.53653	0.00000	5128.67600
5.54034	0.00000	5128.67600
5.54416	0.00000	5116.14300
5.54798	0.00000	5116.14300
5.55181	0.00000	5116.14300
5.55563	0.00000	5116.14300
5.55945	0.00000	5116.14300
5.56327	0.00000	5116.14300
5.56711	0.00000	5116.14300
5.57093	0.00000	5113.86300
5.57476	0.00000	5113.86300
5.57858	0.00000	5113.86300
5.58240	0.00000	5113.86300
5.58621	0.00000	5113.86300
5.59002	0.00000	5113.86300
5.59383	0.00000	5123.66300
5.59765	0.00000	5123.66300
5.60148	0.00000	5123.66300
5.60531	0.00000	5123.66300
5.60912	0.00000	5123.66300
5.61294	0.00000	5123.66300
5.61677	0.00000	5126.17000
5.62060	0.00000	5126.17000
5.62443	0.00000	5126.17000
5.62824	0.00000	5126.17000
5.63206	0.00000	5126.17000
5.63588	0.00000	5126.17000
5.63970	0.00000	5126.17000
5.64353	0.00000	5131.31600
5.64734	0.00000	5131.31600
5.65117	0.00000	5131.31600
5.65499	0.00000	5131.31600
5.65880	0.00000	5131.31600
5.66263	0.00000	5131.31600
5.66647	0.00000	5126.17000
5.67028	0.00000	5126.17000
5.67410	0.00000	5126.17000
5.67791	0.00000	5126.17000
5.68173	0.00000	5126.17000
5.68556	0.00000	5126.17000
5.68938	0.00000	5158.77000
5.69319	0.00000	5158.77000
5.69701	0.00000	5158.77000
5.70084	0.00000	5158.77000
5.70467	0.00000	5158.77000
5.70848	0.00000	5158.77000
5.71229	0.00000	5158.77000
5.71613	0.00000	5136.19600
5.71995	0.00000	5136.19600
5.72378	0.00000	5136.19600
5.72759	0.00000	5136.19600
5.73140	0.00000	5136.19600
5.73524	0.00000	5136.19600
5.73906	0.00000	5133.69000
5.74287	0.00000	5133.69000
5.74668	0.00000	5133.69000
5.75051	0.00000	5133.69000
5.75432	0.00000	5133.69000
5.75814	0.00000	5133.69000
5.76197	0.00000	5133.69000
5.76581	0.00000	5128.82300
5.76962	0.00000	5128.82300
5.77344	0.00000	5128.82300
5.77725	0.00000	5128.82300
5.78106	0.00000	5128.82300
5.78490	0.00000	5128.82300
5.78872	0.00000	5123.66300
5.79254	0.00000	5123.66300
5.79636	0.00000	5123.66300
5.80020	0.00000	5123.66300
5.80401	0.00000	5123.66300
5.80782	0.00000	5123.66300
5.81164	0.00000	5121.15600
5.81548	0.00000	5121.15600
5.81932	0.00000	5121.15600
5.82313	0.00000	5121.15600
5.82694	0.00000	5121.15600
5.83077	0.00000	5121.15600
5.83461	0.00000	5121.15600
5.83842	0.00000	5118.84900
5.84223	0.00000	5118.84900
5.84605	0.00000	5118.84900
5.84988	0.00000	5118.84900
5.85369	0.00000	5118.84900
5.85750	0.00000	5118.84900
5.86132	0.00000	5123.66300
5.86514	0.00000	5123.66300
5.86899	0.00000	5123.66300
5.87281	0.00000	5123.66300
5.87663	0.00000	5123.66300
5.88046	0.00000	5123.66300
5.88429	0.00000	5121.15600
5.88810	0.00000	5121.15600
5.89192	0.00000	5121.15600
5.89574	0.00000	5121.15600
5.89958	0.00000	5121.15600
5.90339	0.00000	5121.15600
5.90720	0.00000	5121.15600
5.91101	0.00000	5151.20900
5.91484	0.00000	5151.20900
5.91866	0.00000	5151.20900
5.92249	0.00000	5151.20900
5.92630	0.00000	5151.20900
5.93013	0.00000	5151.20900
5.93396	0.00000	5148.68900
5.93778	0.00000	5148.68900
5.94160	0.00000	5148.68900
5.94541	0.00000	5148.68900
5.94924	0.00000	5148.68900
5.95306	0.00000	5148.68900
5.95687	0.00000	5148.68900
5.96069	0.00000	5148.73000
5.96449	0.00000	5148.73000
5.96831	0.00000	5148.73000
5.97213	0.00000	5148.73000
5.97595	0.00000	5148.73000
5.97977	0.00000	5148.73000
5.98361	0.00000	5148.68900
5.98742	0.00000	5148.68900
5.99124	0.00000	5148.68900
5.99505	0.00000	5148.68900
5.99888	0.00000	5148.68900
6.00270	0.00000	5148.68900
6.00652	0.00000	5143.64900
6.01036	0.00000	5143.64900
6.01420	0.00000	5143.64900
6.01803	0.00000	5143.64900
6.02184	0.00000	5143.64900
6.02565	0.00000	5143.64900
6.02948	0.00000	5143.64900
6.03331	0.00000	5138.70300
6.03715	0.00000	5138.70300
6.04096	0.00000	5138.70300
6.04478	0.00000	5138.70300
6.04859	0.00000	5138.70300
6.05242	0.00000	5138.70300
6.05624	0.00000	5111.13000
6.06006	0.00000	5111.13000
6.06388	0.00000	5111.13000
6.06771	0.00000	5111.13000
6.07154	0.00000	5111.13000
6.07537	0.00000	5111.13000
6.07918	0.00000	5123.66300
6.08301	0.00000	5123.66300
6.08683	0.00000	5123.66300
6.09064	0.00000	5123.66300
6.09445	0.00000	5123.66300
6.09827	0.00000	5123.66300
6.10209	0.00000	5123.66300
6.10592	0.00000	5148.68900
6.10973	0.00000	5148.68900
6.11356	0.00000	5148.68900
6.11739	0.00000	5148.68900
6.12122	0.00000	5148.68900
6.12502	0.00000	5148.68900
6.12884	0.00000	5136.08900
6.13268	0.00000	5136.08900
6.13649	0.00000	5136.08900
6.14030	0.00000	5136.08900
6.14412	0.00000	5136.08900
6.14794	0.00000	5136.08900
6.15177	0.00000	5136.08900
6.15560	0.00000	5108.87600
6.15941	0.00000	5108.87600
6.16323	0.00000	5108.87600
6.16707	0.00000	5108.87600
6.17089	0.00000	5108.87600
6.17470	0.00000	5108.87600
6.17852	0.00000	5111.13000
6.18235	0.00000	5111.13000
6.18617	0.00000	5111.13000
6.18997	0.00000	5111.13000
6.19378	0.00000	5111.13000
6.19760	0.00000	5111.13000
6.20144	0.00000	5116.14300
6.20529	0.00000	5116.14300
6.20911	0.00000	5116.14300
6.21292	0.00000	5116.14300
6.21676	0.00000	5116.14300
6.22057	0.00000	5116.14300
6.22438	0.00000	5116.14300
6.22819	0.00000	5111.36900
6.23201	0.00000	5111.36900
6.23584	0.00000	5111.36900
6.23965	0.00000	5111.36900
6.24348	0.00000	5111.36900
6.24729	0.00000	5111.36900
6.25114	0.00000	5138.60900
6.25496	0.00000	5138.60900
6.25878	0.00000	5138.60900
6.26259	0.00000	5138.60900
6.26643	0.00000	5138.60900
6.27024	0.00000	5138.60900
6.27406	0.00000	5136.08900
6.27787	0.00000	5136.08900
6.28169	0.00000	5136.08900
6.28551	0.00000	5136.08900
6.28932	0.00000	5136.08900
6.29313	0.00000	5136.08900
6.29694	0.00000	5136.08900
6.30079	0.00000	5123.66300
6.30460	0.00000	5123.66300
6.30844	0.00000	5123.66300
6.31227	0.00000	5123.66300
6.31613	0.00000	5123.66300
6.31997	0.00000	5123.66300
6.32381	0.00000	5138.60900
6.32764	0.00000	5138.60900
6.33148	0.00000	5138.60900
6.33535	0.00000	5138.60900
6.33919	0.00000	5138.60900
6.34302	0.00000	5138.60900
6.34686	0.00000	5136.08900
6.35074	0.00000	5136.08900
6.35457	0.00000	5136.08900
6.35841	0.00000	5136.08900
6.36225	0.00000	5136.08900
6.36612	0.00000	5136.08900
6.36996	0.00000	5136.08900
6.37380	0.00000	5118.65000
6.37764	0.00000	5118.65000
6.38149	0.00000	5118.65000
6.38536	0.00000	5118.65000
6.38920	0.00000	5118.65000
6.39303	0.00000	5118.65000
6.39687	0.00000	5138.60900
6.40073	0.00000	5138.60900
6.40457	0.00000	5138.60900
6.40841	0.00000	5138.60900
6.41226	0.00000	5138.60900
6.41613	0.00000	5138.60900
6.41996	0.00000	5131.04800
6.42379	0.00000	5131.04800
6.42762	0.00000	5131.04800
6.43146	0.00000	5131.04800
6.43533	0.00000	5131.04800
6.43917	0.00000	5131.04800
6.44300	0.00000	5131.04800
6.44685	0.00000	5121.15600
6.45071	0.00000	5121.15600
6.45455	0.00000	5121.15600
6.45839	0.00000	5121.15600
6.46224	0.00000	5121.15600
6.46609	0.00000	5121.15600
6.46994	0.00000	5133.56800
6.47380	0.00000	5133.56800
6.47763	0.00000	5133.56800
6.48146	0.00000	5133.56800
6.48533	0.00000	5133.56800
6.48917	0.00000	5133.56800
6.49300	0.00000	5106.11600
6.49683	0.00000	5106.11600
6.50070	0.00000	5106.11600
6.50454	0.00000	5106.11600
6.50839	0.00000	5106.11600
6.51224	0.00000	5106.11600
6.51611	0.00000	5106.11600
6.51995	0.00000	5148.68900
6.52378	0.00000	5148.68900
6.52762	0.00000	5148.68900
6.53146	0.00000	5148.68900
6.53532	0.00000	5148.68900
6.53916	0.00000	5148.68900
6.54299	0.00000	5133.56800
6.54683	0.00000	5133.56800
6.55072	0.00000	5133.56800
6.55456	0.00000	5133.56800
6.55840	0.00000	5133.56800
6.56224	0.00000	5133.56800
6.56610	0.00000	5103.60900
6.56994	0.00000	5103.60900
6.57379	0.00000	5103.60900
6.57763	0.00000	5103.60900
6.58148	0.00000	5103.60900
6.58535	0.00000	5103.60900
6.58920	0.00000	5103.60900
6.59303	0.00000	5106.38300
6.59688	0.00000	5106.38300
6.60075	0.00000	5106.38300
6.60459	0.00000	5106.38300
6.60842	0.00000	5106.38300
6.61228	0.00000	5106.38300
6.61615	0.00000	5128.52800
6.61999	0.00000	5128.52800
6.62382	0.00000	5128.52800
6.62765	0.00000	5128.52800
6.63150	0.00000	5128.52800
6.63536	0.00000	5128.52800
6.63919	0.00000	5103.60900
6.64304	0.00000	5103.60900
6.64688	0.00000	5103.60900
6.65074	0.00000	5103.60900
6.65458	0.00000	5103.60900
6.65842	0.00000	5103.60900
6.66225	0.00000	5103.60900
6.66613	0.00000	5133.69000
6.66998	0.00000	5133.69000
6.67384	0.00000	5133.69000
6.67769	0.00000	5133.69000
6.68153	0.00000	5133.69000
6.68539	0.00000	5133.69000
6.68924	0.00000	5133.56800
6.69307	0.00000	5133.56800
6.69690	0.00000	5133.56800
6.70076	0.00000	5133.56800
6.70461	0.00000	5133.56800
6.70845	0.00000	5133.56800
6.71231	0.00000	5106.11600
6.71617	0.00000	5106.11600
6.72001	0.00000	5106.11600
6.72383	0.00000	5106.11600
6.72767	0.00000	5106.11600
6.73152	0.00000	5106.11600
6.73538	0.00000	5106.11600
6.73922	0.00000	5103.88900
6.74305	0.00000	5103.88900
6.74690	0.00000	5103.88900
6.75076	0.00000	5103.88900
6.75461	0.00000	5103.88900
6.75845	0.00000	5103.88900
6.76229	0.00000	5126.00800
6.76616	0.00000	5126.00800
6.76997	0.00000	5126.00800
6.77381	0.00000	5126.00800
6.77766	0.00000	5126.00800
6.78150	0.00000	5126.00800
6.78536	0.00000	5101.10300
6.78919	0.00000	5101.10300
6.79303	0.00000	5101.10300
6.79686	0.00000	5101.10300
6.80072	0.00000	5101.10300
6.80458	0.00000	5101.10300
6.80841	0.00000	5101.10300
6.81226	0.00000	5128.67600
6.81612	0.00000	5128.67600
6.81997	0.00000	5128.67600
6.82381	0.00000	5128.67600
6.82766	0.00000	5128.67600
6.83152	0.00000	5128.67600
6.83539	0.00000	5128.52800
6.83924	0.00000	5128.52800
6.84308	0.00000	5128.52800
6.84693	0.00000	5128.52800
6.85079	0.00000	5128.52800
6.85463	0.00000	5128.52800
6.85847	0.00000	5126.00800
6.86230	0.00000	5126.00800
6.86617	0.00000	5126.00800
6.87003	0.00000	5126.00800
6.87388	0.00000	5126.00800
6.87772	0.00000	5126.00800
6.88156	0.00000	5126.00800
6.88541	0.00000	5116.14300
6.88925	0.00000	5116.14300
6.89309	0.00000	5116.14300
6.89692	0.00000	5116.14300
6.90078	0.00000	5116.14300
6.90462	0.00000	5116.14300
6.90846	0.00000	5123.48800
6.91230	0.00000	5123.48800
6.91617	0.00000	5123.48800
6.92000	0.00000	5123.48800
6.92384	0.00000	5123.48800
6.92768	0.00000	5123.48800
6.93152	0.00000	5123.48800
6.93538	0.00000	5123.48800
6.93922	0.00000	5123.48800
6.94306	0.00000	5123.48800
6.94690	0.00000	5123.48800
6.95077	0.00000	5123.48800
6.95460	0.00000	5123.48800
6.95843	0.00000	5111.13000
6.96226	0.00000	5111.13000
6.96613	0.00000	5111.13000
6.96997	0.00000	5111.13000
6.97381	0.00000	5111.13000
6.97765	0.00000	5111.13000
6.98150	0.00000	5096.08900
6.98536	0.00000	5096.08900
6.98920	0.00000	5096.08900
6.99304	0.00000	5096.08900
6.99688	0.00000	5096.08900
7.00075	0.00000	5096.08900
7.00459	0.00000	5123.48800
7.00843	0.00000	5123.48800
7.01227	0.00000	5123.48800
7.01613	0.00000	5123.48800
7.01997	0.00000	5123.48800
7.02382	0.00000	5123.48800
7.02765	0.00000	5123.48800
7.03150	0.00000	5123.48800
7.03536	0.00000	5123.48800
7.03921	0.00000	5123.48800
7.04304	0.00000	5123.48800
7.04688	0.00000	5123.48800
7.05075	0.00000	5123.48800
7.05458	0.00000	5111.13000
7.05841	0.00000	5111.13000
7.06225	0.00000	5111.13000
7.06611	0.00000	5111.13000
7.06995	0.00000	5111.13000
7.07381	0.00000	5111.13000
7.07764	0.00000	5126.00800
7.08149	0.00000	5126.00800
7.08535	0.00000	5126.00800
7.08919	0.00000	5126.00800
7.09303	0.00000	5126.00800
7.09687	0.00000	5126.00800
7.10073	0.00000	5128.52800
7.10457	0.00000	5128.52800
7.10842	0.00000	5128.52800
7.11227	0.00000	5128.52800
7.11615	0.00000	5128.52800
7.11998	0.00000	5128.52800
7.12382	0.00000	5128.52800
7.12766	0.00000	5121.15600
7.13150	0.00000	5121.15600
7.13536	0.00000	5121.15600
7.13921	0.00000	5121.15600
7.14305	0.00000	5121.15600
7.14690	0.00000	5121.15600
7.15077	0.00000	5123.48800
7.15461	0.00000	5123.48800
7.15845	0.00000	5123.48800
7.16228	0.00000	5123.48800
7.16614	0.00000	5123.48800
7.16997	0.00000	5123.48800
7.17380	0.00000	5123.48800
7.17764	0.00000	5123.48800
7.18149	0.00000	5123.48800
7.18535	0.00000	5123.48800
7.18918	0.00000	5123.48800
7.19303	0.00000	5123.48800
7.19686	0.00000	5123.48800
7.20072	0.00000	5126.17000
7.20456	0.00000	5126.17000
7.20840	0.00000	5126.17000
7.21223	0.00000	5126.17000
7.21610	0.00000	5126.17000
7.21995	0.00000	5126.17000
7.22379	0.00000	5098.59600
7.22763	0.00000	5098.59600
7.23148	0.00000	5098.59600
7.23534	0.00000	5098.59600
7.23919	0.00000	5098.59600
7.24304	0.00000	5098.59600
7.24689	0.00000	5126.00800
7.25076	0.00000	5126.00800
7.25459	0.00000	5126.00800
7.25844	0.00000	5126.00800
7.26228	0.00000	5126.00800
7.26615	0.00000	5126.00800
7.26997	0.00000	5126.00800
7.27381	0.00000	5098.90300
7.27764	0.00000	5098.90300
7.28148	0.00000	5098.90300
7.28534	0.00000	5098.90300
7.28918	0.00000	5098.90300
7.29303	0.00000	5098.90300
7.29686	0.00000	5126.00800
7.30073	0.00000	5126.00800
7.30457	0.00000	5126.00800
7.30842	0.00000	5126.00800
7.31226	0.00000	5126.00800
7.31612	0.00000	5126.00800
7.31997	0.00000	5096.08900
7.32382	0.00000	5096.08900
7.32768	0.00000	5096.08900
7.33153	0.00000	5096.08900
7.33537	0.00000	5096.08900
7.33923	0.00000	5096.08900
7.34308	0.00000	5096.08900
7.34692	0.00000	5118.65000
7.35078	0.00000	5118.65000
7.35464	0.00000	5118.65000
7.35849	0.00000	5118.65000
7.36234	0.00000	5118.65000
7.36619	0.00000	5118.65000
7.37004	0.00000	5098.59600
7.37388	0.00000	5098.59600
7.37770	0.00000	5098.59600
7.38154	0.00000	5098.59600
7.38539	0.00000	5098.59600
7.38924	0.00000	5098.59600
7.39308	0.00000	5126.00800
7.39692	0.00000	5126.00800
7.40079	0.00000	5126.00800
7.40463	0.00000	5126.00800
7.40846	0.00000	5126.00800
7.41229	0.00000	5126.00800
7.41616	0.00000	5126.00800
7.41999	0.00000	5113.63600
7.42384	0.00000	5113.63600
7.42768	0.00000	5113.63600
7.43152	0.00000	5113.63600
7.43537	0.00000	5113.63600
7.43922	0.00000	5113.63600
7.44305	0.00000	5126.00800
7.44689	0.00000	5126.00800
7.45077	0.00000	5126.00800
7.45461	0.00000	5126.00800
7.45844	0.00000	5126.00800
7.46228	0.00000	5126.00800
7.46614	0.00000	5128.52800
7.46997	0.00000	5128.52800
7.47381	0.00000	5128.52800
7.47765	0.00000	5128.52800
7.48150	0.00000	5128.52800
7.48536	0.00000	5128.52800
7.48920	0.00000	5136.08900
7.49303	0.00000	5136.08900
7.49688	0.00000	5136.08900
7.50074	0.00000	5136.08900
7.50458	0.00000	5136.08900
7.50842	0.00000	5136.08900
7.51226	0.00000	5136.08900
7.51612	0.00000	5126.00800
7.51997	0.00000	5126.00800
7.52381	0.00000	5126.00800
7.52763	0.00000	5126.00800
7.53148	0.00000	5126.00800
7.53533	0.00000	5126.00800
7.53918	0.00000	5128.52800
7.54302	0.00000	5128.52800
7.54686	0.00000	5128.52800
7.55074	0.00000	5128.52800
7.55457	0.00000	5128.52800
7.55842	0.00000	5128.52800
7.56226	0.00000	5126.00800
7.56613	0.00000	5126.00800
7.56997	0.00000	5126.00800
7.57381	0.00000	5126.00800
7.57765	0.00000	5126.00800
7.58149	0.00000	5126.00800
7.58535	0.00000	5126.00800
7.58919	0.00000	5108.62300
7.59303	0.00000	5108.62300
7.59687	0.00000	5108.62300
7.60073	0.00000	5108.62300
7.60458	0.00000	5108.62300
7.60841	0.00000	5108.62300
7.61226	0.00000	5126.00800
7.61612	0.00000	5126.00800
7.61997	0.00000	5126.00800
7.62380	0.00000	5126.00800
7.62763	0.00000	5126.00800
7.63147	0.00000	5126.00800
7.63533	0.00000	5128.52800
7.63918	0.00000	5128.52800
7.64302	0.00000	5128.52800
7.64685	0.00000	5128.52800
7.65071	0.00000	5128.52800
7.65456	0.00000	5128.52800
7.65841	0.00000	5128.52800
7.66225	0.00000	5123.66300
7.66611	0.00000	5123.66300
7.66995	0.00000	5123.66300
7.67378	0.00000	5123.66300
7.67762	0.00000	5123.66300
7.68146	0.00000	5123.66300
7.68531	0.00000	5133.56800
7.68915	0.00000	5133.56800
7.69299	0.00000	5133.56800
7.69683	0.00000	5133.56800
7.70069	0.00000	5133.56800
7.70453	0.00000	5133.56800
7.70837	0.00000	5098.59600
7.71223	0.00000	5098.59600
7.71611	0.00000	5098.59600
7.71994	0.00000	5098.59600
7.72379	0.00000	5098.59600
7.72762	0.00000	5098.59600
7.73147	0.00000	5098.59600
7.73533	0.00000	5131.18300
7.73918	0.00000	5131.18300
7.74301	0.00000	5131.18300
7.74685	0.00000	5131.18300
7.75072	0.00000	5131.18300
7.75457	0.00000	5131.18300
7.75839	0.00000	5131.04800
7.76224	0.00000	5131.04800
7.76610	0.00000	5131.04800
7.76997	0.00000	5131.04800
7.77381	0.00000	5131.04800
7.77764	0.00000	5131.04800
7.78148	0.00000	5126.00800
7.78537	0.00000	5126.00800
7.78920	0.00000	5126.00800
7.79304	0.00000	5126.00800
7.79688	0.00000	5126.00800
7.80074	0.00000	5126.00800
7.80459	0.00000	5126.00800
7.80845	0.00000	5126.17000
7.81231	0.00000	5126.17000
7.81618	0.00000	5126.17000
7.82003	0.00000	5126.17000
7.82387	0.00000	5126.17000
7.82772	0.00000	5126.17000
7.83155	0.00000	5101.10300
7.83542	0.00000	5101.10300
7.83927	0.00000	5101.10300
7.84313	0.00000	5101.10300
7.84697	0.00000	5101.10300
7.85084	0.00000	5101.10300
7.85468	0.00000	5131.04800
7.85851	0.00000	5131.04800
7.86234	0.00000	5131.04800
7.86621	0.00000	5131.04800
7.87008	0.00000	5131.04800
7.87392	0.00000	5131.04800
7.87777	0.00000	5131.04800
7.88161	0.00000	5116.14300
7.88547	0.00000	5116.14300
7.88931	0.00000	5116.14300
7.89314	0.00000	5116.14300
7.89698	0.00000	5116.14300
7.90086	0.00000	5116.14300
7.90469	0.00000	5123.48800
7.90854	0.00000	5123.48800
7.91237	0.00000	5123.48800
7.91624	0.00000	5123.48800
7.92008	0.00000	5123.48800
7.92391	0.00000	5123.48800
7.92775	0.00000	5126.00800
7.93159	0.00000	5126.00800
7.93546	0.00000	5126.00800
7.93930	0.00000	5126.00800
7.94314	0.00000	5126.00800
7.94699	0.00000	5126.00800
7.95084	0.00000	5126.00800
7.95467	0.00000	5108.62300
7.95852	0.00000	5108.62300
7.96236	0.00000	5108.62300
7.96622	0.00000	5108.62300
7.97007	0.00000	5108.62300
7.97390	0.00000	5108.62300
7.97774	0.00000	5120.96800
7.98158	0.00000	5120.96800
7.98545	0.00000	5120.96800
7.98930	0.00000	5120.96800
7.99313	0.00000	5120.96800
7.99699	0.00000	5120.96800
8.00086	0.00000	5123.48800
8.00470	0.00000	5123.48800
8.00853	0.00000	5123.48800
8.01236	0.00000	5123.48800
8.01623	0.00000	5123.48800
8.02008	0.00000	5123.48800
8.02393	0.00000	5126.00800
8.02777	0.00000	5126.00800
8.03162	0.00000	5126.00800
8.03548	0.00000	5126.00800
8.03933	0.00000	5126.00800
8.04317	0.00000	5126.00800
8.04701	0.00000	5126.00800
8.05088	0.00000	5106.11600
8.05472	0.00000	5106.11600
8.05856	0.00000	5106.11600
8.06239	0.00000	5106.11600
8.06626	0.00000	5106.11600
8.07010	0.00000	5106.11600
8.07394	0.00000	5126.00800
8.07778	0.00000	5126.00800
8.08163	0.00000	5126.00800
8.08548	0.00000	5126.00800
8.08933	0.00000	5126.00800
8.09317	0.00000	5126.00800
8.09701	0.00000	5126.00800
8.10089	0.00000	5126.00800
8.10473	0.00000	5126.00800
8.10856	0.00000	5126.00800
8.11241	0.00000	5126.00800
8.11629	0.00000	5126.00800
8.12012	0.00000	5126.00800
8.12396	0.00000	5126.17000
8.12780	0.00000	5126.17000
8.13165	0.00000	5126.17000
8.13552	0.00000	5126.17000
8.13937	0.00000	5126.17000
8.14322	0.00000	5126.17000
8.14708	0.00000	5128.52800
8.15094	0.00000	5128.52800
8.15478	0.00000	5128.52800
8.15862	0.00000	5128.52800
8.16246	0.00000	5128.52800
8.16633	0.00000	5128.52800
8.17017	0.00000	5128.52800
8.17402	0.00000	5128.52800
8.17785	0.00000	5128.52800
8.18170	0.00000	5128.52800
8.18555	0.00000	5128.52800
8.18940	0.00000	5128.52800
8.19323	0.00000	5128.52800
8.19708	0.00000	5126.17000
8.20095	0.00000	5126.17000
8.20479	0.00000	5126.17000
8.20862	0.00000	5126.17000
8.21247	0.00000	5126.17000
8.21633	0.00000	5126.17000
8.22018	0.00000	5101.10300
8.22403	0.00000	5101.10300
8.22787	0.00000	5101.10300
8.23171	0.00000	5101.10300
8.23556	0.00000	5101.10300
8.23942	0.00000	5101.10300
8.24325	0.00000	5128.52800
8.24711	0.00000	5128.52800
8.25098	0.00000	5128.52800
8.25484	0.00000	5128.52800
8.25867	0.00000	5128.52800
8.26251	0.00000	5128.52800
8.26637	0.00000	5128.52800
8.27020	0.00000	5126.17000
8.27404	0.00000	5126.17000
8.27787	0.00000	5126.17000
8.28171	0.00000	5126.17000
8.28558	0.00000	5126.17000
8.28943	0.00000	5126.17000
8.29327	0.00000	5128.52800
8.29712	0.00000	5128.52800
8.30099	0.00000	5128.52800
8.30484	0.00000	5128.52800
8.30867	0.00000	5128.52800
8.31251	0.00000	5128.52800
8.31638	0.00000	5128.52800
8.32024	0.00000	5128.52800
8.32409	0.00000	5128.52800
8.32793	0.00000	5128.52800
8.33178	0.00000	5128.52800
8.33563	0.00000	5128.52800
8.33947	0.00000	5128.52800
8.34331	0.00000	5116.14300
8.34715	0.00000	5116.14300
8.35102	0.00000	5116.14300
8.35486	0.00000	5116.14300
8.35869	0.00000	5116.14300
8.36254	0.00000	5116.14300
8.36640	0.00000	5126.00800
8.37026	0.00000	5126.00800
8.37409	0.00000	5126.00800
8.37794	0.00000	5126.00800
8.38178	0.00000	5126.00800
8.38564	0.00000	5126.00800
8.38948	0.00000	5126.00800
8.39331	0.00000	5126.00800
8.39714	0.00000	5126.00800
8.40101	0.00000	5126.00800
8.40486	0.00000	5126.00800
8.40869	0.00000	5126.00800
8.41252	0.00000	5126.00800
8.41638	0.00000	5131.04800
8.42022	0.00000	5131.04800
8.42405	0.00000	5131.04800
8.42789	0.00000	5131.04800
8.43173	0.00000	5131.04800
8.43559	0.00000	5131.04800
8.43943	0.00000	5123.48800
8.44326	0.00000	5123.48800
8.44709	0.00000	5123.48800
8.45096	0.00000	5123.48800
8.45479	0.00000	5123.48800
8.45865	0.00000	5123.48800
8.46249	0.00000	5118.44700
8.46636	0.00000	5118.44700
8.47021	0.00000	5118.44700
8.47405	0.00000	5118.44700
8.47789	0.00000	5118.44700
8.48172	0.00000	5118.44700
8.48558	0.00000	5126.00800
8.48944	0.00000	5126.00800
8.49328	0.00000	5126.00800
8.49712	0.00000	5126.00800
8.50098	0.00000	5126.00800
8.50482	0.00000	5126.00800
8.50865	0.00000	5126.00800
8.51250	0.00000	5138.60900
8.51636	0.00000	5138.60900
8.52020	0.00000	5138.60900
8.52405	0.00000	5138.60900
8.52788	0.00000	5138.60900
8.53172	0.00000	5138.60900
8.53559	0.00000	5123.48800
8.53945	0.00000	5123.48800
8.54329	0.00000	5123.48800
8.54712	0.00000	5123.48800
8.55099	0.00000	5123.48800
8.55483	0.00000	5123.48800
8.55867	0.00000	5128.52800
8.56253	0.00000	5128.52800
8.56638	0.00000	5128.52800
8.57022	0.00000	5128.52800
8.57407	0.00000	5128.52800
8.57790	0.00000	5128.52800
8.58175	0.00000	5128.52800
8.58561	0.00000	5136.08900
8.58945	0.00000	5136.08900
8.59328	0.00000	5136.08900
8.59713	0.00000	5136.08900
8.60100	0.00000	5136.08900
8.60484	0.00000	5136.08900
8.60869	0.00000	5126.00800
8.61255	0.00000	5126.00800
8.61641	0.00000	5126.00800
8.62026	0.00000	5126.00800
8.62411	0.00000	5126.00800
8.62794	0.00000	5126.00800
8.63178	0.00000	5123.48800
8.63564	0.00000	5123.48800
8.63948	0.00000	5123.48800
8.64331	0.00000	5123.48800
8.64714	0.00000	5123.48800
8.65100	0.00000	5123.48800
8.65484	0.00000	5123.48800
8.65869	0.00000	5126.17000
8.66252	0.00000	5126.17000
8.66638	0.00000	5126.17000
8.67022	0.00000	5126.17000
8.67405	0.00000	5126.17000
8.67789	0.00000	5126.17000
8.68173	0.00000	5118.44700
8.68560	0.00000	5118.44700
8.68943	0.00000	5118.44700
8.69328	0.00000	5118.44700
8.69713	0.00000	5118.44700
8.70099	0.00000	5118.44700
8.70483	0.00000	5120.96800
8.70869	0.00000	5120.96800
8.71254	0.00000	5120.96800
8.71642	0.00000	5120.96800
8.72025	0.00000	5120.96800
8.72409	0.00000	5120.96800
8.72792	0.00000	5120.96800
8.73177	0.00000	5101.39600
8.73563	0.00000	5101.39600
8.73947	0.00000	5101.39600
8.74330	0.00000	5101.39600
8.74714	0.00000	5101.39600
8.75100	0.00000	5101.39600
8.75484	0.00000	5118.44700
8.75868	0.00000	5118.44700
8.76252	0.00000	5118.44700
8.76640	0.00000	5118.44700
8.77025	0.00000	5118.44700
8.77409	0.00000	5118.44700
8.77793	0.00000	5120.96800
8.78177	0.00000	5120.96800
8.78564	0.00000	5120.96800
8.78949	0.00000	5120.96800
8.79332	0.00000	5120.96800
8.79716	0.00000	5120.96800
8.80102	0.00000	5120.96800
8.80486	0.00000	5113.63600
8.80870	0.00000	5113.63600
8.81254	0.00000	5113.63600
8.81640	0.00000	5113.63600
8.82025	0.00000	5113.63600
8.82409	0.00000	5113.63600
8.82792	0.00000	5128.52800
8.83176	0.00000	5128.52800
8.83562	0.00000	5128.52800
8.83946	0.00000	5128.52800
8.84330	0.00000	5128.52800
8.84714	0.00000	5128.52800
8.85100	0.00000	5123.48800
8.85486	0.00000	5123.48800
8.85869	0.00000	5123.48800
8.86253	0.00000	5123.48800
8.86639	0.00000	5123.48800
8.87026	0.00000	5123.48800
8.87412	0.00000	5126.00800
8.87795	0.00000	5126.00800
8.88180	0.00000	5126.00800
8.88566	0.00000	5126.00800
8.88950	0.00000	5126.00800
8.89334	0.00000	5126.00800
8.89719	0.00000	5126.00800
8.90105	0.00000	5128.52800
8.90490	0.00000	5128.52800
8.90874	0.00000	5128.52800
8.91259	0.00000	5128.52800
8.91645	0.00000	5128.52800
8.92030	0.00000	5128.52800
8.92413	0.00000	5123.48800
8.92797	0.00000	5123.48800
8.93181	0.00000	5123.48800
8.93567	0.00000	5123.48800
8.93951	0.00000	5123.48800
8.94334	0.00000	5123.48800
8.94719	0.00000	5128.52800
8.95106	0.00000	5128.52800
8.95490	0.00000	5128.52800
8.95874	0.00000	5128.52800
8.96258	0.00000	5128.52800
8.96645	0.00000	5128.52800
8.97030	0.00000	5128.52800
8.97414	0.00000	5116.14300
8.97797	0.00000	5116.14300
8.98181	0.00000	5116.14300
8.98567	0.00000	5116.14300
8.98951	0.00000	5116.14300
8.99336	0.00000	5116.14300
8.99723	0.00000	5128.52800
9.00111	0.00000	5128.52800
9.00496	0.00000	5128.52800
9.00879	0.00000	5128.52800
9.01264	0.00000	5128.52800
9.01651	0.00000	5128.52800
9.02036	0.00000	5126.00800
9.02420	0.00000	5126.00800
9.02804	0.00000	5126.00800
9.03188	0.00000	5126.00800
9.03575	0.00000	5126.00800
9.03959	0.00000	5126.00800
9.04343	0.00000	5126.00800
9.04727	0.00000	5123.66300
9.05113	0.00000	5123.66300
9.05496	0.00000	5123.66300
9.05880	0.00000	5123.66300
9.06264	0.00000	5123.66300
9.06650	0.00000	5123.66300
9.07035	0.00000	5123.48800
9.07418	0.00000	5123.48800
9.07803	0.00000	5123.48800
9.08187	0.00000	5123.48800
9.08573	0.00000	5123.48800
9.08957	0.00000	5123.48800
9.09340	0.00000	5128.52800
9.09724	0.00000	5128.52800
9.10111	0.00000	5128.52800
9.10495	0.00000	5128.52800
9.10878	0.00000	5128.52800
9.11263	0.00000	5128.52800
9.11650	0.00000	5128.52800
9.12034	0.00000	5123.66300
9.12420	0.00000	5123.66300
9.12804	0.00000	5123.66300
9.13188	0.00000	5123.66300
9.13573	0.00000	5123.66300
9.13958	0.00000	5123.66300
9.14343	0.00000	5098.59600
9.14727	0.00000	5098.59600
9.15115	0.00000	5098.59600
9.15498	0.00000	5098.59600
9.15883	0.00000	5098.59600
9.16267	0.00000	5098.59600
9.16653	0.00000	5126.00800
9.17040	0.00000	5126.00800
9.17423	0.00000	5126.00800
9.17807	0.00000	5126.00800
9.18191	0.00000	5126.00800
9.18578	0.00000	5126.00800
9.18964	0.00000	5126.00800
9.19348	0.00000	5098.90300
9.19731	0.00000	5098.90300
9.20117	0.00000	5098.90300
9.20500	0.00000	5098.90300
9.20884	0.00000	5098.90300
9.21268	0.00000	5098.90300
9.21656	0.00000	5126.00800
9.22039	0.00000	5126.00800
9.22423	0.00000	5126.00800
9.22807	0.00000	5126.00800
9.23191	0.00000	5126.00800
9.23579	0.00000	5126.00800
9.23962	0.00000	5126.00800
9.24346	0.00000	5126.00800
9.24729	0.00000	5126.00800
9.25115	0.00000	5126.00800
9.25499	0.00000	5126.00800
9.25882	0.00000	5126.00800
9.26266	0.00000	5126.00800
9.26654	0.00000	5118.65000
9.27038	0.00000	5118.65000
9.27421	0.00000	5118.65000
9.27805	0.00000	5118.65000
9.28191	0.00000	5118.65000
9.28580	0.00000	5118.65000
9.28964	0.00000	5126.00800
9.29347	0.00000	5126.00800
9.29731	0.00000	5126.00800
9.30116	0.00000	5126.00800
9.30502	0.00000	5126.00800
9.30887	0.00000	5126.00800
9.31271	0.00000	5128.52800
9.31656	0.00000	5128.52800
9.32043	0.00000	5128.52800
9.32427	0.00000	5128.52800
9.32811	0.00000	5128.52800
9.33196	0.00000	5128.52800
9.33581	0.00000	5131.04800
9.33964	0.00000	5131.04800
9.34348	0.00000	5131.04800
9.34733	0.00000	5131.04800
9.35118	0.00000	5131.04800
9.35503	0.00000	5131.04800
9.35886	0.00000	5131.04800
9.36270	0.00000	5133.56800
9.36656	0.00000	5133.56800
9.37041	0.00000	5133.56800
9.37425	0.00000	5133.56800
9.37808	0.00000	5133.56800
9.38193	0.00000	5133.56800
9.38579	0.00000	5098.59600
9.38963	0.00000	5098.59600
9.39347	0.00000	5098.59600
9.39730	0.00000	5098.59600
9.40116	0.00000	5098.59600
9.40500	0.00000	5098.59600
9.40884	0.00000	5131.04800
9.41267	0.00000	5131.04800
9.41653	0.00000	5131.04800
9.42037	0.00000	5131.04800
9.42421	0.00000	5131.04800
9.42805	0.00000	5131.04800
9.43190	0.00000	5131.04800
9.43575	0.00000	5113.63600
9.43960	0.00000	5113.63600
9.44344	0.00000	5113.63600
9.44728	0.00000	5113.63600
9.45116	0.00000	5113.63600
9.45500	0.00000	5113.63600
9.45883	0.00000	5133.56800
9.46267	0.00000	5133.56800
9.46655	0.00000	5133.56800
9.47040	0.00000	5133.56800
9.47424	0.00000	5133.56800
9.47808	0.00000	5133.56800
9.48192	0.00000	5131.04800
9.48579	0.00000	5131.04800
9.48963	0.00000	5131.04800
9.49347	0.00000	5131.04800
9.49731	0.00000	5131.04800
9.50117	0.00000	5131.04800
9.50500	0.00000	5131.04800
9.50885	0.00000	5118.65000
9.51269	0.00000	5118.65000
9.51655	0.00000	5118.65000
9.52040	0.00000	5118.65000
9.52423	0.00000	5118.65000
9.52808	0.00000	5118.65000
9.53191	0.00000	5133.56800
9.53577	0.00000	5133.56800
9.53962	0.00000	5133.56800
9.54346	0.00000	5133.56800
9.54730	0.00000	5133.56800
9.55117	0.00000	5133.56800
9.55501	0.00000	5106.11600
9.55887	0.00000	5106.11600
9.56271	0.00000	5106.11600
9.56657	0.00000	5106.11600
9.57041	0.00000	5106.11600
9.57424	0.00000	5106.11600
9.57808	0.00000	5106.11600
9.58193	0.00000	5128.67600
9.58580	0.00000	5128.67600
9.58965	0.00000	5128.67600
9.59350	0.00000	5128.67600
9.59734	0.00000	5128.67600
9.60122	0.00000	5128.67600
9.60506	0.00000	5133.56800
9.60890	0.00000	5133.56800
9.61274	0.00000	5133.56800
9.61662	0.00000	5133.56800
9.62045	0.00000	5133.56800
9.62429	0.00000	5133.56800
9.62812	0.00000	5108.62300
9.63199	0.00000	5108.62300
9.63585	0.00000	5108.62300
9.63968	0.00000	5108.62300
9.64353	0.00000	5108.62300
9.64736	0.00000	5108.62300
9.65123	0.00000	5108.62300
9.65506	0.00000	5111.36900
9.65890	0.00000	5111.36900
9.66273	0.00000	5111.36900
9.66660	0.00000	5111.36900
9.67044	0.00000	5111.36900
9.67428	0.00000	5111.36900
9.67811	0.00000	5133.56800
9.68196	0.00000	5133.56800
9.68582	0.00000	5133.56800
9.68966	0.00000	5133.56800
9.69350	0.00000	5133.56800
9.69734	0.00000	5133.56800
9.70121	0.00000	5133.56800
9.70506	0.00000	5133.56800
9.70890	0.00000	5133.56800
9.71275	0.00000	5133.56800
9.71662	0.00000	5133.56800
9.72045	0.00000	5133.56800
9.72430	0.00000	5133.56800
9.72814	0.00000	5111.36900
9.73198	0.00000	5111.36900
9.73585	0.00000	5111.36900
9.73970	0.00000	5111.36900
9.74354	0.00000	5111.36900
9.74739	0.00000	5111.36900
9.75125	0.00000	5111.13000
9.75509	0.00000	5111.13000
9.75892	0.00000	5111.13000
9.76277	0.00000	5111.13000
9.76662	0.00000	5111.13000
9.77046	0.00000	5111.13000
9.77430	0.00000	5111.13000
9.77815	0.00000	5111.13000
9.78198	0.00000	5111.13000
9.78585	0.00000	5111.13000
9.78970	0.00000	5111.13000
9.79354	0.00000	5111.13000
9.79737	0.00000	5111.13000
9.80125	0.00000	5136.19600
9.80510	0.00000	5136.19600
9.80893	0.00000	5136.19600
9.81278	0.00000	5136.19600
9.81665	0.00000	5136.19600
9.82051	0.00000	5136.19600
9.82434	0.00000	5136.08900
9.82818	0.00000	5136.08900
9.83203	0.00000	5136.08900
9.83588	0.00000	5136.08900
9.83973	0.00000	5136.08900
9.84357	0.00000	5136.08900
9.84741	0.00000	5108.62300
9.85129	0.00000	5108.62300
9.85513	0.00000	5108.62300
9.85897	0.00000	5108.62300
9.86280	0.00000	5108.62300
9.86667	0.00000	5108.62300
9.87055	0.00000	5108.62300
9.87441	0.00000	5131.18300
9.87827	0.00000	5131.18300
9.88214	0.00000	5131.18300
9.88597	0.00000	5131.18300
9.88981	0.00000	5131.18300
9.89364	0.00000	5131.18300
9.89748	0.00000	5141.12900
9.90135	0.00000	5141.12900
9.90520	0.00000	5141.12900
9.90904	0.00000	5141.12900
9.91287	0.00000	5141.12900
9.91676	0.00000	5141.12900
9.92060	0.00000	5138.60900
9.92445	0.00000	5138.60900
9.92829	0.00000	5138.60900
9.93217	0.00000	5138.60900
9.93602	0.00000	5138.60900
9.93986	0.00000	5138.60900
9.94369	0.00000	5138.60900
9.94753	0.00000	5103.88900
9.95138	0.00000	5103.88900
9.95523	0.00000	5103.88900
9.95906	0.00000	5103.88900
9.96291	0.00000	5103.88900
9.96677	0.00000	5103.88900
9.97061	0.00000	5111.13000
9.97444	0.00000	5111.13000
9.97829	0.00000	5111.13000
9.98217	0.00000	5111.13000
9.98597	0.00000	5111.13000
9.98981	0.00000	5111.13000
9.99365	0.00000	5136.08900
9.99749	0.00000	5136.08900
