Time (s)   Thrust (N)   RPM
0.00031	0.00000	4999.14100
0.00562	0.00000	5029.84500
0.00947	0.00000	5029.84500
0.01331	0.00000	5029.84500
0.01714	0.00000	5029.84500
0.02097	0.00000	5029.84500
0.02484	0.00000	5029.84500
0.02870	0.00000	4983.68800
0.03254	0.00000	4983.68800
0.03637	0.00000	4983.68800
0.04020	0.00000	4983.68800
0.04402	0.00000	4983.68800
0.04785	0.00000	4983.68800
0.05169	0.00000	4932.29200
0.05554	0.00000	4932.29200
0.05937	0.00000	4932.29200
0.06320	0.00000	4932.29200
0.06702	0.00000	4932.29200
0.07086	0.00000	4932.29200
0.07469	0.00000	4945.84500
0.07852	0.00000	4945.84500
0.08235	0.00000	4945.84500
0.08618	0.00000	4945.84500
0.09001	0.00000	4945.84500
0.09383	0.00000	4945.84500
0.09766	0.00000	4924.56900
0.10153	0.00000	4924.56900
0.10537	0.00000	4924.56900
0.10921	0.00000	4924.56900
0.11304	0.00000	4924.56900
0.11688	0.00000	4924.56900
0.12071	0.00000	4870.68900
0.12454	0.00000	4870.68900
0.12837	0.00000	4870.68900
0.13221	0.00000	4870.68900
0.13605	0.00000	4870.68900
0.13988	0.00000	4870.68900
0.14372	0.00000	4827.58600
0.14755	0.00000	4827.58600
0.15138	0.00000	4827.58600
0.15521	0.00000	4827.58600
0.15904	0.00000	4827.58600
0.16288	0.00000	4827.58600
0.16672	0.00000	4853.74200
0.17055	0.00000	4853.74200
0.17439	0.00000	4853.74200
0.17824	0.00000	4853.74200
0.18207	0.00000	4853.74200
0.18591	0.00000	4853.74200
0.18974	0.00000	4818.31400
0.19358	0.00000	4818.31400
0.19742	0.00000	4818.31400
0.20125	0.00000	4818.31400
0.20508	0.00000	4818.31400
0.20891	0.00000	4818.31400
0.21274	0.00000	4799.23700
0.21654	0.00000	4799.23700
0.22038	0.00000	4799.23700
0.22421	0.00000	4799.23700
0.22806	0.00000	4799.23700
0.23189	0.00000	4799.23700
0.23574	0.00000	4777.43400
0.23957	0.00000	4777.43400
0.24342	0.00000	4777.43400
0.24726	0.00000	4777.43400
0.25110	0.00000	4777.43400
0.25495	0.00000	4777.43400
0.25878	0.00000	4752.90700
0.26261	0.00000	4752.90700
0.26644	0.00000	4752.90700
0.27027	0.00000	4752.90700
0.27409	0.00000	4752.90700
0.27792	0.00000	4756.43300
0.28176	0.00000	4756.43300
0.28559	0.00000	4756.43300
0.28943	0.00000	4756.43300
0.29327	0.00000	4756.43300
0.29711	0.00000	4756.43300
0.30094	0.00000	4728.37900
0.30476	0.00000	4728.37900
0.30861	0.00000	4728.37900
0.31244	0.00000	4728.37900
0.31627	0.00000	4728.37900
0.32012	0.00000	4728.37900
0.32395	0.00000	4722.92800
0.32778	0.00000	4722.92800
0.33160	0.00000	4722.92800
0.33543	0.00000	4722.92800
0.33927	0.00000	4722.92800
0.34310	0.00000	4722.92800
0.34694	0.00000	4770.22000
0.35078	0.00000	4770.22000
0.35461	0.00000	4770.22000
0.35846	0.00000	4770.22000
0.36229	0.00000	4770.22000
0.36612	0.00000	4770.22000
0.36996	0.00000	4750.91900
0.37379	0.00000	4750.91900
0.37761	0.00000	4750.91900
0.38145	0.00000	4750.91900
0.38528	0.00000	4750.91900
0.38912	0.00000	4706.80200
0.39296	0.00000	4706.80200
0.39680	0.00000	4706.80200
0.40063	0.00000	4706.80200
0.40446	0.00000	4706.80200
0.40829	0.00000	4706.80200
0.41212	0.00000	4682.04900
0.41596	0.00000	4682.04900
0.41979	0.00000	4682.04900
0.42364	0.00000	4682.04900
0.42747	0.00000	4682.04900
0.43129	0.00000	4682.04900
0.43513	0.00000	4734.37500
0.43896	0.00000	4734.37500
0.44280	0.00000	4734.37500
0.44663	0.00000	4734.37500
0.45046	0.00000	4734.37500
0.45429	0.00000	4734.37500
0.45812	0.00000	4734.37500
0.46195	0.00000	4734.37500
0.46578	0.00000	4734.37500
0.46963	0.00000	4734.37500
0.47347	0.00000	4734.37500
0.47730	0.00000	4762.83500
0.48112	0.00000	4762.83500
0.48495	0.00000	4762.83500
0.48879	0.00000	4762.83500
0.49261	0.00000	4762.83500
0.49645	0.00000	4762.83500
0.50029	0.00000	4762.83500
0.50412	0.00000	4762.83500
0.50796	0.00000	4762.83500
0.51180	0.00000	4762.83500
0.51563	0.00000	4762.83500
0.51947	0.00000	4762.83500
0.52330	0.00000	4728.86000
0.52713	0.00000	4728.86000
0.53097	0.00000	4728.86000
0.53480	0.00000	4728.86000
0.53863	0.00000	4728.86000
0.54245	0.00000	4728.86000
0.54630	0.00000	4723.34500
0.55013	0.00000	4723.34500
0.55395	0.00000	4723.34500
0.55779	0.00000	4723.34500
0.56161	0.00000	4723.34500
0.56544	0.00000	4723.34500
0.56927	0.00000	4715.07300
0.57310	0.00000	4715.07300
0.57695	0.00000	4715.07300
0.58079	0.00000	4715.07300
0.58462	0.00000	4715.07300
0.58845	0.00000	4751.67400
0.59229	0.00000	4751.67400
0.59612	0.00000	4751.67400
0.59994	0.00000	4751.67400
0.60378	0.00000	4751.67400
0.60761	0.00000	4751.67400
0.61144	0.00000	4723.34500
0.61527	0.00000	4723.34500
0.61911	0.00000	4723.34500
0.62294	0.00000	4723.34500
0.62678	0.00000	4723.34500
0.63061	0.00000	4723.34500
0.63445	0.00000	4717.83100
0.63830	0.00000	4717.83100
0.64214	0.00000	4717.83100
0.64597	0.00000	4717.83100
0.64981	0.00000	4717.83100
0.65364	0.00000	4717.83100
0.65746	0.00000	4726.10300
0.66130	0.00000	4726.10300
0.66513	0.00000	4726.10300
0.66896	0.00000	4726.10300
0.67279	0.00000	4726.10300
0.67662	0.00000	4693.01400
0.68049	0.00000	4693.01400
0.68432	0.00000	4693.01400
0.68817	0.00000	4693.01400
0.69200	0.00000	4693.01400
0.69584	0.00000	4693.01400
0.69967	0.00000	4762.83500
0.70351	0.00000	4762.83500
0.70734	0.00000	4762.83500
0.71118	0.00000	4762.83500
0.71500	0.00000	4762.83500
0.71883	0.00000	4762.83500
0.72269	0.00000	4720.58800
0.72651	0.00000	4720.58800
0.73034	0.00000	4720.58800
0.73416	0.00000	4720.58800
0.73800	0.00000	4720.58800
0.74183	0.00000	4720.58800
0.74566	0.00000	4723.34500
0.74949	0.00000	4723.34500
0.75332	0.00000	4723.34500
0.75715	0.00000	4723.34500
0.76098	0.00000	4723.34500
0.76481	0.00000	4754.46400
0.76863	0.00000	4754.46400
0.77247	0.00000	4754.46400
0.77630	0.00000	4754.46400
0.78013	0.00000	4754.46400
0.78396	0.00000	4754.46400
0.78779	0.00000	4698.52900
0.79163	0.00000	4698.52900
0.79546	0.00000	4698.52900
0.79929	0.00000	4698.52900
0.80312	0.00000	4698.52900
0.80695	0.00000	4698.52900
0.81079	0.00000	4728.86000
0.81461	0.00000	4728.86000
0.81844	0.00000	4728.86000
0.82226	0.00000	4728.86000
0.82611	0.00000	4728.86000
0.82994	0.00000	4728.86000
0.83377	0.00000	4712.31600
0.83759	0.00000	4712.31600
0.84143	0.00000	4712.31600
0.84526	0.00000	4712.31600
0.84909	0.00000	4712.31600
0.85291	0.00000	4712.31600
0.85675	0.00000	4720.58800
0.86054	0.00000	4720.58800
0.86436	0.00000	4720.58800
0.86820	0.00000	4720.58800
0.87203	0.00000	4720.58800
0.87588	0.00000	4757.25400
0.87973	0.00000	4757.25400
0.88356	0.00000	4757.25400
0.88739	0.00000	4757.25400
0.89123	0.00000	4757.25400
0.89507	0.00000	4757.25400
0.89891	0.00000	4728.86000
0.90275	0.00000	4728.86000
0.90657	0.00000	4728.86000
0.91040	0.00000	4728.86000
0.91423	0.00000	4728.86000
0.91808	0.00000	4728.86000
0.92191	0.00000	4723.34500
0.92573	0.00000	4723.34500
0.92957	0.00000	4723.34500
0.93339	0.00000	4723.34500
0.93723	0.00000	4723.34500
0.94106	0.00000	4723.34500
0.94490	0.00000	4728.86000
0.94873	0.00000	4728.86000
0.95253	0.00000	4728.86000
0.95636	0.00000	4728.86000
0.96019	0.00000	4728.86000
0.96401	0.00000	4748.88400
0.96784	0.00000	4748.88400
0.97166	0.00000	4748.88400
0.97550	0.00000	4748.88400
0.97934	0.00000	4748.88400
0.98318	0.00000	4748.88400
0.98701	0.00000	4715.07300
0.99085	0.00000	4715.07300
0.99468	0.00000	4715.07300
0.99850	0.00000	4715.07300
1.00234	0.00000	4715.07300
1.00621	0.00000	4715.07300
1.01004	0.00000	4712.31600
1.01387	0.00000	4712.31600
1.01771	0.00000	4712.31600
1.02153	0.00000	4712.31600
1.02537	0.00000	4712.31600
1.02920	0.00000	4712.31600
1.03304	0.00000	4726.10300
1.03687	0.00000	4726.10300
1.04070	0.00000	4726.10300
1.04453	0.00000	4726.10300
1.04837	0.00000	4726.10300
1.05220	0.00000	4726.10300
1.05603	0.00000	4728.86000
1.05985	0.00000	4728.86000
1.06370	0.00000	4728.86000
1.06752	0.00000	4728.86000
1.07135	0.00000	4728.86000
1.07519	0.00000	4762.83500
1.07904	0.00000	4762.83500
1.08288	0.00000	4762.83500
1.08671	0.00000	4762.83500
1.09055	0.00000	4762.83500
1.09438	0.00000	4762.83500
1.09822	0.00000	4731.61700
1.10205	0.00000	4731.61700
1.10589	0.00000	4731.61700
1.10972	0.00000	4731.61700
1.11356	0.00000	4731.61700
1.11739	0.00000	4731.61700
1.12122	0.00000	4728.86000
1.12505	0.00000	4728.86000
1.12888	0.00000	4728.86000
1.13272	0.00000	4728.86000
1.13654	0.00000	4728.86000
1.14037	0.00000	4728.86000
1.14419	0.00000	4726.10300
1.14803	0.00000	4726.10300
1.15186	0.00000	4726.10300
1.15569	0.00000	4726.10300
1.15952	0.00000	4726.10300
1.16335	0.00000	4748.88400
1.16719	0.00000	4748.88400
1.17102	0.00000	4748.88400
1.17485	0.00000	4748.88400
1.17868	0.00000	4748.88400
1.18250	0.00000	4748.88400
1.18633	0.00000	4704.04400
1.19017	0.00000	4704.04400
1.19400	0.00000	4704.04400
1.19783	0.00000	4704.04400
1.20166	0.00000	4704.04400
1.20550	0.00000	4704.04400
1.20934	0.00000	4712.31600
1.21317	0.00000	4712.31600
1.21700	0.00000	4712.31600
1.22084	0.00000	4712.31600
1.22467	0.00000	4712.31600
1.22849	0.00000	4712.31600
1.23233	0.00000	4717.83100
1.23617	0.00000	4717.83100
1.24001	0.00000	4717.83100
1.24384	0.00000	4717.83100
1.24767	0.00000	4717.83100
1.25150	0.00000	4717.83100
1.25533	0.00000	4698.52900
1.25917	0.00000	4698.52900
1.26300	0.00000	4698.52900
1.26683	0.00000	4698.52900
1.27066	0.00000	4698.52900
1.27449	0.00000	4746.09400
1.27833	0.00000	4746.09400
1.28217	0.00000	4746.09400
1.28601	0.00000	4746.09400
1.28985	0.00000	4746.09400
1.29368	0.00000	4746.09400
1.29752	0.00000	4731.61700
1.30135	0.00000	4731.61700
1.30518	0.00000	4731.61700
1.30901	0.00000	4731.61700
1.31285	0.00000	4731.61700
1.31668	0.00000	4731.61700
1.32051	0.00000	4728.86000
1.32434	0.00000	4728.86000
1.32817	0.00000	4728.86000
1.33201	0.00000	4728.86000
1.33585	0.00000	4728.86000
1.33968	0.00000	4728.86000
1.34352	0.00000	4726.10300
1.34735	0.00000	4726.10300
1.35118	0.00000	4726.10300
1.35501	0.00000	4726.10300
1.35884	0.00000	4726.10300
1.36268	0.00000	4695.77200
1.36652	0.00000	4695.77200
1.37035	0.00000	4695.77200
1.37419	0.00000	4695.77200
1.37803	0.00000	4695.77200
1.38187	0.00000	4695.77200
1.38571	0.00000	4779.57500
1.38954	0.00000	4779.57500
1.39337	0.00000	4779.57500
1.39721	0.00000	4779.57500
1.40104	0.00000	4779.57500
1.40487	0.00000	4779.57500
1.40870	0.00000	4739.88900
1.41254	0.00000	4739.88900
1.41637	0.00000	4739.88900
1.42019	0.00000	4739.88900
1.42403	0.00000	4739.88900
1.42786	0.00000	4739.88900
1.43169	0.00000	4720.58800
1.43552	0.00000	4720.58800
1.43935	0.00000	4720.58800
1.44317	0.00000	4720.58800
1.44701	0.00000	4720.58800
1.45083	0.00000	4684.74200
1.45465	0.00000	4684.74200
1.45848	0.00000	4684.74200
1.46231	0.00000	4684.74200
1.46615	0.00000	4684.74200
1.46998	0.00000	4684.74200
1.47381	0.00000	4760.04500
1.47764	0.00000	4760.04500
1.48147	0.00000	4760.04500
1.48531	0.00000	4760.04500
1.48915	0.00000	4760.04500
1.49298	0.00000	4760.04500
1.49681	0.00000	4723.34500
1.50065	0.00000	4723.34500
1.50448	0.00000	4723.34500
1.50831	0.00000	4723.34500
1.51213	0.00000	4723.34500
1.51596	0.00000	4723.34500
1.51979	0.00000	4709.55900
1.52361	0.00000	4709.55900
1.52744	0.00000	4709.55900
1.53129	0.00000	4709.55900
1.53514	0.00000	4709.55900
1.53897	0.00000	4709.55900
1.54279	0.00000	4773.99500
1.54662	0.00000	4773.99500
1.55045	0.00000	4773.99500
1.55428	0.00000	4773.99500
1.55812	0.00000	4773.99500
1.56195	0.00000	4732.14200
1.56578	0.00000	4732.14200
1.56961	0.00000	4732.14200
1.57344	0.00000	4732.14200
1.57727	0.00000	4732.14200
1.58111	0.00000	4732.14200
1.58494	0.00000	4695.77200
1.58877	0.00000	4695.77200
1.59260	0.00000	4695.77200
1.59643	0.00000	4695.77200
1.60027	0.00000	4695.77200
1.60410	0.00000	4695.77200
1.60792	0.00000	4704.04400
1.61175	0.00000	4704.04400
1.61559	0.00000	4704.04400
1.61942	0.00000	4704.04400
1.62326	0.00000	4704.04400
1.62708	0.00000	4704.04400
1.63092	0.00000	4712.31600
1.63475	0.00000	4712.31600
1.63858	0.00000	4712.31600
1.64240	0.00000	4712.31600
1.64624	0.00000	4712.31600
1.65008	0.00000	4732.14200
1.65392	0.00000	4732.14200
1.65775	0.00000	4732.14200
1.66158	0.00000	4732.14200
1.66541	0.00000	4732.14200
1.66924	0.00000	4732.14200
1.67308	0.00000	4695.77200
1.67691	0.00000	4695.77200
1.68074	0.00000	4695.77200
1.68453	0.00000	4695.77200
1.68838	0.00000	4695.77200
1.69221	0.00000	4695.77200
1.69603	0.00000	4704.04400
1.69986	0.00000	4704.04400
1.70370	0.00000	4704.04400
1.70754	0.00000	4704.04400
1.71138	0.00000	4704.04400
1.71522	0.00000	4704.04400
1.71905	0.00000	4760.04500
1.72289	0.00000	4760.04500
1.72672	0.00000	4760.04500
1.73055	0.00000	4760.04500
1.73438	0.00000	4760.04500
1.73822	0.00000	4746.09400
1.74205	0.00000	4746.09400
1.74588	0.00000	4746.09400
1.74971	0.00000	4746.09400
1.75354	0.00000	4746.09400
1.75737	0.00000	4746.09400
1.76119	0.00000	4687.50000
1.76502	0.00000	4687.50000
1.76887	0.00000	4687.50000
1.77271	0.00000	4687.50000
1.77654	0.00000	4687.50000
1.78038	0.00000	4687.50000
1.78422	0.00000	4709.55900
1.78805	0.00000	4709.55900
1.79191	0.00000	4709.55900
1.79574	0.00000	4709.55900
1.79957	0.00000	4709.55900
1.80340	0.00000	4709.55900
1.80722	0.00000	4715.07300
1.81106	0.00000	4715.07300
1.81489	0.00000	4715.07300
1.81872	0.00000	4715.07300
1.82254	0.00000	4715.07300
1.82637	0.00000	4723.77200
1.83019	0.00000	4723.77200
1.83402	0.00000	4723.77200
1.83785	0.00000	4723.77200
1.84169	0.00000	4723.77200
1.84552	0.00000	4723.77200
1.84936	0.00000	4681.98500
1.85318	0.00000	4681.98500
1.85701	0.00000	4681.98500
1.86084	0.00000	4681.98500
1.86467	0.00000	4681.98500
1.86851	0.00000	4681.98500
1.87234	0.00000	4701.28600
1.87617	0.00000	4701.28600
1.88000	0.00000	4701.28600
1.88383	0.00000	4701.28600
1.88767	0.00000	4701.28600
1.89150	0.00000	4701.28600
1.89534	0.00000	4768.41500
1.89916	0.00000	4768.41500
1.90299	0.00000	4768.41500
1.90682	0.00000	4768.41500
1.91066	0.00000	4768.41500
1.91449	0.00000	4768.41500
1.91832	0.00000	4737.72300
1.92215	0.00000	4737.72300
1.92598	0.00000	4737.72300
1.92980	0.00000	4737.72300
1.93362	0.00000	4737.72300
1.93746	0.00000	4729.35200
1.94129	0.00000	4729.35200
1.94515	0.00000	4729.35200
1.94900	0.00000	4729.35200
1.95283	0.00000	4729.35200
1.95668	0.00000	4729.35200
1.96052	0.00000	4717.83100
1.96435	0.00000	4717.83100
1.96818	0.00000	4717.83100
1.97200	0.00000	4717.83100
1.97584	0.00000	4717.83100
1.97967	0.00000	4717.83100
1.98350	0.00000	4771.20500
1.98733	0.00000	4771.20500
1.99116	0.00000	4771.20500
1.99500	0.00000	4771.20500
1.99883	0.00000	4771.20500
2.00266	0.00000	4771.20500
2.00648	0.00000	4684.74200
2.01031	0.00000	4684.74200
2.01415	0.00000	4684.74200
2.01798	0.00000	4684.74200
2.02182	0.00000	4684.74200
2.02565	0.00000	4729.35200
2.02948	0.00000	4729.35200
2.03331	0.00000	4729.35200
2.03714	0.00000	4729.35200
2.04096	0.00000	4729.35200
2.04478	0.00000	4729.35200
2.04861	0.00000	4712.31600
2.05244	0.00000	4712.31600
2.05628	0.00000	4712.31600
2.06012	0.00000	4712.31600
2.06395	0.00000	4712.31600
2.06778	0.00000	4712.31600
2.07161	0.00000	4762.83500
2.07544	0.00000	4762.83500
2.07928	0.00000	4762.83500
2.08311	0.00000	4762.83500
2.08694	0.00000	4762.83500
2.09077	0.00000	4762.83500
2.09460	0.00000	4704.04400
2.09843	0.00000	4704.04400
2.10226	0.00000	4704.04400
2.10611	0.00000	4704.04400
2.10994	0.00000	4704.04400
2.11376	0.00000	4690.25700
2.11760	0.00000	4690.25700
2.12143	0.00000	4690.25700
2.12526	0.00000	4690.25700
2.12909	0.00000	4690.25700
2.13294	0.00000	4690.25700
2.13677	0.00000	4712.31600
2.14061	0.00000	4712.31600
2.14444	0.00000	4712.31600
2.14828	0.00000	4712.31600
2.15210	0.00000	4712.31600
2.15593	0.00000	4712.31600
2.15977	0.00000	4720.58800
2.16360	0.00000	4720.58800
2.16744	0.00000	4720.58800
2.17127	0.00000	4720.58800
2.17510	0.00000	4720.58800
2.17893	0.00000	4720.58800
2.18275	0.00000	4715.07300
2.18658	0.00000	4715.07300
2.19042	0.00000	4715.07300
2.19426	0.00000	4715.07300
2.19808	0.00000	4715.07300
2.20191	0.00000	4740.51300
2.20575	0.00000	4740.51300
2.20959	0.00000	4740.51300
2.21343	0.00000	4740.51300
2.21726	0.00000	4740.51300
2.22109	0.00000	4740.51300
2.22491	0.00000	4757.25400
2.22874	0.00000	4757.25400
2.23253	0.00000	4757.25400
2.23636	0.00000	4757.25400
2.24019	0.00000	4757.25400
2.24403	0.00000	4757.25400
2.24786	0.00000	4717.83100
2.25169	0.00000	4717.83100
2.25551	0.00000	4717.83100
2.25934	0.00000	4717.83100
2.26317	0.00000	4717.83100
2.26699	0.00000	4717.83100
2.27083	0.00000	4760.04500
2.27466	0.00000	4760.04500
2.27849	0.00000	4760.04500
2.28234	0.00000	4760.04500
2.28617	0.00000	4760.04500
2.28999	0.00000	4760.04500
2.29382	0.00000	4715.07300
2.29765	0.00000	4715.07300
2.30150	0.00000	4715.07300
2.30532	0.00000	4715.07300
2.30915	0.00000	4715.07300
2.31299	0.00000	4751.67400
2.31682	0.00000	4751.67400
2.32065	0.00000	4751.67400
2.32449	0.00000	4751.67400
2.32833	0.00000	4751.67400
2.33215	0.00000	4751.67400
2.33598	0.00000	4728.86000
2.33982	0.00000	4728.86000
2.34364	0.00000	4728.86000
2.34748	0.00000	4728.86000
2.35131	0.00000	4728.86000
2.35514	0.00000	4728.86000
2.35896	0.00000	4723.34500
2.36280	0.00000	4723.34500
2.36663	0.00000	4723.34500
2.37046	0.00000	4723.34500
2.37430	0.00000	4723.34500
2.37813	0.00000	4723.34500
2.38196	0.00000	4726.10300
2.38580	0.00000	4726.10300
2.38965	0.00000	4726.10300
2.39348	0.00000	4726.10300
2.39731	0.00000	4726.10300
2.40115	0.00000	4709.55900
2.40497	0.00000	4709.55900
2.40882	0.00000	4709.55900
2.41264	0.00000	4709.55900
2.41648	0.00000	4709.55900
2.42032	0.00000	4709.55900
2.42419	0.00000	4773.99500
2.42805	0.00000	4773.99500
2.43189	0.00000	4773.99500
2.43573	0.00000	4773.99500
2.43956	0.00000	4773.99500
2.44340	0.00000	4773.99500
2.44723	0.00000	4723.34500
2.45107	0.00000	4723.34500
2.45490	0.00000	4723.34500
2.45874	0.00000	4723.34500
2.46257	0.00000	4723.34500
2.46641	0.00000	4723.34500
2.47024	0.00000	4734.37500
2.47408	0.00000	4734.37500
2.47792	0.00000	4734.37500
2.48175	0.00000	4734.37500
2.48558	0.00000	4734.37500
2.48941	0.00000	4695.77200
2.49323	0.00000	4695.77200
2.49706	0.00000	4695.77200
2.50089	0.00000	4695.77200
2.50473	0.00000	4695.77200
2.50854	0.00000	4695.77200
2.51237	0.00000	4754.46400
2.51620	0.00000	4754.46400
2.52004	0.00000	4754.46400
2.52387	0.00000	4754.46400
2.52771	0.00000	4754.46400
2.53153	0.00000	4754.46400
2.53538	0.00000	4734.37500
2.53921	0.00000	4734.37500
2.54305	0.00000	4734.37500
2.54688	0.00000	4734.37500
2.55071	0.00000	4734.37500
2.55455	0.00000	4734.37500
2.55838	0.00000	4731.61700
2.56221	0.00000	4731.61700
2.56605	0.00000	4731.61700
2.56987	0.00000	4731.61700
2.57371	0.00000	4731.61700
2.57753	0.00000	4731.61700
2.58137	0.00000	4715.07300
2.58520	0.00000	4715.07300
2.58903	0.00000	4715.07300
2.59286	0.00000	4715.07300
2.59669	0.00000	4715.07300
2.60052	0.00000	4701.28600
2.60437	0.00000	4701.28600
2.60820	0.00000	4701.28600
2.61202	0.00000	4701.28600
2.61586	0.00000	4701.28600
2.61968	0.00000	4701.28600
2.62351	0.00000	4782.36600
2.62734	0.00000	4782.36600
2.63118	0.00000	4782.36600
2.63501	0.00000	4782.36600
2.63885	0.00000	4782.36600
2.64268	0.00000	4782.36600
2.64651	0.00000	4726.10300
2.65034	0.00000	4726.10300
2.65417	0.00000	4726.10300
2.65799	0.00000	4726.10300
2.66182	0.00000	4726.10300
2.66566	0.00000	4726.10300
2.66948	0.00000	4768.41500
2.67331	0.00000	4768.41500
2.67713	0.00000	4768.41500
2.68097	0.00000	4768.41500
2.68480	0.00000	4768.41500
2.68863	0.00000	4743.30300
2.69246	0.00000	4743.30300
2.69628	0.00000	4743.30300
2.70011	0.00000	4743.30300
2.70395	0.00000	4743.30300
2.70778	0.00000	4743.30300
2.71164	0.00000	4706.80200
2.71548	0.00000	4706.80200
2.71931	0.00000	4706.80200
2.72314	0.00000	4706.80200
2.72698	0.00000	4706.80200
2.73081	0.00000	4706.80200
2.73464	0.00000	4785.15600
2.73847	0.00000	4785.15600
2.74231	0.00000	4785.15600
2.74615	0.00000	4785.15600
2.74998	0.00000	4785.15600
2.75381	0.00000	4785.15600
2.75764	0.00000	4726.10300
2.76146	0.00000	4726.10300
2.76529	0.00000	4726.10300
2.76913	0.00000	4726.10300
2.77296	0.00000	4726.10300
2.77679	0.00000	4726.10300
2.78061	0.00000	4726.10300
2.78445	0.00000	4726.10300
2.78828	0.00000	4726.10300
2.79213	0.00000	4726.10300
2.79597	0.00000	4726.10300
2.79979	0.00000	4698.52900
2.80362	0.00000	4698.52900
2.80745	0.00000	4698.52900
2.81128	0.00000	4698.52900
2.81511	0.00000	4698.52900
2.81895	0.00000	4698.52900
2.82279	0.00000	4728.86000
2.82662	0.00000	4728.86000
2.83045	0.00000	4728.86000
2.83430	0.00000	4728.86000
2.83813	0.00000	4728.86000
2.84197	0.00000	4728.86000
2.84580	0.00000	4731.61700
2.84962	0.00000	4731.61700
2.85347	0.00000	4731.61700
2.85730	0.00000	4731.61700
2.86112	0.00000	4731.61700
2.86495	0.00000	4731.61700
2.86877	0.00000	4723.34500
2.87260	0.00000	4723.34500
2.87642	0.00000	4723.34500
2.88025	0.00000	4723.34500
2.88408	0.00000	4723.34500
2.88791	0.00000	4701.28600
2.89174	0.00000	4701.28600
2.89557	0.00000	4701.28600
2.89939	0.00000	4701.28600
2.90323	0.00000	4701.28600
2.90707	0.00000	4701.28600
2.91090	0.00000	4720.58800
2.91473	0.00000	4720.58800
2.91857	0.00000	4720.58800
2.92240	0.00000	4720.58800
2.92623	0.00000	4720.58800
2.93007	0.00000	4720.58800
2.93391	0.00000	4737.13200
2.93775	0.00000	4737.13200
2.94157	0.00000	4737.13200
2.94541	0.00000	4737.13200
2.94923	0.00000	4737.13200
2.95306	0.00000	4737.13200
2.95690	0.00000	4785.15600
2.96074	0.00000	4785.15600
2.96454	0.00000	4785.15600
2.96837	0.00000	4785.15600
2.97220	0.00000	4785.15600
2.97604	0.00000	4785.15600
2.97986	0.00000	4717.83100
2.98368	0.00000	4717.83100
2.98752	0.00000	4717.83100
2.99134	0.00000	4717.83100
2.99519	0.00000	4717.83100
2.99901	0.00000	4757.25400
3.00285	0.00000	4757.25400
3.00669	0.00000	4757.25400
3.01052	0.00000	4757.25400
3.01435	0.00000	4757.25400
3.01818	0.00000	4757.25400
3.02202	0.00000	4737.13200
3.02586	0.00000	4737.13200
3.02969	0.00000	4737.13200
3.03352	0.00000	4737.13200
3.03735	0.00000	4737.13200
3.04117	0.00000	4737.13200
3.04502	0.00000	4687.50000
3.04885	0.00000	4687.50000
3.05268	0.00000	4687.50000
3.05653	0.00000	4687.50000
3.06036	0.00000	4687.50000
3.06419	0.00000	4687.50000
3.06803	0.00000	4748.16100
3.07187	0.00000	4748.16100
3.07570	0.00000	4748.16100
3.07954	0.00000	4748.16100
3.08337	0.00000	4748.16100
3.08720	0.00000	4771.20500
3.09102	0.00000	4771.20500
3.09485	0.00000	4771.20500
3.09868	0.00000	4771.20500
3.10252	0.00000	4771.20500
3.10636	0.00000	4771.20500
3.11019	0.00000	4726.10300
3.11402	0.00000	4726.10300
3.11787	0.00000	4726.10300
3.12170	0.00000	4726.10300
3.12554	0.00000	4726.10300
3.12937	0.00000	4726.10300
3.13320	0.00000	4737.13200
3.13703	0.00000	4737.13200
3.14087	0.00000	4737.13200
3.14471	0.00000	4737.13200
3.14854	0.00000	4737.13200
3.15237	0.00000	4737.13200
3.15621	0.00000	4692.95000
3.16004	0.00000	4692.95000
3.16387	0.00000	4692.95000
3.16771	0.00000	4692.95000
3.17155	0.00000	4692.95000
3.17537	0.00000	4692.95000
3.17922	0.00000	4734.37500
3.18306	0.00000	4734.37500
3.18689	0.00000	4734.37500
3.19072	0.00000	4734.37500
3.19455	0.00000	4734.37500
3.19838	0.00000	4773.99500
3.20221	0.00000	4773.99500
3.20604	0.00000	4773.99500
3.20988	0.00000	4773.99500
3.21371	0.00000	4773.99500
3.21754	0.00000	4773.99500
3.22138	0.00000	4717.83100
3.22522	0.00000	4717.83100
3.22904	0.00000	4717.83100
3.23288	0.00000	4717.83100
3.23671	0.00000	4717.83100
3.24054	0.00000	4717.83100
3.24436	0.00000	4742.64700
3.24820	0.00000	4742.64700
3.25203	0.00000	4742.64700
3.25586	0.00000	4742.64700
3.25969	0.00000	4742.64700
3.26352	0.00000	4742.64700
3.26735	0.00000	4739.88900
3.27119	0.00000	4739.88900
3.27502	0.00000	4739.88900
3.27886	0.00000	4739.88900
3.28268	0.00000	4739.88900
3.28652	0.00000	4739.88900
3.29034	0.00000	4720.58800
3.29417	0.00000	4720.58800
3.29801	0.00000	4720.58800
3.30184	0.00000	4720.58800
3.30568	0.00000	4720.58800
3.30951	0.00000	4768.41500
3.31334	0.00000	4768.41500
3.31717	0.00000	4768.41500
3.32100	0.00000	4768.41500
3.32484	0.00000	4768.41500
3.32868	0.00000	4768.41500
3.33251	0.00000	4742.64700
3.33636	0.00000	4742.64700
3.34020	0.00000	4742.64700
3.34403	0.00000	4742.64700
3.34787	0.00000	4742.64700
3.35170	0.00000	4742.64700
3.35554	0.00000	4739.88900
3.35938	0.00000	4739.88900
3.36321	0.00000	4739.88900
3.36704	0.00000	4739.88900
3.37088	0.00000	4739.88900
3.37472	0.00000	4739.88900
3.37855	0.00000	4750.91900
3.38238	0.00000	4750.91900
3.38621	0.00000	4750.91900
3.39004	0.00000	4750.91900
3.39388	0.00000	4750.91900
3.39771	0.00000	4704.04400
3.40155	0.00000	4704.04400
3.40539	0.00000	4704.04400
3.40922	0.00000	4704.04400
3.41306	0.00000	4704.04400
3.41689	0.00000	4704.04400
3.42072	0.00000	4723.34500
3.42455	0.00000	4723.34500
3.42843	0.00000	4723.34500
3.43231	0.00000	4723.34500
3.43615	0.00000	4723.34500
3.43999	0.00000	4723.34500
3.44382	0.00000	4742.64700
3.44766	0.00000	4742.64700
3.45151	0.00000	4742.64700
3.45534	0.00000	4742.64700
3.45918	0.00000	4742.64700
3.46302	0.00000	4742.64700
3.46686	0.00000	4737.13200
3.47070	0.00000	4737.13200
3.47453	0.00000	4737.13200
3.47836	0.00000	4737.13200
3.48219	0.00000	4737.13200
3.48603	0.00000	4737.13200
3.48985	0.00000	4731.61700
3.49369	0.00000	4731.61700
3.49752	0.00000	4731.61700
3.50135	0.00000	4731.61700
3.50518	0.00000	4731.61700
3.50901	0.00000	4779.57500
3.51287	0.00000	4779.57500
3.51669	0.00000	4779.57500
3.52053	0.00000	4779.57500
3.52437	0.00000	4779.57500
3.52820	0.00000	4779.57500
3.53203	0.00000	4748.16100
3.53587	0.00000	4748.16100
3.53970	0.00000	4748.16100
3.54353	0.00000	4748.16100
3.54736	0.00000	4748.16100
3.55119	0.00000	4748.16100
3.55502	0.00000	4737.13200
3.55885	0.00000	4737.13200
3.56269	0.00000	4737.13200
3.56654	0.00000	4737.13200
3.57037	0.00000	4737.13200
3.57421	0.00000	4737.13200
3.57804	0.00000	4739.88900
3.58189	0.00000	4739.88900
3.58572	0.00000	4739.88900
3.58958	0.00000	4739.88900
3.59341	0.00000	4739.88900
3.59725	0.00000	4720.58800
3.60108	0.00000	4720.58800
3.60491	0.00000	4720.58800
3.60874	0.00000	4720.58800
3.61259	0.00000	4720.58800
3.61642	0.00000	4720.58800
3.62025	0.00000	4734.37500
3.62409	0.00000	4734.37500
3.62792	0.00000	4734.37500
3.63175	0.00000	4734.37500
3.63559	0.00000	4734.37500
3.63943	0.00000	4734.37500
3.64326	0.00000	4753.67600
3.64709	0.00000	4753.67600
3.65092	0.00000	4753.67600
3.65475	0.00000	4753.67600
3.65858	0.00000	4753.67600
3.66242	0.00000	4753.67600
3.66625	0.00000	4734.37500
3.67009	0.00000	4734.37500
3.67393	0.00000	4734.37500
3.67775	0.00000	4734.37500
3.68159	0.00000	4734.37500
3.68542	0.00000	4734.37500
3.68926	0.00000	4742.64700
3.69308	0.00000	4742.64700
3.69692	0.00000	4742.64700
3.70076	0.00000	4742.64700
3.70459	0.00000	4742.64700
3.70842	0.00000	4773.99500
3.71227	0.00000	4773.99500
3.71611	0.00000	4773.99500
3.71994	0.00000	4773.99500
3.72378	0.00000	4773.99500
3.72762	0.00000	4773.99500
3.73145	0.00000	4748.16100
3.73529	0.00000	4748.16100
3.73912	0.00000	4748.16100
3.74296	0.00000	4748.16100
3.74679	0.00000	4748.16100
3.75062	0.00000	4748.16100
3.75445	0.00000	4734.37500
3.75829	0.00000	4734.37500
3.76213	0.00000	4734.37500
3.76598	0.00000	4734.37500
3.76981	0.00000	4734.37500
3.77365	0.00000	4734.37500
3.77748	0.00000	4750.91900
3.78131	0.00000	4750.91900
3.78515	0.00000	4750.91900
3.78898	0.00000	4750.91900
3.79281	0.00000	4750.91900
3.79664	0.00000	4709.55900
3.80046	0.00000	4709.55900
3.80430	0.00000	4709.55900
3.80813	0.00000	4709.55900
3.81196	0.00000	4709.55900
3.81580	0.00000	4709.55900
3.81963	0.00000	4717.83100
3.82346	0.00000	4717.83100
3.82730	0.00000	4717.83100
3.83113	0.00000	4717.83100
3.83496	0.00000	4717.83100
3.83881	0.00000	4717.83100
3.84267	0.00000	4737.13200
3.84652	0.00000	4737.13200
3.85035	0.00000	4737.13200
3.85419	0.00000	4737.13200
3.85802	0.00000	4737.13200
3.86185	0.00000	4737.13200
3.86569	0.00000	4728.86000
3.86952	0.00000	4728.86000
3.87335	0.00000	4728.86000
3.87720	0.00000	4728.86000
3.88103	0.00000	4728.86000
3.88486	0.00000	4728.86000
3.88868	0.00000	4731.61700
3.89251	0.00000	4731.61700
3.89635	0.00000	4731.61700
3.90018	0.00000	4731.61700
3.90402	0.00000	4731.61700
3.90784	0.00000	4768.41500
3.91170	0.00000	4768.41500
3.91554	0.00000	4768.41500
3.91937	0.00000	4768.41500
3.92320	0.00000	4768.41500
3.92703	0.00000	4768.41500
3.93087	0.00000	4748.16100
3.93471	0.00000	4748.16100
3.93853	0.00000	4748.16100
3.94236	0.00000	4748.16100
3.94620	0.00000	4748.16100
3.95003	0.00000	4748.16100
3.95387	0.00000	4750.91900
3.95770	0.00000	4750.91900
3.96153	0.00000	4750.91900
3.96537	0.00000	4750.91900
3.96920	0.00000	4750.91900
3.97304	0.00000	4750.91900
3.97687	0.00000	4731.61700
3.98071	0.00000	4731.61700
3.98454	0.00000	4731.61700
3.98837	0.00000	4731.61700
3.99220	0.00000	4731.61700
3.99603	0.00000	4731.61700
3.99986	0.00000	4726.10300
4.00369	0.00000	4726.10300
4.00753	0.00000	4726.10300
4.01137	0.00000	4726.10300
4.01520	0.00000	4726.10300
4.01904	0.00000	4776.78500
4.02287	0.00000	4776.78500
4.02669	0.00000	4776.78500
4.03053	0.00000	4776.78500
4.03436	0.00000	4776.78500
4.03819	0.00000	4776.78500
4.04202	0.00000	4739.88900
4.04586	0.00000	4739.88900
4.04970	0.00000	4739.88900
4.05353	0.00000	4739.88900
4.05737	0.00000	4739.88900
4.06120	0.00000	4739.88900
4.06503	0.00000	4756.43300
4.06887	0.00000	4756.43300
4.07270	0.00000	4756.43300
4.07654	0.00000	4756.43300
4.08038	0.00000	4756.43300
4.08420	0.00000	4756.43300
4.08803	0.00000	4753.67600
4.09188	0.00000	4753.67600
4.09571	0.00000	4753.67600
4.09954	0.00000	4753.67600
4.10337	0.00000	4753.67600
4.10720	0.00000	4728.86000
4.11103	0.00000	4728.86000
4.11486	0.00000	4728.86000
4.11869	0.00000	4728.86000
4.12252	0.00000	4728.86000
4.12636	0.00000	4728.86000
4.13021	0.00000	4723.34500
4.13406	0.00000	4723.34500
4.13790	0.00000	4723.34500
4.14175	0.00000	4723.34500
4.14558	0.00000	4723.34500
4.14941	0.00000	4723.34500
4.15325	0.00000	4742.64700
4.15709	0.00000	4742.64700
4.16093	0.00000	4742.64700
4.16476	0.00000	4742.64700
4.16860	0.00000	4742.64700
4.17243	0.00000	4742.64700
4.17626	0.00000	4737.13200
4.18010	0.00000	4737.13200
4.18394	0.00000	4737.13200
4.18778	0.00000	4737.13200
4.19161	0.00000	4737.13200
4.19545	0.00000	4737.13200
4.19927	0.00000	4739.88900
4.20309	0.00000	4739.88900
4.20693	0.00000	4739.88900
4.21077	0.00000	4739.88900
4.21460	0.00000	4739.88900
4.21844	0.00000	4717.83100
4.22228	0.00000	4717.83100
4.22613	0.00000	4717.83100
4.22996	0.00000	4717.83100
4.23382	0.00000	4717.83100
4.23765	0.00000	4717.83100
4.24149	0.00000	4748.16100
4.24532	0.00000	4748.16100
4.24916	0.00000	4748.16100
4.25299	0.00000	4748.16100
4.25682	0.00000	4748.16100
4.26065	0.00000	4748.16100
4.26448	0.00000	4690.22500
4.26831	0.00000	4690.22500
4.27214	0.00000	4690.22500
4.27598	0.00000	4690.22500
4.27980	0.00000	4690.22500
4.28363	0.00000	4690.22500
4.28747	0.00000	4742.64700
4.29130	0.00000	4742.64700
4.29514	0.00000	4742.64700
4.29897	0.00000	4742.64700
4.30280	0.00000	4742.64700
4.30664	0.00000	4765.62500
4.31047	0.00000	4765.62500
4.31431	0.00000	4765.62500
4.31814	0.00000	4765.62500
4.32199	0.00000	4765.62500
4.32582	0.00000	4765.62500
4.32965	0.00000	4715.07300
4.33351	0.00000	4715.07300
4.33736	0.00000	4715.07300
4.34119	0.00000	4715.07300
4.34503	0.00000	4715.07300
4.34887	0.00000	4715.07300
4.35271	0.00000	4750.91900
4.35654	0.00000	4750.91900
4.36038	0.00000	4750.91900
4.36421	0.00000	4750.91900
4.36805	0.00000	4750.91900
4.37189	0.00000	4750.91900
4.37572	0.00000	4698.40100
4.37955	0.00000	4698.40100
4.38339	0.00000	4698.40100
4.38722	0.00000	4698.40100
4.39105	0.00000	4698.40100
4.39490	0.00000	4698.40100
4.39873	0.00000	4742.64700
4.40256	0.00000	4742.64700
4.40640	0.00000	4742.64700
4.41022	0.00000	4742.64700
4.41405	0.00000	4742.64700
4.41788	0.00000	4709.55900
4.42172	0.00000	4709.55900
4.42554	0.00000	4709.55900
4.42938	0.00000	4709.55900
4.43321	0.00000	4709.55900
4.43704	0.00000	4709.55900
4.44087	0.00000	4731.61700
4.44469	0.00000	4731.61700
4.44852	0.00000	4731.61700
4.45236	0.00000	4731.61700
4.45620	0.00000	4731.61700
4.46004	0.00000	4731.61700
4.46387	0.00000	4742.64700
4.46770	0.00000	4742.64700
4.47153	0.00000	4742.64700
4.47536	0.00000	4742.64700
4.47920	0.00000	4742.64700
4.48303	0.00000	4742.64700
4.48686	0.00000	4728.86000
4.49069	0.00000	4728.86000
4.49452	0.00000	4728.86000
4.49835	0.00000	4728.86000
4.50218	0.00000	4728.86000
4.50601	0.00000	4728.86000
4.50983	0.00000	4715.07300
4.51368	0.00000	4715.07300
4.51751	0.00000	4715.07300
4.52136	0.00000	4715.07300
4.52519	0.00000	4715.07300
4.52902	0.00000	4762.83500
4.53286	0.00000	4762.83500
4.53669	0.00000	4762.83500
4.54052	0.00000	4762.83500
4.54436	0.00000	4762.83500
4.54818	0.00000	4762.83500
4.55201	0.00000	4742.64700
4.55585	0.00000	4742.64700
4.55970	0.00000	4742.64700
4.56353	0.00000	4742.64700
4.56736	0.00000	4742.64700
4.57119	0.00000	4742.64700
4.57503	0.00000	4748.16100
4.57886	0.00000	4748.16100
4.58270	0.00000	4748.16100
4.58653	0.00000	4748.16100
4.59036	0.00000	4748.16100
4.59419	0.00000	4748.16100
4.59803	0.00000	4739.88900
4.60187	0.00000	4739.88900
4.60570	0.00000	4739.88900
4.60955	0.00000	4739.88900
4.61338	0.00000	4739.88900
4.61722	0.00000	4709.55900
4.62106	0.00000	4709.55900
4.62488	0.00000	4709.55900
4.62871	0.00000	4709.55900
4.63254	0.00000	4709.55900
4.63638	0.00000	4709.55900
4.64021	0.00000	4742.64700
4.64405	0.00000	4742.64700
4.64788	0.00000	4742.64700
4.65172	0.00000	4742.64700
4.65555	0.00000	4742.64700
4.65938	0.00000	4742.64700
4.66321	0.00000	4731.61700
4.66705	0.00000	4731.61700
4.67088	0.00000	4731.61700
4.67471	0.00000	4731.61700
4.67854	0.00000	4731.61700
4.68237	0.00000	4731.61700
4.68621	0.00000	4756.43300
4.69003	0.00000	4756.43300
4.69386	0.00000	4756.43300
4.69769	0.00000	4756.43300
4.70153	0.00000	4756.43300
4.70536	0.00000	4756.43300
4.70918	0.00000	4790.73600
4.71302	0.00000	4790.73600
4.71684	0.00000	4790.73600
4.72067	0.00000	4790.73600
4.72451	0.00000	4790.73600
4.72835	0.00000	4737.13200
4.73218	0.00000	4737.13200
4.73602	0.00000	4737.13200
4.73986	0.00000	4737.13200
4.74369	0.00000	4737.13200
4.74752	0.00000	4737.13200
4.75137	0.00000	4745.40400
4.75521	0.00000	4745.40400
4.75903	0.00000	4745.40400
4.76287	0.00000	4745.40400
4.76670	0.00000	4745.40400
4.77053	0.00000	4745.40400
4.77436	0.00000	4709.30200
4.77820	0.00000	4709.30200
4.78204	0.00000	4709.30200
4.78587	0.00000	4709.30200
4.78970	0.00000	4709.30200
4.79354	0.00000	4709.30200
4.79737	0.00000	4706.57700
4.80121	0.00000	4706.57700
4.80505	0.00000	4706.57700
4.80889	0.00000	4706.57700
4.81274	0.00000	4706.57700
4.81654	0.00000	4706.57700
4.82036	0.00000	4739.88900
4.82420	0.00000	4739.88900
4.82804	0.00000	4739.88900
4.83187	0.00000	4739.88900
4.83570	0.00000	4739.88900
4.83954	0.00000	4734.37500
4.84341	0.00000	4734.37500
4.84725	0.00000	4734.37500
4.85109	0.00000	4734.37500
4.85492	0.00000	4734.37500
4.85875	0.00000	4734.37500
4.86259	0.00000	4709.30200
4.86642	0.00000	4709.30200
4.87026	0.00000	4709.30200
4.87410	0.00000	4709.30200
4.87792	0.00000	4709.30200
4.88176	0.00000	4709.30200
4.88560	0.00000	4748.16100
4.88943	0.00000	4748.16100
4.89327	0.00000	4748.16100
4.89710	0.00000	4748.16100
4.90093	0.00000	4748.16100
4.90476	0.00000	4748.16100
4.90859	0.00000	4753.67600
4.91242	0.00000	4753.67600
4.91625	0.00000	4753.67600
4.92009	0.00000	4753.67600
4.92392	0.00000	4753.67600
4.92775	0.00000	4720.58800
4.93158	0.00000	4720.58800
4.93540	0.00000	4720.58800
4.93924	0.00000	4720.58800
4.94308	0.00000	4720.58800
4.94690	0.00000	4720.58800
4.95074	0.00000	4734.37500
4.95457	0.00000	4734.37500
4.95840	0.00000	4734.37500
4.96223	0.00000	4734.37500
4.96607	0.00000	4734.37500
4.96990	0.00000	4734.37500
4.97373	0.00000	4770.22000
4.97755	0.00000	4770.22000
4.98138	0.00000	4770.22000
4.98521	0.00000	4770.22000
4.98906	0.00000	4770.22000
4.99290	0.00000	4770.22000
4.99675	0.00000	4756.43300
5.00112	0.00000	4756.43300
5.00501	0.00000	4756.43300
5.00887	0.00000	4756.43300
5.01271	0.00000	4756.43300
5.01654	0.00000	4737.13200
5.02037	0.00000	4737.13200
5.02420	0.00000	4737.13200
5.02805	0.00000	4737.13200
5.03193	0.00000	4737.13200
5.03578	0.00000	4737.13200
5.03963	0.00000	4785.61000
5.04347	0.00000	4785.61000
5.04731	0.00000	4785.61000
5.05115	0.00000	4785.61000
5.05499	0.00000	4785.61000
5.05883	0.00000	4785.61000
5.06268	0.00000	4897.62900
5.06652	0.00000	4897.62900
5.07036	0.00000	4897.62900
5.07420	0.00000	4897.62900
5.07805	0.00000	4897.62900
5.08189	0.00000	4897.62900
5.08572	0.00000	4911.34100
5.08956	0.00000	4911.34100
5.09341	0.00000	4911.34100
5.09725	0.00000	4911.34100
5.10108	0.00000	4911.34100
5.10492	0.00000	4911.34100
5.10876	0.00000	5029.84500
5.11260	0.00000	5029.84500
5.11643	0.00000	5029.84500
5.12025	0.00000	5029.84500
5.12410	0.00000	5029.84500
5.12793	0.00000	5029.84500
5.13177	0.00000	5029.84500
5.13561	0.00000	5009.44400
5.13945	0.00000	5009.44400
5.14329	0.00000	5009.44400
5.14713	0.00000	5009.44400
5.15097	0.00000	5009.44400
5.15480	0.00000	5009.44400
5.15865	0.00000	5073.83200
5.16248	0.00000	5073.83200
5.16632	0.00000	5073.83200
5.17015	0.00000	5073.83200
5.17401	0.00000	5073.83200
5.17784	0.00000	5073.83200
5.18168	0.00000	5077.27600
5.18551	0.00000	5077.27600
5.18934	0.00000	5077.27600
5.19318	0.00000	5077.27600
5.19702	0.00000	5077.27600
5.20086	0.00000	5077.27600
5.20471	0.00000	5115.48900
5.20854	0.00000	5115.48900
5.21237	0.00000	5115.48900
5.21621	0.00000	5115.48900
5.22005	0.00000	5115.48900
5.22388	0.00000	5115.48900
5.22772	0.00000	5115.48900
5.23156	0.00000	5118.44700
5.23540	0.00000	5118.44700
5.23925	0.00000	5118.44700
5.24308	0.00000	5118.44700
5.24693	0.00000	5118.44700
5.25076	0.00000	5118.44700
5.25459	0.00000	5123.48800
5.25842	0.00000	5123.48800
5.26225	0.00000	5123.48800
5.26609	0.00000	5123.48800
5.26993	0.00000	5123.48800
5.27376	0.00000	5123.48800
5.27760	0.00000	5141.12900
5.28144	0.00000	5141.12900
5.28527	0.00000	5141.12900
5.28911	0.00000	5141.12900
5.29294	0.00000	5141.12900
5.29677	0.00000	5141.12900
5.30060	0.00000	5141.12900
5.30443	0.00000	5136.30300
5.30827	0.00000	5136.30300
5.31211	0.00000	5136.30300
5.31596	0.00000	5136.30300
5.31979	0.00000	5136.30300
5.32363	0.00000	5136.30300
5.32747	0.00000	5121.34300
5.33131	0.00000	5121.34300
5.33514	0.00000	5121.34300
5.33898	0.00000	5121.34300
5.34282	0.00000	5121.34300
5.34667	0.00000	5121.34300
5.35052	0.00000	5131.31600
5.35437	0.00000	5131.31600
5.35820	0.00000	5131.31600
5.36204	0.00000	5131.31600
5.36588	0.00000	5131.31600
5.36971	0.00000	5131.31600
5.37356	0.00000	5131.31600
5.37739	0.00000	5163.73000
5.38123	0.00000	5163.73000
5.38507	0.00000	5163.73000
5.38892	0.00000	5163.73000
5.39276	0.00000	5163.73000
5.39660	0.00000	5163.73000
5.40044	0.00000	5161.23700
5.40427	0.00000	5161.23700
5.40810	0.00000	5161.23700
5.41193	0.00000	5161.23700
5.41577	0.00000	5161.23700
5.41961	0.00000	5161.23700
5.42344	0.00000	5161.23700
5.42728	0.00000	5131.57900
5.43113	0.00000	5131.57900
5.43497	0.00000	5131.57900
5.43880	0.00000	5131.57900
5.44264	0.00000	5131.57900
5.44647	0.00000	5131.57900
5.45030	0.00000	5166.22300
5.45415	0.00000	5166.22300
5.45799	0.00000	5166.22300
5.46182	0.00000	5166.22300
5.46567	0.00000	5166.22300
5.46951	0.00000	5166.22300
5.47336	0.00000	5119.24300
5.47720	0.00000	5119.24300
5.48104	0.00000	5119.24300
5.48488	0.00000	5119.24300
5.48871	0.00000	5119.24300
5.49254	0.00000	5119.24300
5.49637	0.00000	5119.24300
5.50020	0.00000	5143.91400
5.50406	0.00000	5143.91400
5.50790	0.00000	5143.91400
5.51174	0.00000	5143.91400
5.51556	0.00000	5143.91400
5.51942	0.00000	5143.91400
5.52325	0.00000	5183.67700
5.52708	0.00000	5183.67700
5.53092	0.00000	5183.67700
5.53475	0.00000	5183.67700
5.53859	0.00000	5183.67700
5.54243	0.00000	5183.67700
5.54626	0.00000	5183.67700
5.55010	0.00000	5213.59700
5.55394	0.00000	5213.59700
5.55778	0.00000	5213.59700
5.56161	0.00000	5213.59700
5.56545	0.00000	5213.59700
5.56930	0.00000	5213.59700
5.57314	0.00000	5181.18300
5.57697	0.00000	5181.18300
5.58081	0.00000	5181.18300
5.58467	0.00000	5181.18300
5.58850	0.00000	5181.18300
5.59235	0.00000	5181.18300
5.59619	0.00000	5188.66300
5.60004	0.00000	5188.66300
5.60387	0.00000	5188.66300
5.60771	0.00000	5188.66300
5.61155	0.00000	5188.66300
5.61539	0.00000	5188.66300
5.61924	0.00000	5188.66300
5.62307	0.00000	5193.65000
5.62690	0.00000	5193.65000
5.63074	0.00000	5193.65000
5.63458	0.00000	5193.65000
5.63841	0.00000	5193.65000
5.64225	0.00000	5193.65000
5.64608	0.00000	5181.18300
5.64994	0.00000	5181.18300
5.65378	0.00000	5181.18300
5.65762	0.00000	5181.18300
5.66147	0.00000	5181.18300
5.66530	0.00000	5181.18300
5.66913	0.00000	5181.18300
5.67296	0.00000	5166.11800
5.67679	0.00000	5166.11800
5.68064	0.00000	5166.11800
5.68448	0.00000	5166.11800
5.68833	0.00000	5166.11800
5.69217	0.00000	5166.11800
5.69601	0.00000	5186.17000
5.69985	0.00000	5186.17000
5.70369	0.00000	5186.17000
5.70753	0.00000	5186.17000
5.71137	0.00000	5186.17000
5.71520	0.00000	5186.17000
5.71904	0.00000	5186.17000
5.72287	0.00000	5201.13000
5.72672	0.00000	5201.13000
5.73056	0.00000	5201.13000
5.73439	0.00000	5201.13000
5.73823	0.00000	5201.13000
5.74207	0.00000	5201.13000
5.74590	0.00000	5186.17000
5.74974	0.00000	5186.17000
5.75359	0.00000	5186.17000
5.75742	0.00000	5186.17000
5.76125	0.00000	5186.17000
5.76510	0.00000	5186.17000
5.76895	0.00000	5191.15600
5.77279	0.00000	5191.15600
5.77663	0.00000	5191.15600
5.78047	0.00000	5191.15600
5.78430	0.00000	5191.15600
5.78815	0.00000	5191.15600
5.79200	0.00000	5191.15600
5.79584	0.00000	5166.11800
5.79968	0.00000	5166.11800
5.80352	0.00000	5166.11800
5.80736	0.00000	5166.11800
5.81120	0.00000	5166.11800
5.81504	0.00000	5166.11800
5.81889	0.00000	5138.98000
5.82272	0.00000	5138.98000
5.82655	0.00000	5138.98000
5.83038	0.00000	5138.98000
5.83423	0.00000	5138.98000
5.83807	0.00000	5138.98000
5.84190	0.00000	5138.98000
5.84574	0.00000	5163.65100
5.84957	0.00000	5163.65100
5.85341	0.00000	5163.65100
5.85725	0.00000	5163.65100
5.86109	0.00000	5163.65100
5.86493	0.00000	5163.65100
5.86877	0.00000	5196.14400
5.87260	0.00000	5196.14400
5.87644	0.00000	5196.14400
5.88029	0.00000	5196.14400
5.88413	0.00000	5196.14400
5.88795	0.00000	5196.14400
5.89179	0.00000	5196.14400
5.89563	0.00000	5196.14400
5.89946	0.00000	5196.14400
5.90329	0.00000	5196.14400
5.90713	0.00000	5196.14400
5.91095	0.00000	5196.14400
5.91478	0.00000	5196.14400
5.91863	0.00000	5156.25000
5.92248	0.00000	5156.25000
5.92632	0.00000	5156.25000
5.93016	0.00000	5156.25000
5.93399	0.00000	5156.25000
5.93783	0.00000	5156.25000
5.94166	0.00000	5136.51300
5.94550	0.00000	5136.51300
5.94934	0.00000	5136.51300
5.95318	0.00000	5136.51300
5.95702	0.00000	5136.51300
5.96085	0.00000	5136.51300
5.96470	0.00000	5136.51300
5.96854	0.00000	5166.11800
5.97237	0.00000	5166.11800
5.97620	0.00000	5166.11800
5.98006	0.00000	5166.11800
5.98390	0.00000	5166.11800
5.98773	0.00000	5166.11800
5.99157	0.00000	5188.66300
5.99541	0.00000	5188.66300
5.99925	0.00000	5188.66300
6.00309	0.00000	5188.66300
6.00693	0.00000	5188.66300
6.01080	0.00000	5188.66300
6.01464	0.00000	5191.15600
6.01848	0.00000	5191.15600
6.02232	0.00000	5191.15600
6.02617	0.00000	5191.15600
6.03001	0.00000	5191.15600
6.03385	0.00000	5191.15600
6.03769	0.00000	5191.15600
6.04154	0.00000	5136.51300
6.04537	0.00000	5136.51300
6.04921	0.00000	5136.51300
6.05305	0.00000	5136.51300
6.05689	0.00000	5136.51300
6.06073	0.00000	5136.51300
6.06454	0.00000	5136.51300
6.06839	0.00000	5136.51300
6.07223	0.00000	5136.51300
6.07606	0.00000	5136.51300
6.07991	0.00000	5136.51300
6.08374	0.00000	5136.51300
6.08759	0.00000	5136.51300
6.09143	0.00000	5163.65100
6.09526	0.00000	5163.65100
6.09910	0.00000	5163.65100
6.10294	0.00000	5163.65100
6.10678	0.00000	5163.65100
6.11063	0.00000	5163.65100
6.11447	0.00000	5188.66300
6.11832	0.00000	5188.66300
6.12215	0.00000	5188.66300
6.12598	0.00000	5188.66300
6.12981	0.00000	5188.66300
6.13367	0.00000	5188.66300
6.13750	0.00000	5188.66300
6.14134	0.00000	5206.11700
6.14518	0.00000	5206.11700
6.14903	0.00000	5206.11700
6.15287	0.00000	5206.11700
6.15671	0.00000	5206.11700
6.16054	0.00000	5206.11700
6.16439	0.00000	5178.69000
6.16821	0.00000	5178.69000
6.17205	0.00000	5178.69000
6.17589	0.00000	5178.69000
6.17973	0.00000	5178.69000
6.18357	0.00000	5178.69000
6.18740	0.00000	5183.67700
6.19126	0.00000	5183.67700
6.19511	0.00000	5183.67700
6.19894	0.00000	5183.67700
6.20278	0.00000	5183.67700
6.20661	0.00000	5183.67700
6.21044	0.00000	5183.67700
6.21428	0.00000	5151.31500
6.21813	0.00000	5151.31500
6.22196	0.00000	5151.31500
6.22580	0.00000	5151.31500
6.22963	0.00000	5151.31500
6.23346	0.00000	5151.31500
6.23731	0.00000	5176.19700
6.24115	0.00000	5176.19700
6.24499	0.00000	5176.19700
6.24882	0.00000	5176.19700
6.25267	0.00000	5176.19700
6.25650	0.00000	5176.19700
6.26034	0.00000	5176.19700
6.26417	0.00000	5148.84900
6.26802	0.00000	5148.84900
6.27185	0.00000	5148.84900
6.27569	0.00000	5148.84900
6.27953	0.00000	5148.84900
6.28336	0.00000	5148.84900
6.28720	0.00000	5178.69000
6.29103	0.00000	5178.69000
6.29487	0.00000	5178.69000
6.29871	0.00000	5178.69000
6.30256	0.00000	5178.69000
6.30640	0.00000	5178.69000
6.31024	0.00000	5126.64400
6.31409	0.00000	5126.64400
6.31792	0.00000	5126.64400
6.32177	0.00000	5126.64400
6.32560	0.00000	5126.64400
6.32943	0.00000	5126.64400
6.33327	0.00000	5126.64400
6.33711	0.00000	5134.04600
6.34094	0.00000	5134.04600
6.34478	0.00000	5134.04600
6.34862	0.00000	5134.04600
6.35246	0.00000	5134.04600
6.35630	0.00000	5134.04600
6.36014	0.00000	5173.70300
6.36399	0.00000	5173.70300
6.36784	0.00000	5173.70300
6.37167	0.00000	5173.70300
6.37551	0.00000	5173.70300
6.37935	0.00000	5173.70300
6.38318	0.00000	5173.70300
6.38703	0.00000	5153.78200
6.39086	0.00000	5153.78200
6.39471	0.00000	5153.78200
6.39856	0.00000	5153.78200
6.40239	0.00000	5153.78200
6.40623	0.00000	5153.78200
6.41007	0.00000	5178.69000
6.41390	0.00000	5178.69000
6.41773	0.00000	5178.69000
6.42156	0.00000	5178.69000
6.42543	0.00000	5178.69000
6.42928	0.00000	5178.69000
6.43312	0.00000	5178.69000
6.43698	0.00000	5178.69000
6.44082	0.00000	5178.69000
6.44466	0.00000	5178.69000
6.44850	0.00000	5178.69000
6.45235	0.00000	5178.69000
6.45618	0.00000	5178.69000
6.46001	0.00000	5193.65000
6.46385	0.00000	5193.65000
6.46768	0.00000	5193.65000
6.47152	0.00000	5193.65000
6.47536	0.00000	5193.65000
6.47919	0.00000	5193.65000
6.48302	0.00000	5176.19700
6.48687	0.00000	5176.19700
6.49071	0.00000	5176.19700
6.49455	0.00000	5176.19700
6.49839	0.00000	5176.19700
6.50223	0.00000	5176.19700
6.50607	0.00000	5176.19700
6.50989	0.00000	5211.10400
6.51373	0.00000	5211.10400
6.51757	0.00000	5211.10400
6.52140	0.00000	5211.10400
6.52524	0.00000	5211.10400
6.52907	0.00000	5211.10400
6.53291	0.00000	5178.69000
6.53674	0.00000	5178.69000
6.54058	0.00000	5178.69000
6.54441	0.00000	5178.69000
6.54824	0.00000	5178.69000
6.55209	0.00000	5178.69000
6.55592	0.00000	5186.17000
6.55975	0.00000	5186.17000
6.56358	0.00000	5186.17000
6.56742	0.00000	5186.17000
6.57126	0.00000	5186.17000
6.57509	0.00000	5186.17000
6.57894	0.00000	5186.17000
6.58278	0.00000	5186.17000
6.58662	0.00000	5186.17000
6.59046	0.00000	5186.17000
6.59430	0.00000	5186.17000
6.59814	0.00000	5186.17000
6.60198	0.00000	5186.17000
6.60581	0.00000	5186.17000
6.60966	0.00000	5186.17000
6.61350	0.00000	5186.17000
6.61734	0.00000	5186.17000
6.62118	0.00000	5186.17000
6.62502	0.00000	5186.17000
6.62886	0.00000	5186.17000
6.63270	0.00000	5161.18400
6.63654	0.00000	5161.18400
6.64038	0.00000	5161.18400
6.64421	0.00000	5161.18400
6.64804	0.00000	5161.18400
6.65188	0.00000	5161.18400
6.65571	0.00000	5188.66300
6.65955	0.00000	5188.66300
6.66340	0.00000	5188.66300
6.66723	0.00000	5188.66300
6.67106	0.00000	5188.66300
6.67490	0.00000	5188.66300
6.67874	0.00000	5188.66300
6.68256	0.00000	5206.11700
6.68639	0.00000	5206.11700
6.69023	0.00000	5206.11700
6.69408	0.00000	5206.11700
6.69793	0.00000	5206.11700
6.70176	0.00000	5206.11700
6.70560	0.00000	5191.15600
6.70944	0.00000	5191.15600
6.71329	0.00000	5191.15600
6.71712	0.00000	5191.15600
6.72096	0.00000	5191.15600
6.72480	0.00000	5191.15600
6.72865	0.00000	5191.15600
6.73249	0.00000	5191.15600
6.73634	0.00000	5191.15600
6.74018	0.00000	5191.15600
6.74401	0.00000	5191.15600
6.74784	0.00000	5191.15600
6.75168	0.00000	5191.15600
6.75552	0.00000	5158.71700
6.75937	0.00000	5158.71700
6.76320	0.00000	5158.71700
6.76704	0.00000	5158.71700
6.77088	0.00000	5158.71700
6.77473	0.00000	5158.71700
6.77857	0.00000	5138.98000
6.78241	0.00000	5138.98000
6.78624	0.00000	5138.98000
6.79008	0.00000	5138.98000
6.79392	0.00000	5138.98000
6.79776	0.00000	5138.98000
6.80160	0.00000	5138.98000
6.80546	0.00000	5166.11800
6.80929	0.00000	5166.11800
6.81312	0.00000	5166.11800
6.81696	0.00000	5166.11800
6.82079	0.00000	5166.11800
6.82463	0.00000	5166.11800
6.82847	0.00000	5193.65000
6.83230	0.00000	5193.65000
6.83613	0.00000	5193.65000
6.83997	0.00000	5193.65000
6.84381	0.00000	5193.65000
6.84766	0.00000	5193.65000
6.85149	0.00000	5191.15600
6.85534	0.00000	5191.15600
6.85918	0.00000	5191.15600
6.86302	0.00000	5191.15600
6.86686	0.00000	5191.15600
6.87070	0.00000	5191.15600
6.87454	0.00000	5191.15600
6.87838	0.00000	5151.31500
6.88222	0.00000	5151.31500
6.88606	0.00000	5151.31500
6.88989	0.00000	5151.31500
6.89374	0.00000	5151.31500
6.89757	0.00000	5151.31500
6.90141	0.00000	5141.44700
6.90525	0.00000	5141.44700
6.90910	0.00000	5141.44700
6.91293	0.00000	5141.44700
6.91679	0.00000	5141.44700
6.92062	0.00000	5141.44700
6.92446	0.00000	5141.44700
6.92830	0.00000	5168.58500
6.93213	0.00000	5168.58500
6.93596	0.00000	5168.58500
6.93981	0.00000	5168.58500
6.94364	0.00000	5168.58500
6.94749	0.00000	5168.58500
6.95133	0.00000	5196.14400
6.95517	0.00000	5196.14400
6.95900	0.00000	5196.14400
6.96283	0.00000	5196.14400
6.96667	0.00000	5196.14400
6.97052	0.00000	5196.14400
6.97438	0.00000	5196.14400
6.97821	0.00000	5146.38200
6.98205	0.00000	5146.38200
6.98589	0.00000	5146.38200
6.98974	0.00000	5146.38200
6.99358	0.00000	5146.38200
6.99741	0.00000	5146.38200
7.00125	0.00000	5134.04600
7.00510	0.00000	5134.04600
7.00895	0.00000	5134.04600
7.01278	0.00000	5134.04600
7.01663	0.00000	5134.04600
7.02047	0.00000	5134.04600
7.02429	0.00000	5134.04600
7.02815	0.00000	5134.04600
7.03199	0.00000	5134.04600
7.03583	0.00000	5134.04600
7.03968	0.00000	5134.04600
7.04353	0.00000	5134.04600
7.04736	0.00000	5134.04600
7.05120	0.00000	5163.65100
7.05504	0.00000	5163.65100
7.05886	0.00000	5163.65100
7.06272	0.00000	5163.65100
7.06655	0.00000	5163.65100
7.07039	0.00000	5163.65100
7.07423	0.00000	5191.15600
7.07808	0.00000	5191.15600
7.08192	0.00000	5191.15600
7.08577	0.00000	5191.15600
7.08960	0.00000	5191.15600
7.09344	0.00000	5191.15600
7.09728	0.00000	5191.15600
7.10111	0.00000	5156.25000
7.10495	0.00000	5156.25000
7.10879	0.00000	5156.25000
7.11263	0.00000	5156.25000
7.11646	0.00000	5156.25000
7.12029	0.00000	5156.25000
7.12413	0.00000	5134.04600
7.12797	0.00000	5134.04600
7.13181	0.00000	5134.04600
7.13565	0.00000	5134.04600
7.13951	0.00000	5134.04600
7.14335	0.00000	5134.04600
7.14720	0.00000	5131.57900
7.15103	0.00000	5131.57900
7.15488	0.00000	5131.57900
7.15871	0.00000	5131.57900
7.16256	0.00000	5131.57900
7.16640	0.00000	5131.57900
7.17025	0.00000	5131.57900
7.17408	0.00000	5148.84900
7.17791	0.00000	5148.84900
7.18174	0.00000	5148.84900
7.18560	0.00000	5148.84900
7.18943	0.00000	5148.84900
7.19327	0.00000	5148.84900
7.19711	0.00000	5188.66300
7.20097	0.00000	5188.66300
7.20479	0.00000	5188.66300
7.20862	0.00000	5188.66300
7.21245	0.00000	5188.66300
7.21630	0.00000	5188.66300
7.22014	0.00000	5188.66300
7.22398	0.00000	5163.65100
7.22783	0.00000	5163.65100
7.23168	0.00000	5163.65100
7.23552	0.00000	5163.65100
7.23936	0.00000	5163.65100
7.24320	0.00000	5163.65100
7.24705	0.00000	5191.15600
7.25088	0.00000	5191.15600
7.25473	0.00000	5191.15600
7.25857	0.00000	5191.15600
7.26241	0.00000	5191.15600
7.26625	0.00000	5191.15600
7.27009	0.00000	5141.44700
7.27391	0.00000	5141.44700
7.27776	0.00000	5141.44700
7.28160	0.00000	5141.44700
7.28543	0.00000	5141.44700
7.28927	0.00000	5141.44700
7.29311	0.00000	5141.44700
7.29695	0.00000	5146.38200
7.30079	0.00000	5146.38200
7.30463	0.00000	5146.38200
7.30846	0.00000	5146.38200
7.31230	0.00000	5146.38200
7.31613	0.00000	5146.38200
7.31997	0.00000	5193.65000
7.32381	0.00000	5193.65000
7.32765	0.00000	5193.65000
7.33148	0.00000	5193.65000
7.33533	0.00000	5193.65000
7.33917	0.00000	5193.65000
7.34301	0.00000	5193.65000
7.34684	0.00000	5221.07700
7.35068	0.00000	5221.07700
7.35451	0.00000	5221.07700
7.35834	0.00000	5221.07700
7.36218	0.00000	5221.07700
7.36602	0.00000	5221.07700
7.36985	0.00000	5191.15600
7.37370	0.00000	5191.15600
7.37754	0.00000	5191.15600
7.38138	0.00000	5191.15600
7.38522	0.00000	5191.15600
7.38906	0.00000	5191.15600
7.39290	0.00000	5191.15600
7.39674	0.00000	5156.25000
7.40054	0.00000	5156.25000
7.40437	0.00000	5156.25000
7.40821	0.00000	5156.25000
7.41205	0.00000	5156.25000
7.41590	0.00000	5156.25000
7.41975	0.00000	5193.65000
7.42358	0.00000	5193.65000
7.42742	0.00000	5193.65000
7.43126	0.00000	5193.65000
7.43510	0.00000	5193.65000
7.43893	0.00000	5193.65000
7.44277	0.00000	5196.14400
7.44661	0.00000	5196.14400
7.45045	0.00000	5196.14400
7.45429	0.00000	5196.14400
7.45813	0.00000	5196.14400
7.46199	0.00000	5196.14400
7.46583	0.00000	5196.14400
7.46966	0.00000	5216.09000
7.47350	0.00000	5216.09000
7.47734	0.00000	5216.09000
7.48118	0.00000	5216.09000
7.48502	0.00000	5216.09000
7.48885	0.00000	5216.09000
7.49269	0.00000	5138.98000
7.49654	0.00000	5138.98000
7.50038	0.00000	5138.98000
7.50421	0.00000	5138.98000
7.50805	0.00000	5138.98000
7.51190	0.00000	5138.98000
7.51574	0.00000	5138.98000
7.51957	0.00000	5163.65100
7.52340	0.00000	5163.65100
7.52724	0.00000	5163.65100
7.53107	0.00000	5163.65100
7.53491	0.00000	5163.65100
7.53874	0.00000	5163.65100
7.54259	0.00000	5191.15600
7.54642	0.00000	5191.15600
7.55027	0.00000	5191.15600
7.55410	0.00000	5191.15600
7.55795	0.00000	5191.15600
7.56179	0.00000	5191.15600
7.56563	0.00000	5188.66300
7.56945	0.00000	5188.66300
7.57328	0.00000	5188.66300
7.57712	0.00000	5188.66300
7.58096	0.00000	5188.66300
7.58480	0.00000	5188.66300
7.58864	0.00000	5188.66300
7.59248	0.00000	5198.63600
7.59634	0.00000	5198.63600
7.60018	0.00000	5198.63600
7.60401	0.00000	5198.63600
7.60784	0.00000	5198.63600
7.61168	0.00000	5198.63600
7.61551	0.00000	5188.66300
7.61936	0.00000	5188.66300
7.62320	0.00000	5188.66300
7.62703	0.00000	5188.66300
7.63086	0.00000	5188.66300
7.63469	0.00000	5188.66300
7.63853	0.00000	5188.66300
7.64237	0.00000	5168.58500
7.64622	0.00000	5168.58500
7.65005	0.00000	5168.58500
7.65389	0.00000	5168.58500
7.65773	0.00000	5168.58500
7.66158	0.00000	5168.58500
7.66542	0.00000	5198.63600
7.66925	0.00000	5198.63600
7.67308	0.00000	5198.63600
7.67691	0.00000	5198.63600
7.68076	0.00000	5198.63600
7.68459	0.00000	5198.63600
7.68842	0.00000	5198.63600
7.69226	0.00000	5218.58300
7.69610	0.00000	5218.58300
7.69995	0.00000	5218.58300
7.70378	0.00000	5218.58300
7.70762	0.00000	5218.58300
7.71146	0.00000	5218.58300
7.71529	0.00000	5146.38200
7.71914	0.00000	5146.38200
7.72298	0.00000	5146.38200
7.72682	0.00000	5146.38200
7.73066	0.00000	5146.38200
7.73451	0.00000	5146.38200
7.73835	0.00000	5143.91400
7.74219	0.00000	5143.91400
7.74603	0.00000	5143.91400
7.74987	0.00000	5143.91400
7.75371	0.00000	5143.91400
7.75755	0.00000	5143.91400
7.76139	0.00000	5143.91400
7.76522	0.00000	5161.18400
7.76907	0.00000	5161.18400
7.77291	0.00000	5161.18400
7.77674	0.00000	5161.18400
7.78059	0.00000	5161.18400
7.78443	0.00000	5161.18400
7.78827	0.00000	5198.63600
7.79211	0.00000	5198.63600
7.79595	0.00000	5198.63600
7.79978	0.00000	5198.63600
7.80361	0.00000	5198.63600
7.80745	0.00000	5198.63600
7.81131	0.00000	5198.63600
7.81514	0.00000	5175.98700
7.81896	0.00000	5175.98700
7.82280	0.00000	5175.98700
7.82665	0.00000	5175.98700
7.83050	0.00000	5175.98700
7.83433	0.00000	5175.98700
7.83817	0.00000	5198.63600
7.84205	0.00000	5198.63600
7.84588	0.00000	5198.63600
7.84973	0.00000	5198.63600
7.85357	0.00000	5198.63600
7.85741	0.00000	5198.63600
7.86125	0.00000	5203.62300
7.86510	0.00000	5203.62300
7.86893	0.00000	5203.62300
7.87276	0.00000	5203.62300
7.87661	0.00000	5203.62300
7.88045	0.00000	5203.62300
7.88428	0.00000	5203.62300
7.88812	0.00000	5203.62300
7.89196	0.00000	5203.62300
7.89580	0.00000	5203.62300
7.89964	0.00000	5203.62300
7.90348	0.00000	5203.62300
7.90732	0.00000	5203.62300
7.91116	0.00000	5141.44700
7.91502	0.00000	5141.44700
7.91886	0.00000	5141.44700
7.92270	0.00000	5141.44700
7.92652	0.00000	5141.44700
7.93037	0.00000	5141.44700
7.93420	0.00000	5141.44700
7.93803	0.00000	5171.05200
7.94188	0.00000	5171.05200
7.94571	0.00000	5171.05200
7.94955	0.00000	5171.05200
7.95340	0.00000	5171.05200
7.95724	0.00000	5171.05200
7.96107	0.00000	5198.63600
7.96492	0.00000	5198.63600
7.96876	0.00000	5198.63600
7.97260	0.00000	5198.63600
7.97644	0.00000	5198.63600
7.98029	0.00000	5198.63600
7.98413	0.00000	5198.63600
7.98796	0.00000	5168.58500
7.99180	0.00000	5168.58500
7.99564	0.00000	5168.58500
7.99948	0.00000	5168.58500
8.00333	0.00000	5168.58500
8.00716	0.00000	5168.58500
8.01101	0.00000	5141.44700
8.01484	0.00000	5141.44700
8.01867	0.00000	5141.44700
8.02251	0.00000	5141.44700
8.02636	0.00000	5141.44700
8.03019	0.00000	5141.44700
8.03405	0.00000	5136.51300
8.03789	0.00000	5136.51300
8.04173	0.00000	5136.51300
8.04557	0.00000	5136.51300
8.04941	0.00000	5136.51300
8.05325	0.00000	5136.51300
8.05709	0.00000	5136.51300
8.06093	0.00000	5211.10400
8.06477	0.00000	5211.10400
8.06861	0.00000	5211.10400
8.07245	0.00000	5211.10400
8.07630	0.00000	5211.10400
8.08014	0.00000	5211.10400
8.08398	0.00000	5193.65000
8.08781	0.00000	5193.65000
8.09166	0.00000	5193.65000
8.09550	0.00000	5193.65000
8.09934	0.00000	5193.65000
8.10317	0.00000	5193.65000
8.10701	0.00000	5193.65000
8.11084	0.00000	5171.05200
8.11467	0.00000	5171.05200
8.11853	0.00000	5171.05200
8.12237	0.00000	5171.05200
8.12621	0.00000	5171.05200
8.13004	0.00000	5171.05200
8.13390	0.00000	5196.14400
8.13773	0.00000	5196.14400
8.14158	0.00000	5196.14400
8.14543	0.00000	5196.14400
8.14926	0.00000	5196.14400
8.15310	0.00000	5196.14400
8.15693	0.00000	5196.14400
8.16076	0.00000	5208.61000
8.16461	0.00000	5208.61000
8.16845	0.00000	5208.61000
8.17230	0.00000	5208.61000
8.17614	0.00000	5208.61000
8.17998	0.00000	5208.61000
8.18383	0.00000	5196.14400
8.18766	0.00000	5196.14400
8.19151	0.00000	5196.14400
8.19535	0.00000	5196.14400
8.19918	0.00000	5196.14400
8.20302	0.00000	5196.14400
8.20686	0.00000	5193.65000
8.21071	0.00000	5193.65000
8.21454	0.00000	5193.65000
8.21840	0.00000	5193.65000
8.22223	0.00000	5193.65000
8.22607	0.00000	5193.65000
8.22991	0.00000	5193.65000
8.23374	0.00000	5166.11800
8.23758	0.00000	5166.11800
8.24142	0.00000	5166.11800
8.24526	0.00000	5166.11800
8.24910	0.00000	5166.11800
8.25293	0.00000	5166.11800
8.25678	0.00000	5191.15600
8.26061	0.00000	5191.15600
8.26445	0.00000	5191.15600
8.26829	0.00000	5191.15600
8.27213	0.00000	5191.15600
8.27597	0.00000	5191.15600
8.27980	0.00000	5191.15600
8.28364	0.00000	5211.10400
8.28748	0.00000	5211.10400
8.29132	0.00000	5211.10400
8.29515	0.00000	5211.10400
8.29899	0.00000	5211.10400
8.30284	0.00000	5211.10400
8.30668	0.00000	5186.17000
8.31052	0.00000	5186.17000
8.31434	0.00000	5186.17000
8.31818	0.00000	5186.17000
8.32203	0.00000	5186.17000
8.32586	0.00000	5186.17000
8.32970	0.00000	5188.66300
8.33354	0.00000	5188.66300
8.33738	0.00000	5188.66300
8.34121	0.00000	5188.66300
8.34505	0.00000	5188.66300
8.34889	0.00000	5188.66300
8.35273	0.00000	5188.66300
8.35654	0.00000	5151.31500
8.36038	0.00000	5151.31500
8.36422	0.00000	5151.31500
8.36805	0.00000	5151.31500
8.37189	0.00000	5151.31500
8.37573	0.00000	5151.31500
8.37957	0.00000	5188.66300
8.38341	0.00000	5188.66300
8.38724	0.00000	5188.66300
8.39108	0.00000	5188.66300
8.39492	0.00000	5188.66300
8.39874	0.00000	5188.66300
8.40259	0.00000	5188.66300
8.40642	0.00000	5156.25000
8.41025	0.00000	5156.25000
8.41408	0.00000	5156.25000
8.41792	0.00000	5156.25000
8.42176	0.00000	5156.25000
8.42560	0.00000	5156.25000
8.42944	0.00000	5188.66300
8.43327	0.00000	5188.66300
8.43711	0.00000	5188.66300
8.44096	0.00000	5188.66300
8.44480	0.00000	5188.66300
8.44864	0.00000	5188.66300
8.45248	0.00000	5183.67700
8.45632	0.00000	5183.67700
8.46017	0.00000	5183.67700
8.46400	0.00000	5183.67700
8.46784	0.00000	5183.67700
8.47169	0.00000	5183.67700
8.47552	0.00000	5183.67700
8.47936	0.00000	5188.66300
8.48319	0.00000	5188.66300
8.48701	0.00000	5188.66300
8.49082	0.00000	5188.66300
8.49465	0.00000	5188.66300
8.49848	0.00000	5188.66300
8.50230	0.00000	5178.69000
8.50614	0.00000	5178.69000
8.50996	0.00000	5178.69000
8.51380	0.00000	5178.69000
8.51762	0.00000	5178.69000
8.52145	0.00000	5178.69000
8.52527	0.00000	5178.69000
8.52911	0.00000	5151.31500
8.53293	0.00000	5151.31500
8.53675	0.00000	5151.31500
8.54053	0.00000	5151.31500
8.54437	0.00000	5151.31500
8.54819	0.00000	5151.31500
8.55202	0.00000	5181.18300
8.55585	0.00000	5181.18300
8.55968	0.00000	5181.18300
8.56351	0.00000	5181.18300
8.56734	0.00000	5181.18300
8.57117	0.00000	5181.18300
8.57499	0.00000	5181.18300
8.57880	0.00000	5153.78200
8.58264	0.00000	5153.78200
8.58649	0.00000	5153.78200
8.59033	0.00000	5153.78200
8.59416	0.00000	5153.78200
8.59799	0.00000	5153.78200
8.60183	0.00000	5173.70300
8.60567	0.00000	5173.70300
8.60951	0.00000	5173.70300
8.61335	0.00000	5173.70300
8.61718	0.00000	5173.70300
8.62102	0.00000	5173.70300
8.62486	0.00000	5119.24300
8.62869	0.00000	5119.24300
8.63254	0.00000	5119.24300
8.63638	0.00000	5119.24300
8.64021	0.00000	5119.24300
8.64405	0.00000	5119.24300
8.64788	0.00000	5119.24300
8.65171	0.00000	5136.51300
8.65554	0.00000	5136.51300
8.65939	0.00000	5136.51300
8.66323	0.00000	5136.51300
8.66707	0.00000	5136.51300
8.67090	0.00000	5136.51300
8.67473	0.00000	5173.70300
8.67858	0.00000	5173.70300
8.68242	0.00000	5173.70300
8.68626	0.00000	5173.70300
8.69010	0.00000	5173.70300
8.69394	0.00000	5173.70300
8.69778	0.00000	5173.70300
8.70161	0.00000	5143.91400
8.70546	0.00000	5143.91400
8.70931	0.00000	5143.91400
8.71314	0.00000	5143.91400
8.71697	0.00000	5143.91400
8.72081	0.00000	5143.91400
8.72465	0.00000	5168.71700
8.72848	0.00000	5168.71700
8.73233	0.00000	5168.71700
8.73617	0.00000	5168.71700
8.74001	0.00000	5168.71700
8.74385	0.00000	5168.71700
8.74769	0.00000	5166.22300
8.75152	0.00000	5166.22300
8.75535	0.00000	5166.22300
8.75919	0.00000	5166.22300
8.76303	0.00000	5166.22300
8.76686	0.00000	5166.22300
8.77069	0.00000	5166.22300
8.77453	0.00000	5129.11200
8.77836	0.00000	5129.11200
8.78219	0.00000	5129.11200
8.78604	0.00000	5129.11200
8.78988	0.00000	5129.11200
8.79373	0.00000	5129.11200
8.79756	0.00000	5168.71700
8.80139	0.00000	5168.71700
8.80522	0.00000	5168.71700
8.80906	0.00000	5168.71700
8.81289	0.00000	5168.71700
8.81673	0.00000	5168.71700
8.82054	0.00000	5168.71700
8.82439	0.00000	5146.38200
8.82823	0.00000	5146.38200
8.83207	0.00000	5146.38200
8.83591	0.00000	5146.38200
8.83975	0.00000	5146.38200
8.84359	0.00000	5146.38200
8.84745	0.00000	5116.77600
8.85130	0.00000	5116.77600
8.85514	0.00000	5116.77600
8.85897	0.00000	5116.77600
8.86281	0.00000	5116.77600
8.86664	0.00000	5116.77600
8.87048	0.00000	5171.21000
8.87431	0.00000	5171.21000
8.87814	0.00000	5171.21000
8.88198	0.00000	5171.21000
8.88581	0.00000	5171.21000
8.88966	0.00000	5171.21000
8.89349	0.00000	5171.21000
8.89734	0.00000	5126.64400
8.90117	0.00000	5126.64400
8.90502	0.00000	5126.64400
8.90885	0.00000	5126.64400
8.91268	0.00000	5126.64400
8.91652	0.00000	5126.64400
8.92037	0.00000	5171.21000
8.92420	0.00000	5171.21000
8.92804	0.00000	5171.21000
8.93188	0.00000	5171.21000
8.93574	0.00000	5171.21000
8.93957	0.00000	5171.21000
8.94340	0.00000	5171.21000
8.94724	0.00000	5141.44700
8.95108	0.00000	5141.44700
8.95491	0.00000	5141.44700
8.95874	0.00000	5141.44700
8.96257	0.00000	5141.44700
8.96640	0.00000	5141.44700
8.97025	0.00000	5163.73000
8.97409	0.00000	5163.73000
8.97792	0.00000	5163.73000
8.98176	0.00000	5163.73000
8.98560	0.00000	5163.73000
8.98944	0.00000	5163.73000
8.99328	0.00000	5163.73000
8.99711	0.00000	5163.73000
9.00093	0.00000	5163.73000
9.00477	0.00000	5163.73000
9.00861	0.00000	5163.73000
9.01244	0.00000	5163.73000
9.01627	0.00000	5163.73000
9.02011	0.00000	5171.21000
9.02395	0.00000	5171.21000
9.02779	0.00000	5171.21000
9.03163	0.00000	5171.21000
9.03546	0.00000	5171.21000
9.03929	0.00000	5171.21000
9.04312	0.00000	5163.73000
9.04697	0.00000	5163.73000
9.05080	0.00000	5163.73000
9.05465	0.00000	5163.73000
9.05848	0.00000	5163.73000
9.06231	0.00000	5163.73000
9.06615	0.00000	5163.73000
9.07000	0.00000	5131.57900
9.07383	0.00000	5131.57900
9.07767	0.00000	5131.57900
9.08150	0.00000	5131.57900
9.08534	0.00000	5131.57900
9.08918	0.00000	5131.57900
9.09301	0.00000	5158.74300
9.09685	0.00000	5158.74300
9.10070	0.00000	5158.74300
9.10454	0.00000	5158.74300
9.10838	0.00000	5158.74300
9.11221	0.00000	5158.74300
9.11608	0.00000	5153.75600
9.11990	0.00000	5153.75600
9.12376	0.00000	5153.75600
9.12760	0.00000	5153.75600
9.13143	0.00000	5153.75600
9.13527	0.00000	5153.75600
9.13912	0.00000	5153.75600
9.14295	0.00000	5171.21000
9.14678	0.00000	5171.21000
9.15061	0.00000	5171.21000
9.15444	0.00000	5171.21000
9.15827	0.00000	5171.21000
9.16210	0.00000	5171.21000
9.16594	0.00000	5158.74300
9.16978	0.00000	5158.74300
9.17362	0.00000	5158.74300
9.17745	0.00000	5158.74300
9.18129	0.00000	5158.74300
9.18513	0.00000	5158.74300
9.18897	0.00000	5158.74300
9.19281	0.00000	5183.67700
9.19666	0.00000	5183.67700
9.20049	0.00000	5183.67700
9.20433	0.00000	5183.67700
9.20817	0.00000	5183.67700
9.21202	0.00000	5183.67700
9.21586	0.00000	5161.23700
9.21970	0.00000	5161.23700
9.22354	0.00000	5161.23700
9.22738	0.00000	5161.23700
9.23123	0.00000	5161.23700
9.23506	0.00000	5161.23700
9.23890	0.00000	5156.25000
9.24276	0.00000	5156.25000
9.24660	0.00000	5156.25000
9.25044	0.00000	5156.25000
9.25429	0.00000	5156.25000
9.25812	0.00000	5156.25000
9.26195	0.00000	5156.25000
9.26579	0.00000	5126.64400
9.26962	0.00000	5126.64400
9.27347	0.00000	5126.64400
9.27731	0.00000	5126.64400
9.28116	0.00000	5126.64400
9.28499	0.00000	5126.64400
9.28884	0.00000	5153.75600
9.29267	0.00000	5153.75600
9.29651	0.00000	5153.75600
9.30034	0.00000	5153.75600
9.30419	0.00000	5153.75600
9.30802	0.00000	5153.75600
9.31186	0.00000	5153.75600
9.31569	0.00000	5171.21000
9.31954	0.00000	5171.21000
9.32339	0.00000	5171.21000
9.32722	0.00000	5171.21000
9.33106	0.00000	5171.21000
9.33491	0.00000	5171.21000
9.33874	0.00000	5148.76900
9.34258	0.00000	5148.76900
9.34642	0.00000	5148.76900
9.35025	0.00000	5148.76900
9.35408	0.00000	5148.76900
9.35791	0.00000	5148.76900
9.36176	0.00000	5151.26300
9.36563	0.00000	5151.26300
9.36947	0.00000	5151.26300
9.37330	0.00000	5151.26300
9.37714	0.00000	5151.26300
9.38099	0.00000	5151.26300
9.38483	0.00000	5151.26300
9.38867	0.00000	5124.17700
9.39251	0.00000	5124.17700
9.39635	0.00000	5124.17700
9.40019	0.00000	5124.17700
9.40403	0.00000	5124.17700
9.40786	0.00000	5124.17700
9.41172	0.00000	5151.26300
9.41555	0.00000	5151.26300
9.41938	0.00000	5151.26300
9.42322	0.00000	5151.26300
9.42709	0.00000	5151.26300
9.43109	0.00000	5151.26300
9.43500	0.00000	5146.27700
9.43886	0.00000	5146.27700
9.44269	0.00000	5146.27700
9.44653	0.00000	5146.27700
9.45039	0.00000	5146.27700
9.45424	0.00000	5146.27700
9.45808	0.00000	5146.27700
9.46193	0.00000	5109.37500
9.46577	0.00000	5109.37500
9.46961	0.00000	5109.37500
9.47345	0.00000	5109.37500
9.47728	0.00000	5109.37500
9.48111	0.00000	5109.37500
9.48496	0.00000	5141.29000
9.48880	0.00000	5141.29000
9.49264	0.00000	5141.29000
9.49647	0.00000	5141.29000
9.50031	0.00000	5141.29000
9.50415	0.00000	5141.29000
9.50800	0.00000	5141.29000
9.51184	0.00000	5151.26300
9.51568	0.00000	5151.26300
9.51951	0.00000	5151.26300
9.52335	0.00000	5151.26300
9.52719	0.00000	5151.26300
9.53101	0.00000	5151.26300
9.53485	0.00000	5196.57300
9.53870	0.00000	5196.57300
9.54254	0.00000	5196.57300
9.54638	0.00000	5196.57300
9.55021	0.00000	5196.57300
9.55406	0.00000	5196.57300
9.55790	0.00000	5146.27700
9.56173	0.00000	5146.27700
9.56557	0.00000	5146.27700
9.56942	0.00000	5146.27700
9.57326	0.00000	5146.27700
9.57710	0.00000	5146.27700
9.58094	0.00000	5146.27700
9.58478	0.00000	5176.19700
9.58862	0.00000	5176.19700
9.59247	0.00000	5176.19700
9.59630	0.00000	5176.19700
9.60015	0.00000	5176.19700
9.60398	0.00000	5176.19700
9.60781	0.00000	5146.27700
9.61165	0.00000	5146.27700
9.61548	0.00000	5146.27700
9.61931	0.00000	5146.27700
9.62316	0.00000	5146.27700
9.62699	0.00000	5146.27700
9.63082	0.00000	5146.27700
9.63464	0.00000	5146.27700
9.63848	0.00000	5146.27700
9.64232	0.00000	5146.27700
9.64616	0.00000	5146.27700
9.65000	0.00000	5146.27700
9.65383	0.00000	5146.27700
9.65766	0.00000	5156.25000
9.66149	0.00000	5156.25000
9.66534	0.00000	5156.25000
9.66918	0.00000	5156.25000
9.67301	0.00000	5156.25000
9.67686	0.00000	5156.25000
9.68070	0.00000	5196.57300
9.68454	0.00000	5196.57300
9.68837	0.00000	5196.57300
9.69222	0.00000	5196.57300
9.69606	0.00000	5196.57300
9.69989	0.00000	5196.57300
9.70374	0.00000	5196.57300
9.70758	0.00000	5119.24300
9.71142	0.00000	5119.24300
9.71526	0.00000	5119.24300
9.71909	0.00000	5119.24300
9.72293	0.00000	5119.24300
9.72677	0.00000	5119.24300
9.73061	0.00000	5148.76900
9.73444	0.00000	5148.76900
9.73830	0.00000	5148.76900
9.74214	0.00000	5148.76900
9.74597	0.00000	5148.76900
9.74980	0.00000	5148.76900
9.75363	0.00000	5141.29000
9.75748	0.00000	5141.29000
9.76131	0.00000	5141.29000
9.76515	0.00000	5141.29000
9.76898	0.00000	5141.29000
9.77283	0.00000	5141.29000
9.77667	0.00000	5141.29000
9.78051	0.00000	5114.30900
9.78435	0.00000	5114.30900
9.78820	0.00000	5114.30900
9.79203	0.00000	5114.30900
9.79587	0.00000	5114.30900
9.79971	0.00000	5114.30900
9.80354	0.00000	5143.78300
9.80737	0.00000	5143.78300
9.81121	0.00000	5143.78300
9.81504	0.00000	5143.78300
9.81888	0.00000	5143.78300
9.82272	0.00000	5143.78300
9.82657	0.00000	5143.78300
9.83041	0.00000	5156.25000
9.83425	0.00000	5156.25000
9.83809	0.00000	5156.25000
9.84192	0.00000	5156.25000
9.84577	0.00000	5156.25000
9.84961	0.00000	5156.25000
9.85345	0.00000	5148.76900
9.85729	0.00000	5148.76900
9.86112	0.00000	5148.76900
9.86496	0.00000	5148.76900
9.86879	0.00000	5148.76900
9.87263	0.00000	5148.76900
9.87647	0.00000	5143.78300
9.88031	0.00000	5143.78300
9.88416	0.00000	5143.78300
9.88799	0.00000	5143.78300
9.89183	0.00000	5143.78300
9.89567	0.00000	5143.78300
9.89951	0.00000	5143.78300
9.90335	0.00000	5181.18300
9.90719	0.00000	5181.18300
9.91102	0.00000	5181.18300
9.91487	0.00000	5181.18300
9.91871	0.00000	5181.18300
9.92254	0.00000	5181.18300
9.92637	0.00000	5153.75600
9.93021	0.00000	5153.75600
9.93404	0.00000	5153.75600
9.93788	0.00000	5153.75600
9.94171	0.00000	5153.75600
9.94555	0.00000	5153.75600
9.94939	0.00000	5209.17300
9.95322	0.00000	5209.17300
9.95705	0.00000	5209.17300
9.96088	0.00000	5209.17300
9.96473	0.00000	5209.17300
9.96854	0.00000	5209.17300
9.97237	0.00000	5209.17300
9.97621	0.00000	5166.22300
9.98005	0.00000	5166.22300
9.98388	0.00000	5166.22300
9.98771	0.00000	5166.22300
9.99156	0.00000	5166.22300
9.99539	0.00000	5166.22300
9.99924	0.00000	5153.75600
