Time (s)   Thrust (N)   RPM
0.00037	0.00000	5735.79500
0.00870	0.00000	5735.79500
0.01256	0.00000	5735.79500
0.01641	0.00000	5735.79500
0.02029	0.00000	5729.16600
0.02417	0.00000	5729.16600
0.02803	0.00000	5729.16600
0.03186	0.00000	5729.16600
0.03570	0.00000	5729.16600
0.03954	0.00000	5729.16600
0.04337	0.00000	5729.16600
0.04721	0.00000	5517.85700
0.05104	0.00000	5517.85700
0.05487	0.00000	5517.85700
0.05869	0.00000	5517.85700
0.06253	0.00000	5517.85700
0.06636	0.00000	5517.85700
0.07020	0.00000	5517.85700
0.07404	0.00000	5409.56400
0.07789	0.00000	5409.56400
0.08172	0.00000	5409.56400
0.08555	0.00000	5409.56400
0.08939	0.00000	5409.56400
0.09323	0.00000	5409.56400
0.09706	0.00000	5231.93300
0.10089	0.00000	5231.93300
0.10472	0.00000	5231.93300
0.10855	0.00000	5231.93300
0.11238	0.00000	5231.93300
0.11621	0.00000	5231.93300
0.12004	0.00000	5231.93300
0.12387	0.00000	5138.79600
0.12770	0.00000	5138.79600
0.13153	0.00000	5138.79600
0.13535	0.00000	5138.79600
0.13918	0.00000	5138.79600
0.14300	0.00000	5138.79600
0.14683	0.00000	5028.87200
0.15065	0.00000	5028.87200
0.15449	0.00000	5028.87200
0.15832	0.00000	5028.87200
0.16216	0.00000	5028.87200
0.16599	0.00000	5028.87200
0.16982	0.00000	5005.20800
0.17364	0.00000	5005.20800
0.17748	0.00000	5005.20800
0.18132	0.00000	5005.20800
0.18515	0.00000	5005.20800
0.18897	0.00000	5005.20800
0.19280	0.00000	4945.57500
0.19662	0.00000	4945.57500
0.20045	0.00000	4945.57500
0.20428	0.00000	4945.57500
0.20810	0.00000	4945.57500
0.21194	0.00000	4945.57500
0.21577	0.00000	4869.20600
0.21961	0.00000	4869.20600
0.22343	0.00000	4869.20600
0.22727	0.00000	4869.20600
0.23111	0.00000	4869.20600
0.23494	0.00000	4869.20600
0.23877	0.00000	4839.31100
0.24260	0.00000	4839.31100
0.24643	0.00000	4839.31100
0.25026	0.00000	4839.31100
0.25410	0.00000	4839.31100
0.25793	0.00000	4839.31100
0.26176	0.00000	4841.05600
0.26559	0.00000	4841.05600
0.26942	0.00000	4841.05600
0.27325	0.00000	4841.05600
0.27708	0.00000	4841.05600
0.28092	0.00000	4841.05600
0.28475	0.00000	4800.64700
0.28859	0.00000	4800.64700
0.29243	0.00000	4800.64700
0.29626	0.00000	4800.64700
0.30009	0.00000	4800.64700
0.30393	0.00000	4800.64700
0.30777	0.00000	4812.86300
0.31159	0.00000	4812.86300
0.31543	0.00000	4812.86300
0.31926	0.00000	4812.86300
0.32311	0.00000	4812.86300
0.32694	0.00000	4812.86300
0.33078	0.00000	4833.63900
0.33462	0.00000	4833.63900
0.33846	0.00000	4833.63900
0.34229	0.00000	4833.63900
0.34612	0.00000	4833.63900
0.34996	0.00000	4781.25000
0.35381	0.00000	4781.25000
0.35768	0.00000	4781.25000
0.36152	0.00000	4781.25000
0.36535	0.00000	4781.25000
0.36920	0.00000	4781.25000
0.37304	0.00000	4786.76400
0.37686	0.00000	4786.76400
0.38069	0.00000	4786.76400
0.38452	0.00000	4786.76400
0.38834	0.00000	4786.76400
0.39218	0.00000	4786.76400
0.39602	0.00000	4764.70600
0.39985	0.00000	4764.70600
0.40368	0.00000	4764.70600
0.40751	0.00000	4764.70600
0.41133	0.00000	4764.70600
0.41516	0.00000	4764.70600
0.41900	0.00000	4745.40400
0.42283	0.00000	4745.40400
0.42667	0.00000	4745.40400
0.43053	0.00000	4745.40400
0.43437	0.00000	4745.40400
0.43820	0.00000	4745.40400
0.44202	0.00000	4745.40400
0.44585	0.00000	4745.40400
0.44969	0.00000	4745.40400
0.45352	0.00000	4745.40400
0.45735	0.00000	4745.40400
0.46119	0.00000	4760.04500
0.46502	0.00000	4760.04500
0.46886	0.00000	4760.04500
0.47269	0.00000	4760.04500
0.47652	0.00000	4760.04500
0.48035	0.00000	4760.04500
0.48419	0.00000	4760.04500
0.48802	0.00000	4760.04500
0.49184	0.00000	4760.04500
0.49568	0.00000	4760.04500
0.49951	0.00000	4760.04500
0.50334	0.00000	4760.04500
0.50718	0.00000	4701.28600
0.51102	0.00000	4701.28600
0.51485	0.00000	4701.28600
0.51868	0.00000	4701.28600
0.52251	0.00000	4701.28600
0.52634	0.00000	4701.28600
0.53017	0.00000	4704.04400
0.53400	0.00000	4704.04400
0.53783	0.00000	4704.04400
0.54166	0.00000	4704.04400
0.54548	0.00000	4704.04400
0.54931	0.00000	4709.82100
0.55315	0.00000	4709.82100
0.55697	0.00000	4709.82100
0.56081	0.00000	4709.82100
0.56464	0.00000	4709.82100
0.56848	0.00000	4709.82100
0.57231	0.00000	4729.35200
0.57614	0.00000	4729.35200
0.57998	0.00000	4729.35200
0.58382	0.00000	4729.35200
0.58765	0.00000	4729.35200
0.59148	0.00000	4729.35200
0.59528	0.00000	4737.72300
0.59911	0.00000	4737.72300
0.60293	0.00000	4737.72300
0.60675	0.00000	4737.72300
0.61059	0.00000	4737.72300
0.61442	0.00000	4737.72300
0.61824	0.00000	4729.35200
0.62207	0.00000	4729.35200
0.62590	0.00000	4729.35200
0.62972	0.00000	4729.35200
0.63355	0.00000	4729.35200
0.63737	0.00000	4704.24100
0.64123	0.00000	4704.24100
0.64506	0.00000	4704.24100
0.64889	0.00000	4704.24100
0.65272	0.00000	4704.24100
0.65656	0.00000	4704.24100
0.66039	0.00000	4712.61200
0.66422	0.00000	4712.61200
0.66807	0.00000	4712.61200
0.67190	0.00000	4712.61200
0.67572	0.00000	4712.61200
0.67956	0.00000	4712.61200
0.68338	0.00000	4670.95500
0.68722	0.00000	4670.95500
0.69105	0.00000	4670.95500
0.69488	0.00000	4670.95500
0.69873	0.00000	4670.95500
0.70255	0.00000	4670.95500
0.70638	0.00000	4729.35200
0.71020	0.00000	4729.35200
0.71404	0.00000	4729.35200
0.71788	0.00000	4729.35200
0.72170	0.00000	4729.35200
0.72553	0.00000	4743.97500
0.72937	0.00000	4743.97500
0.73321	0.00000	4743.97500
0.73704	0.00000	4743.97500
0.74087	0.00000	4743.97500
0.74470	0.00000	4743.97500
0.74853	0.00000	4726.56200
0.75236	0.00000	4726.56200
0.75620	0.00000	4726.56200
0.76003	0.00000	4726.56200
0.76385	0.00000	4726.56200
0.76768	0.00000	4726.56200
0.77151	0.00000	4668.19800
0.77534	0.00000	4668.19800
0.77918	0.00000	4668.19800
0.78301	0.00000	4668.19800
0.78684	0.00000	4668.19800
0.79067	0.00000	4668.19800
0.79449	0.00000	4704.24100
0.79832	0.00000	4704.24100
0.80215	0.00000	4704.24100
0.80597	0.00000	4704.24100
0.80980	0.00000	4704.24100
0.81363	0.00000	4687.50000
0.81747	0.00000	4687.50000
0.82129	0.00000	4687.50000
0.82512	0.00000	4687.50000
0.82895	0.00000	4687.50000
0.83278	0.00000	4687.50000
0.83661	0.00000	4670.95500
0.84043	0.00000	4670.95500
0.84425	0.00000	4670.95500
0.84808	0.00000	4670.95500
0.85192	0.00000	4670.95500
0.85574	0.00000	4670.95500
0.85957	0.00000	4726.56200
0.86339	0.00000	4726.56200
0.86722	0.00000	4726.56200
0.87105	0.00000	4726.56200
0.87488	0.00000	4726.56200
0.87872	0.00000	4726.56200
0.88254	0.00000	4712.61200
0.88637	0.00000	4712.61200
0.89020	0.00000	4712.61200
0.89402	0.00000	4712.61200
0.89785	0.00000	4712.61200
0.90168	0.00000	4749.62300
0.90553	0.00000	4749.62300
0.90936	0.00000	4749.62300
0.91319	0.00000	4749.62300
0.91702	0.00000	4749.62300
0.92086	0.00000	4749.62300
0.92469	0.00000	4712.61200
0.92852	0.00000	4712.61200
0.93235	0.00000	4712.61200
0.93618	0.00000	4712.61200
0.94001	0.00000	4712.61200
0.94384	0.00000	4712.61200
0.94766	0.00000	4673.71300
0.95149	0.00000	4673.71300
0.95533	0.00000	4673.71300
0.95915	0.00000	4673.71300
0.96299	0.00000	4673.71300
0.96681	0.00000	4673.71300
0.97064	0.00000	4704.24100
0.97446	0.00000	4704.24100
0.97829	0.00000	4704.24100
0.98212	0.00000	4704.24100
0.98595	0.00000	4704.24100
0.98978	0.00000	4693.08000
0.99362	0.00000	4693.08000
0.99745	0.00000	4693.08000
1.00128	0.00000	4693.08000
1.00511	0.00000	4693.08000
1.00894	0.00000	4693.08000
1.01276	0.00000	4715.40200
1.01659	0.00000	4715.40200
1.02042	0.00000	4715.40200
1.02425	0.00000	4715.40200
1.02808	0.00000	4715.40200
1.03191	0.00000	4715.40200
1.03574	0.00000	4720.98200
1.03958	0.00000	4720.98200
1.04341	0.00000	4720.98200
1.04724	0.00000	4720.98200
1.05108	0.00000	4720.98200
1.05491	0.00000	4743.97500
1.05875	0.00000	4743.97500
1.06258	0.00000	4743.97500
1.06641	0.00000	4743.97500
1.07024	0.00000	4743.97500
1.07407	0.00000	4743.97500
1.07790	0.00000	4684.70900
1.08172	0.00000	4684.70900
1.08555	0.00000	4684.70900
1.08938	0.00000	4684.70900
1.09321	0.00000	4684.70900
1.09704	0.00000	4684.70900
1.10086	0.00000	4712.61200
1.10469	0.00000	4712.61200
1.10852	0.00000	4712.61200
1.11235	0.00000	4712.61200
1.11618	0.00000	4712.61200
1.12000	0.00000	4712.61200
1.12383	0.00000	4704.24100
1.12766	0.00000	4704.24100
1.13149	0.00000	4704.24100
1.13527	0.00000	4704.24100
1.13911	0.00000	4704.24100
1.14293	0.00000	4729.85700
1.14678	0.00000	4729.85700
1.15061	0.00000	4729.85700
1.15444	0.00000	4729.85700
1.15828	0.00000	4729.85700
1.16210	0.00000	4729.85700
1.16594	0.00000	4707.03100
1.16977	0.00000	4707.03100
1.17360	0.00000	4707.03100
1.17742	0.00000	4707.03100
1.18125	0.00000	4707.03100
1.18508	0.00000	4707.03100
1.18891	0.00000	4715.40200
1.19274	0.00000	4715.40200
1.19656	0.00000	4715.40200
1.20039	0.00000	4715.40200
1.20422	0.00000	4715.40200
1.20804	0.00000	4715.40200
1.21187	0.00000	4687.50000
1.21570	0.00000	4687.50000
1.21953	0.00000	4687.50000
1.22335	0.00000	4687.50000
1.22719	0.00000	4687.50000
1.23101	0.00000	4670.75900
1.23484	0.00000	4670.75900
1.23867	0.00000	4670.75900
1.24249	0.00000	4670.75900
1.24632	0.00000	4670.75900
1.25014	0.00000	4670.75900
1.25396	0.00000	4715.40200
1.25779	0.00000	4715.40200
1.26163	0.00000	4715.40200
1.26546	0.00000	4715.40200
1.26929	0.00000	4715.40200
1.27311	0.00000	4715.40200
1.27694	0.00000	4707.03100
1.28077	0.00000	4707.03100
1.28459	0.00000	4707.03100
1.28841	0.00000	4707.03100
1.29224	0.00000	4707.03100
1.29607	0.00000	4707.03100
1.29990	0.00000	4695.87000
1.30374	0.00000	4695.87000
1.30757	0.00000	4695.87000
1.31139	0.00000	4695.87000
1.31522	0.00000	4695.87000
1.31906	0.00000	4695.87000
1.32288	0.00000	4695.87000
1.32671	0.00000	4695.87000
1.33054	0.00000	4695.87000
1.33437	0.00000	4695.87000
1.33820	0.00000	4695.87000
1.34202	0.00000	4723.77200
1.34585	0.00000	4723.77200
1.34968	0.00000	4723.77200
1.35353	0.00000	4723.77200
1.35743	0.00000	4723.77200
1.36130	0.00000	4723.77200
1.36515	0.00000	4715.40200
1.36899	0.00000	4715.40200
1.37284	0.00000	4715.40200
1.37668	0.00000	4715.40200
1.38051	0.00000	4715.40200
1.38434	0.00000	4695.87000
1.38816	0.00000	4695.87000
1.39199	0.00000	4695.87000
1.39581	0.00000	4695.87000
1.39965	0.00000	4695.87000
1.40347	0.00000	4695.87000
1.40727	0.00000	4698.66000
1.41110	0.00000	4698.66000
1.41495	0.00000	4698.66000
1.41879	0.00000	4698.66000
1.42262	0.00000	4698.66000
1.42645	0.00000	4698.66000
1.43029	0.00000	4659.92600
1.43414	0.00000	4659.92600
1.43797	0.00000	4659.92600
1.44181	0.00000	4659.92600
1.44564	0.00000	4659.92600
1.44947	0.00000	4659.92600
1.45331	0.00000	4668.19800
1.45714	0.00000	4668.19800
1.46097	0.00000	4668.19800
1.46480	0.00000	4668.19800
1.46864	0.00000	4668.19800
1.47247	0.00000	4679.12900
1.47629	0.00000	4679.12900
1.48013	0.00000	4679.12900
1.48397	0.00000	4679.12900
1.48779	0.00000	4679.12900
1.49162	0.00000	4679.12900
1.49545	0.00000	4701.45100
1.49928	0.00000	4701.45100
1.50310	0.00000	4701.45100
1.50694	0.00000	4701.45100
1.51076	0.00000	4701.45100
1.51459	0.00000	4701.45100
1.51841	0.00000	4723.77200
1.52225	0.00000	4723.77200
1.52608	0.00000	4723.77200
1.52990	0.00000	4723.77200
1.53373	0.00000	4723.77200
1.53757	0.00000	4723.77200
1.54140	0.00000	4715.40200
1.54523	0.00000	4715.40200
1.54906	0.00000	4715.40200
1.55288	0.00000	4715.40200
1.55672	0.00000	4715.40200
1.56055	0.00000	4738.32800
1.56439	0.00000	4738.32800
1.56822	0.00000	4738.32800
1.57204	0.00000	4738.32800
1.57587	0.00000	4738.32800
1.57970	0.00000	4738.32800
1.58354	0.00000	4712.61200
1.58737	0.00000	4712.61200
1.59120	0.00000	4712.61200
1.59503	0.00000	4712.61200
1.59887	0.00000	4712.61200
1.60269	0.00000	4712.61200
1.60651	0.00000	4712.61200
1.61034	0.00000	4712.61200
1.61417	0.00000	4712.61200
1.61799	0.00000	4712.61200
1.62181	0.00000	4712.61200
1.62566	0.00000	4712.61200
1.62948	0.00000	4698.66000
1.63331	0.00000	4698.66000
1.63714	0.00000	4698.66000
1.64097	0.00000	4698.66000
1.64480	0.00000	4698.66000
1.64863	0.00000	4732.68100
1.65247	0.00000	4732.68100
1.65630	0.00000	4732.68100
1.66013	0.00000	4732.68100
1.66396	0.00000	4732.68100
1.66778	0.00000	4732.68100
1.67162	0.00000	4709.82100
1.67544	0.00000	4709.82100
1.67927	0.00000	4709.82100
1.68309	0.00000	4709.82100
1.68692	0.00000	4709.82100
1.69075	0.00000	4709.82100
1.69459	0.00000	4709.82100
1.69842	0.00000	4709.82100
1.70224	0.00000	4709.82100
1.70607	0.00000	4709.82100
1.70990	0.00000	4709.82100
1.71372	0.00000	4679.12900
1.71756	0.00000	4679.12900
1.72138	0.00000	4679.12900
1.72521	0.00000	4679.12900
1.72904	0.00000	4679.12900
1.73288	0.00000	4679.12900
1.73670	0.00000	4752.44700
1.74053	0.00000	4752.44700
1.74437	0.00000	4752.44700
1.74820	0.00000	4752.44700
1.75203	0.00000	4752.44700
1.75586	0.00000	4752.44700
1.75970	0.00000	4709.82100
1.76353	0.00000	4709.82100
1.76737	0.00000	4709.82100
1.77121	0.00000	4709.82100
1.77504	0.00000	4709.82100
1.77887	0.00000	4709.82100
1.78269	0.00000	4715.40200
1.78653	0.00000	4715.40200
1.79037	0.00000	4715.40200
1.79419	0.00000	4715.40200
1.79802	0.00000	4715.40200
1.80184	0.00000	4687.50000
1.80572	0.00000	4687.50000
1.80955	0.00000	4687.50000
1.81337	0.00000	4687.50000
1.81720	0.00000	4687.50000
1.82103	0.00000	4687.50000
1.82486	0.00000	4657.16900
1.82868	0.00000	4657.16900
1.83251	0.00000	4657.16900
1.83635	0.00000	4657.16900
1.84017	0.00000	4657.16900
1.84399	0.00000	4657.16900
1.84783	0.00000	4659.92600
1.85167	0.00000	4659.92600
1.85550	0.00000	4659.92600
1.85932	0.00000	4659.92600
1.86315	0.00000	4659.92600
1.86698	0.00000	4659.92600
1.87081	0.00000	4659.92600
1.87464	0.00000	4659.92600
1.87847	0.00000	4659.92600
1.88230	0.00000	4659.92600
1.88612	0.00000	4659.92600
1.88995	0.00000	4684.70900
1.89378	0.00000	4684.70900
1.89761	0.00000	4684.70900
1.90143	0.00000	4684.70900
1.90526	0.00000	4684.70900
1.90909	0.00000	4684.70900
1.91292	0.00000	4723.77200
1.91675	0.00000	4723.77200
1.92058	0.00000	4723.77200
1.92441	0.00000	4723.77200
1.92823	0.00000	4723.77200
1.93207	0.00000	4723.77200
1.93590	0.00000	4726.56200
1.93972	0.00000	4726.56200
1.94356	0.00000	4726.56200
1.94738	0.00000	4726.56200
1.95122	0.00000	4726.56200
1.95505	0.00000	4726.56200
1.95887	0.00000	4704.24100
1.96270	0.00000	4704.24100
1.96653	0.00000	4704.24100
1.97036	0.00000	4704.24100
1.97419	0.00000	4704.24100
1.97802	0.00000	4687.50000
1.98187	0.00000	4687.50000
1.98570	0.00000	4687.50000
1.98953	0.00000	4687.50000
1.99335	0.00000	4687.50000
1.99720	0.00000	4687.50000
2.00103	0.00000	4657.16900
2.00485	0.00000	4657.16900
2.00868	0.00000	4657.16900
2.01251	0.00000	4657.16900
2.01634	0.00000	4657.16900
2.02016	0.00000	4657.16900
2.02399	0.00000	4657.16900
2.02782	0.00000	4657.16900
2.03165	0.00000	4657.16900
2.03548	0.00000	4657.16900
2.03927	0.00000	4657.16900
2.04310	0.00000	4657.16900
2.04692	0.00000	4690.29000
2.05075	0.00000	4690.29000
2.05458	0.00000	4690.29000
2.05841	0.00000	4690.29000
2.06224	0.00000	4690.29000
2.06606	0.00000	4687.50000
2.06990	0.00000	4687.50000
2.07373	0.00000	4687.50000
2.07756	0.00000	4687.50000
2.08139	0.00000	4687.50000
2.08522	0.00000	4687.50000
2.08906	0.00000	4651.65400
2.09288	0.00000	4651.65400
2.09671	0.00000	4651.65400
2.10054	0.00000	4651.65400
2.10437	0.00000	4651.65400
2.10821	0.00000	4651.65400
2.11204	0.00000	4659.92600
2.11587	0.00000	4659.92600
2.11970	0.00000	4659.92600
2.12354	0.00000	4659.92600
2.12737	0.00000	4659.92600
2.13119	0.00000	4687.50000
2.13502	0.00000	4687.50000
2.13885	0.00000	4687.50000
2.14268	0.00000	4687.50000
2.14651	0.00000	4687.50000
2.15033	0.00000	4687.50000
2.15416	0.00000	4693.08000
2.15799	0.00000	4693.08000
2.16182	0.00000	4693.08000
2.16564	0.00000	4693.08000
2.16947	0.00000	4693.08000
2.17330	0.00000	4693.08000
2.17714	0.00000	4643.38200
2.18097	0.00000	4643.38200
2.18480	0.00000	4643.38200
2.18863	0.00000	4643.38200
2.19246	0.00000	4643.38200
2.19629	0.00000	4643.38200
2.20012	0.00000	4662.68300
2.20396	0.00000	4662.68300
2.20779	0.00000	4662.68300
2.21162	0.00000	4662.68300
2.21544	0.00000	4662.68300
2.21927	0.00000	4679.12900
2.22312	0.00000	4679.12900
2.22694	0.00000	4679.12900
2.23078	0.00000	4679.12900
2.23460	0.00000	4679.12900
2.23843	0.00000	4679.12900
2.24227	0.00000	4695.87000
2.24609	0.00000	4695.87000
2.24992	0.00000	4695.87000
2.25375	0.00000	4695.87000
2.25758	0.00000	4695.87000
2.26141	0.00000	4695.87000
2.26523	0.00000	4648.89700
2.26906	0.00000	4648.89700
2.27289	0.00000	4648.89700
2.27672	0.00000	4648.89700
2.28057	0.00000	4648.89700
2.28440	0.00000	4648.89700
2.28822	0.00000	4690.29000
2.29205	0.00000	4690.29000
2.29589	0.00000	4690.29000
2.29973	0.00000	4690.29000
2.30356	0.00000	4690.29000
2.30739	0.00000	4695.87000
2.31122	0.00000	4695.87000
2.31506	0.00000	4695.87000
2.31889	0.00000	4695.87000
2.32272	0.00000	4695.87000
2.32655	0.00000	4695.87000
2.33037	0.00000	4709.82100
2.33421	0.00000	4709.82100
2.33804	0.00000	4709.82100
2.34186	0.00000	4709.82100
2.34570	0.00000	4709.82100
2.34952	0.00000	4709.82100
2.35335	0.00000	4648.89700
2.35718	0.00000	4648.89700
2.36102	0.00000	4648.89700
2.36485	0.00000	4648.89700
2.36868	0.00000	4648.89700
2.37251	0.00000	4687.50000
2.37634	0.00000	4687.50000
2.38016	0.00000	4687.50000
2.38399	0.00000	4687.50000
2.38782	0.00000	4687.50000
2.39164	0.00000	4687.50000
2.39548	0.00000	4681.91900
2.39927	0.00000	4681.91900
2.40310	0.00000	4681.91900
2.40693	0.00000	4681.91900
2.41076	0.00000	4681.91900
2.41459	0.00000	4681.91900
2.41841	0.00000	4704.24100
2.42224	0.00000	4704.24100
2.42608	0.00000	4704.24100
2.42991	0.00000	4704.24100
2.43376	0.00000	4704.24100
2.43760	0.00000	4704.24100
2.44142	0.00000	4662.68300
2.44526	0.00000	4662.68300
2.44910	0.00000	4662.68300
2.45293	0.00000	4662.68300
2.45675	0.00000	4662.68300
2.46058	0.00000	4687.50000
2.46442	0.00000	4687.50000
2.46825	0.00000	4687.50000
2.47208	0.00000	4687.50000
2.47591	0.00000	4687.50000
2.47973	0.00000	4687.50000
2.48356	0.00000	4701.45100
2.48739	0.00000	4701.45100
2.49122	0.00000	4701.45100
2.49503	0.00000	4701.45100
2.49886	0.00000	4701.45100
2.50269	0.00000	4701.45100
2.50651	0.00000	4698.66000
2.51035	0.00000	4698.66000
2.51418	0.00000	4698.66000
2.51800	0.00000	4698.66000
2.52183	0.00000	4698.66000
2.52565	0.00000	4698.66000
2.52948	0.00000	4712.61200
2.53330	0.00000	4712.61200
2.53713	0.00000	4712.61200
2.54096	0.00000	4712.61200
2.54480	0.00000	4712.61200
2.54863	0.00000	4681.91900
2.55247	0.00000	4681.91900
2.55630	0.00000	4681.91900
2.56012	0.00000	4681.91900
2.56395	0.00000	4681.91900
2.56778	0.00000	4681.91900
2.57161	0.00000	4709.82100
2.57544	0.00000	4709.82100
2.57928	0.00000	4709.82100
2.58311	0.00000	4709.82100
2.58695	0.00000	4709.82100
2.59077	0.00000	4709.82100
2.59460	0.00000	4709.82100
2.59844	0.00000	4709.82100
2.60227	0.00000	4709.82100
2.60610	0.00000	4709.82100
2.60992	0.00000	4709.82100
2.61375	0.00000	4709.82100
2.61758	0.00000	4707.03100
2.62140	0.00000	4707.03100
2.62523	0.00000	4707.03100
2.62907	0.00000	4707.03100
2.63290	0.00000	4707.03100
2.63672	0.00000	4738.32800
2.64055	0.00000	4738.32800
2.64438	0.00000	4738.32800
2.64821	0.00000	4738.32800
2.65204	0.00000	4738.32800
2.65587	0.00000	4738.32800
2.65970	0.00000	4709.82100
2.66352	0.00000	4709.82100
2.66736	0.00000	4709.82100
2.67119	0.00000	4709.82100
2.67502	0.00000	4709.82100
2.67886	0.00000	4709.82100
2.68270	0.00000	4718.19200
2.68653	0.00000	4718.19200
2.69035	0.00000	4718.19200
2.69419	0.00000	4718.19200
2.69802	0.00000	4718.19200
2.70186	0.00000	4684.70900
2.70568	0.00000	4684.70900
2.70951	0.00000	4684.70900
2.71335	0.00000	4684.70900
2.71717	0.00000	4684.70900
2.72100	0.00000	4684.70900
2.72483	0.00000	4732.68100
2.72865	0.00000	4732.68100
2.73248	0.00000	4732.68100
2.73631	0.00000	4732.68100
2.74014	0.00000	4732.68100
2.74397	0.00000	4732.68100
2.74779	0.00000	4712.61200
2.75162	0.00000	4712.61200
2.75545	0.00000	4712.61200
2.75927	0.00000	4712.61200
2.76310	0.00000	4712.61200
2.76692	0.00000	4712.61200
2.77075	0.00000	4726.56200
2.77458	0.00000	4726.56200
2.77841	0.00000	4726.56200
2.78224	0.00000	4726.56200
2.78608	0.00000	4726.56200
2.78991	0.00000	4681.91900
2.79373	0.00000	4681.91900
2.79757	0.00000	4681.91900
2.80140	0.00000	4681.91900
2.80522	0.00000	4681.91900
2.80905	0.00000	4681.91900
2.81288	0.00000	4701.45100
2.81671	0.00000	4701.45100
2.82053	0.00000	4701.45100
2.82435	0.00000	4701.45100
2.82818	0.00000	4701.45100
2.83201	0.00000	4701.45100
2.83584	0.00000	4662.68300
2.83967	0.00000	4662.68300
2.84350	0.00000	4662.68300
2.84733	0.00000	4662.68300
2.85116	0.00000	4662.68300
2.85498	0.00000	4662.68300
2.85881	0.00000	4704.24100
2.86264	0.00000	4704.24100
2.86647	0.00000	4704.24100
2.87031	0.00000	4704.24100
2.87414	0.00000	4704.24100
2.87799	0.00000	4684.70900
2.88183	0.00000	4684.70900
2.88567	0.00000	4684.70900
2.88950	0.00000	4684.70900
2.89332	0.00000	4684.70900
2.89715	0.00000	4684.70900
2.90098	0.00000	4707.03100
2.90480	0.00000	4707.03100
2.90863	0.00000	4707.03100
2.91245	0.00000	4707.03100
2.91628	0.00000	4707.03100
2.92010	0.00000	4707.03100
2.92392	0.00000	4643.38200
2.92774	0.00000	4643.38200
2.93158	0.00000	4643.38200
2.93541	0.00000	4643.38200
2.93924	0.00000	4643.38200
2.94307	0.00000	4643.38200
2.94690	0.00000	4657.16900
2.95074	0.00000	4657.16900
2.95456	0.00000	4657.16900
2.95840	0.00000	4657.16900
2.96222	0.00000	4657.16900
2.96606	0.00000	4679.12900
2.96990	0.00000	4679.12900
2.97373	0.00000	4679.12900
2.97756	0.00000	4679.12900
2.98139	0.00000	4679.12900
2.98522	0.00000	4679.12900
2.98905	0.00000	4704.24100
2.99288	0.00000	4704.24100
2.99671	0.00000	4704.24100
3.00064	0.00000	4704.24100
3.00450	0.00000	4704.24100
3.00835	0.00000	4704.24100
3.01220	0.00000	4648.89700
3.01604	0.00000	4648.89700
3.01988	0.00000	4648.89700
3.02371	0.00000	4648.89700
3.02754	0.00000	4648.89700
3.03137	0.00000	4698.66000
3.03519	0.00000	4698.66000
3.03902	0.00000	4698.66000
3.04285	0.00000	4698.66000
3.04667	0.00000	4698.66000
3.05050	0.00000	4698.66000
3.05432	0.00000	4701.45100
3.05814	0.00000	4701.45100
3.06196	0.00000	4701.45100
3.06579	0.00000	4701.45100
3.06962	0.00000	4701.45100
3.07344	0.00000	4701.45100
3.07727	0.00000	4701.45100
3.08110	0.00000	4701.45100
3.08494	0.00000	4701.45100
3.08878	0.00000	4701.45100
3.09261	0.00000	4701.45100
3.09644	0.00000	4701.45100
3.10028	0.00000	4718.19200
3.10411	0.00000	4718.19200
3.10794	0.00000	4718.19200
3.11176	0.00000	4718.19200
3.11560	0.00000	4718.19200
3.11942	0.00000	4738.32800
3.12327	0.00000	4738.32800
3.12710	0.00000	4738.32800
3.13093	0.00000	4738.32800
3.13476	0.00000	4738.32800
3.13859	0.00000	4738.32800
3.14242	0.00000	4704.24100
3.14624	0.00000	4704.24100
3.15006	0.00000	4704.24100
3.15390	0.00000	4704.24100
3.15772	0.00000	4704.24100
3.16156	0.00000	4704.24100
3.16539	0.00000	4707.03100
3.16921	0.00000	4707.03100
3.17305	0.00000	4707.03100
3.17688	0.00000	4707.03100
3.18070	0.00000	4707.03100
3.18453	0.00000	4707.03100
3.18836	0.00000	4709.82100
3.19219	0.00000	4709.82100
3.19601	0.00000	4709.82100
3.19984	0.00000	4709.82100
3.20366	0.00000	4709.82100
3.20749	0.00000	4724.20900
3.21133	0.00000	4724.20900
3.21516	0.00000	4724.20900
3.21900	0.00000	4724.20900
3.22283	0.00000	4724.20900
3.22665	0.00000	4724.20900
3.23049	0.00000	4707.03100
3.23431	0.00000	4707.03100
3.23814	0.00000	4707.03100
3.24196	0.00000	4707.03100
3.24580	0.00000	4707.03100
3.24963	0.00000	4707.03100
3.25346	0.00000	4690.29000
3.25729	0.00000	4690.29000
3.26112	0.00000	4690.29000
3.26495	0.00000	4690.29000
3.26880	0.00000	4690.29000
3.27262	0.00000	4735.50400
3.27645	0.00000	4735.50400
3.28027	0.00000	4735.50400
3.28411	0.00000	4735.50400
3.28795	0.00000	4735.50400
3.29177	0.00000	4735.50400
3.29559	0.00000	4670.75900
3.29942	0.00000	4670.75900
3.30326	0.00000	4670.75900
3.30710	0.00000	4670.75900
3.31092	0.00000	4670.75900
3.31475	0.00000	4670.75900
3.31857	0.00000	4693.08000
3.32240	0.00000	4693.08000
3.32625	0.00000	4693.08000
3.33008	0.00000	4693.08000
3.33390	0.00000	4693.08000
3.33773	0.00000	4693.08000
3.34156	0.00000	4640.62500
3.34539	0.00000	4640.62500
3.34921	0.00000	4640.62500
3.35304	0.00000	4640.62500
3.35686	0.00000	4640.62500
3.36070	0.00000	4676.33900
3.36455	0.00000	4676.33900
3.36837	0.00000	4676.33900
3.37220	0.00000	4676.33900
3.37603	0.00000	4676.33900
3.37986	0.00000	4676.33900
3.38369	0.00000	4693.08000
3.38751	0.00000	4693.08000
3.39134	0.00000	4693.08000
3.39516	0.00000	4693.08000
3.39899	0.00000	4693.08000
3.40281	0.00000	4693.08000
3.40664	0.00000	4698.66000
3.41047	0.00000	4698.66000
3.41431	0.00000	4698.66000
3.41814	0.00000	4698.66000
3.42197	0.00000	4698.66000
3.42580	0.00000	4698.66000
3.42964	0.00000	4704.24100
3.43349	0.00000	4704.24100
3.43732	0.00000	4704.24100
3.44115	0.00000	4704.24100
3.44498	0.00000	4704.24100
3.44881	0.00000	4665.17800
3.45265	0.00000	4665.17800
3.45648	0.00000	4665.17800
3.46032	0.00000	4665.17800
3.46414	0.00000	4665.17800
3.46798	0.00000	4665.17800
3.47181	0.00000	4698.66000
3.47564	0.00000	4698.66000
3.47947	0.00000	4698.66000
3.48328	0.00000	4698.66000
3.48712	0.00000	4698.66000
3.49095	0.00000	4698.66000
3.49478	0.00000	4698.66000
3.49861	0.00000	4698.66000
3.50243	0.00000	4698.66000
3.50626	0.00000	4698.66000
3.51009	0.00000	4698.66000
3.51392	0.00000	4729.85700
3.51775	0.00000	4729.85700
3.52158	0.00000	4729.85700
3.52541	0.00000	4729.85700
3.52924	0.00000	4729.85700
3.53308	0.00000	4729.85700
3.53690	0.00000	4690.29000
3.54073	0.00000	4690.29000
3.54456	0.00000	4690.29000
3.54839	0.00000	4690.29000
3.55222	0.00000	4690.29000
3.55605	0.00000	4690.29000
3.55987	0.00000	4701.45100
3.56370	0.00000	4701.45100
3.56753	0.00000	4701.45100
3.57136	0.00000	4701.45100
3.57519	0.00000	4701.45100
3.57901	0.00000	4701.45100
3.58283	0.00000	4698.66000
3.58666	0.00000	4698.66000
3.59049	0.00000	4698.66000
3.59433	0.00000	4698.66000
3.59816	0.00000	4698.66000
3.60200	0.00000	4727.03300
3.60584	0.00000	4727.03300
3.60968	0.00000	4727.03300
3.61352	0.00000	4727.03300
3.61734	0.00000	4727.03300
3.62117	0.00000	4727.03300
3.62500	0.00000	4712.61200
3.62882	0.00000	4712.61200
3.63266	0.00000	4712.61200
3.63648	0.00000	4712.61200
3.64030	0.00000	4712.61200
3.64413	0.00000	4712.61200
3.64795	0.00000	4704.24100
3.65180	0.00000	4704.24100
3.65562	0.00000	4704.24100
3.65944	0.00000	4704.24100
3.66327	0.00000	4704.24100
3.66710	0.00000	4704.24100
3.67092	0.00000	4690.29000
3.67476	0.00000	4690.29000
3.67859	0.00000	4690.29000
3.68242	0.00000	4690.29000
3.68625	0.00000	4690.29000
3.69009	0.00000	4684.70900
3.69392	0.00000	4684.70900
3.69775	0.00000	4684.70900
3.70159	0.00000	4684.70900
3.70542	0.00000	4684.70900
3.70924	0.00000	4684.70900
3.71307	0.00000	4709.82100
3.71690	0.00000	4709.82100
3.72072	0.00000	4709.82100
3.72454	0.00000	4709.82100
3.72837	0.00000	4709.82100
3.73221	0.00000	4709.82100
3.73605	0.00000	4701.45100
3.73987	0.00000	4701.45100
3.74370	0.00000	4701.45100
3.74753	0.00000	4701.45100
3.75135	0.00000	4701.45100
3.75518	0.00000	4701.45100
3.75899	0.00000	4690.29000
3.76281	0.00000	4690.29000
3.76664	0.00000	4690.29000
3.77047	0.00000	4690.29000
3.77430	0.00000	4690.29000
3.77813	0.00000	4684.70900
3.78196	0.00000	4684.70900
3.78580	0.00000	4684.70900
3.78962	0.00000	4684.70900
3.79344	0.00000	4684.70900
3.79727	0.00000	4684.70900
3.80109	0.00000	4695.87000
3.80493	0.00000	4695.87000
3.80876	0.00000	4695.87000
3.81258	0.00000	4695.87000
3.81640	0.00000	4695.87000
3.82023	0.00000	4695.87000
3.82406	0.00000	4701.45100
3.82788	0.00000	4701.45100
3.83171	0.00000	4701.45100
3.83554	0.00000	4701.45100
3.83936	0.00000	4701.45100
3.84320	0.00000	4673.54900
3.84702	0.00000	4673.54900
3.85085	0.00000	4673.54900
3.85467	0.00000	4673.54900
3.85850	0.00000	4673.54900
3.86234	0.00000	4673.54900
3.86617	0.00000	4693.08000
3.87000	0.00000	4693.08000
3.87383	0.00000	4693.08000
3.87766	0.00000	4693.08000
3.88150	0.00000	4693.08000
3.88532	0.00000	4693.08000
3.88915	0.00000	4715.40200
3.89297	0.00000	4715.40200
3.89680	0.00000	4715.40200
3.90064	0.00000	4715.40200
3.90447	0.00000	4715.40200
3.90830	0.00000	4715.40200
3.91213	0.00000	4707.03100
3.91596	0.00000	4707.03100
3.91980	0.00000	4707.03100
3.92362	0.00000	4707.03100
3.92744	0.00000	4707.03100
3.93127	0.00000	4679.12900
3.93512	0.00000	4679.12900
3.93896	0.00000	4679.12900
3.94278	0.00000	4679.12900
3.94661	0.00000	4679.12900
3.95043	0.00000	4679.12900
3.95427	0.00000	4704.24100
3.95811	0.00000	4704.24100
3.96193	0.00000	4704.24100
3.96576	0.00000	4704.24100
3.96959	0.00000	4704.24100
3.97341	0.00000	4704.24100
3.97724	0.00000	4712.61200
3.98106	0.00000	4712.61200
3.98489	0.00000	4712.61200
3.98871	0.00000	4712.61200
3.99254	0.00000	4712.61200
3.99637	0.00000	4712.61200
4.00018	0.00000	4693.08000
4.00401	0.00000	4693.08000
4.00784	0.00000	4693.08000
4.01170	0.00000	4693.08000
4.01554	0.00000	4693.08000
4.01937	0.00000	4690.29000
4.02320	0.00000	4690.29000
4.02702	0.00000	4690.29000
4.03085	0.00000	4690.29000
4.03470	0.00000	4690.29000
4.03852	0.00000	4690.29000
4.04235	0.00000	4712.61200
4.04618	0.00000	4712.61200
4.05001	0.00000	4712.61200
4.05385	0.00000	4712.61200
4.05768	0.00000	4712.61200
4.06151	0.00000	4712.61200
4.06533	0.00000	4720.98200
4.06916	0.00000	4720.98200
4.07299	0.00000	4720.98200
4.07681	0.00000	4720.98200
4.08064	0.00000	4720.98200
4.08447	0.00000	4720.98200
4.08829	0.00000	4684.70900
4.09215	0.00000	4684.70900
4.09598	0.00000	4684.70900
4.09981	0.00000	4684.70900
4.10364	0.00000	4684.70900
4.10747	0.00000	4749.62300
4.11128	0.00000	4749.62300
4.11510	0.00000	4749.62300
4.11893	0.00000	4749.62300
4.12276	0.00000	4749.62300
4.12659	0.00000	4749.62300
4.13041	0.00000	4693.08000
4.13425	0.00000	4693.08000
4.13808	0.00000	4693.08000
4.14190	0.00000	4693.08000
4.14574	0.00000	4693.08000
4.14956	0.00000	4693.08000
4.15340	0.00000	4707.03100
4.15722	0.00000	4707.03100
4.16105	0.00000	4707.03100
4.16488	0.00000	4707.03100
4.16871	0.00000	4707.03100
4.17254	0.00000	4741.15200
4.17636	0.00000	4741.15200
4.18019	0.00000	4741.15200
4.18401	0.00000	4741.15200
4.18784	0.00000	4741.15200
4.19167	0.00000	4741.15200
4.19550	0.00000	4690.29000
4.19933	0.00000	4690.29000
4.20317	0.00000	4690.29000
4.20700	0.00000	4690.29000
4.21081	0.00000	4690.29000
4.21464	0.00000	4690.29000
4.21847	0.00000	4709.82100
4.22230	0.00000	4709.82100
4.22614	0.00000	4709.82100
4.22997	0.00000	4709.82100
4.23380	0.00000	4709.82100
4.23763	0.00000	4709.82100
4.24146	0.00000	4712.61200
4.24528	0.00000	4712.61200
4.24911	0.00000	4712.61200
4.25294	0.00000	4712.61200
4.25677	0.00000	4712.61200
4.26059	0.00000	4684.70900
4.26444	0.00000	4684.70900
4.26827	0.00000	4684.70900
4.27210	0.00000	4684.70900
4.27592	0.00000	4684.70900
4.27975	0.00000	4684.70900
4.28358	0.00000	4668.19800
4.28741	0.00000	4668.19800
4.29123	0.00000	4668.19800
4.29508	0.00000	4668.19800
4.29891	0.00000	4668.19800
4.30276	0.00000	4668.19800
4.30666	0.00000	4665.44100
4.31053	0.00000	4665.44100
4.31437	0.00000	4665.44100
4.31820	0.00000	4665.44100
4.32203	0.00000	4665.44100
4.32586	0.00000	4665.44100
4.32969	0.00000	4707.03100
4.33352	0.00000	4707.03100
4.33735	0.00000	4707.03100
4.34120	0.00000	4707.03100
4.34503	0.00000	4707.03100
4.34886	0.00000	4679.12900
4.35270	0.00000	4679.12900
4.35656	0.00000	4679.12900
4.36039	0.00000	4679.12900
4.36422	0.00000	4679.12900
4.36806	0.00000	4679.12900
4.37189	0.00000	4715.40200
4.37572	0.00000	4715.40200
4.37955	0.00000	4715.40200
4.38339	0.00000	4715.40200
4.38722	0.00000	4715.40200
4.39109	0.00000	4715.40200
4.39493	0.00000	4720.98200
4.39877	0.00000	4720.98200
4.40261	0.00000	4720.98200
4.40644	0.00000	4720.98200
4.41027	0.00000	4720.98200
4.41411	0.00000	4741.15200
4.41797	0.00000	4741.15200
4.42180	0.00000	4741.15200
4.42562	0.00000	4741.15200
4.42947	0.00000	4741.15200
4.43331	0.00000	4741.15200
4.43716	0.00000	4698.66000
4.44100	0.00000	4698.66000
4.44483	0.00000	4698.66000
4.44866	0.00000	4698.66000
4.45249	0.00000	4698.66000
4.45632	0.00000	4698.66000
4.46015	0.00000	4720.98200
4.46399	0.00000	4720.98200
4.46782	0.00000	4720.98200
4.47165	0.00000	4720.98200
4.47548	0.00000	4720.98200
4.47928	0.00000	4720.98200
4.48310	0.00000	4729.35200
4.48693	0.00000	4729.35200
4.49076	0.00000	4729.35200
4.49458	0.00000	4729.35200
4.49841	0.00000	4729.35200
4.50224	0.00000	4690.29000
4.50609	0.00000	4690.29000
4.50992	0.00000	4690.29000
4.51376	0.00000	4690.29000
4.51760	0.00000	4690.29000
4.52143	0.00000	4690.29000
4.52526	0.00000	4701.45100
4.52909	0.00000	4701.45100
4.53292	0.00000	4701.45100
4.53675	0.00000	4701.45100
4.54058	0.00000	4701.45100
4.54441	0.00000	4701.45100
4.54826	0.00000	4665.44100
4.55209	0.00000	4665.44100
4.55592	0.00000	4665.44100
4.55975	0.00000	4665.44100
4.56358	0.00000	4665.44100
4.56741	0.00000	4665.44100
4.57124	0.00000	4651.65400
4.57508	0.00000	4651.65400
4.57891	0.00000	4651.65400
4.58273	0.00000	4651.65400
4.58657	0.00000	4651.65400
4.59040	0.00000	4690.29000
4.59423	0.00000	4690.29000
4.59806	0.00000	4690.29000
4.60189	0.00000	4690.29000
4.60573	0.00000	4690.29000
4.60957	0.00000	4690.29000
4.61339	0.00000	4712.61200
4.61722	0.00000	4712.61200
4.62105	0.00000	4712.61200
4.62488	0.00000	4712.61200
4.62871	0.00000	4712.61200
4.63255	0.00000	4712.61200
4.63638	0.00000	4729.35200
4.64021	0.00000	4729.35200
4.64403	0.00000	4729.35200
4.64786	0.00000	4729.35200
4.65169	0.00000	4729.35200
4.65553	0.00000	4729.35200
4.65935	0.00000	4718.19200
4.66318	0.00000	4718.19200
4.66701	0.00000	4718.19200
4.67085	0.00000	4718.19200
4.67467	0.00000	4718.19200
4.67850	0.00000	4687.50000
4.68233	0.00000	4687.50000
4.68616	0.00000	4687.50000
4.68999	0.00000	4687.50000
4.69381	0.00000	4687.50000
4.69765	0.00000	4687.50000
4.70147	0.00000	4668.19800
4.70531	0.00000	4668.19800
4.70915	0.00000	4668.19800
4.71299	0.00000	4668.19800
4.71681	0.00000	4668.19800
4.72064	0.00000	4668.19800
4.72447	0.00000	4670.95500
4.72833	0.00000	4670.95500
4.73217	0.00000	4670.95500
4.73600	0.00000	4670.95500
4.73983	0.00000	4670.95500
4.74366	0.00000	4684.70900
4.74748	0.00000	4684.70900
4.75127	0.00000	4684.70900
4.75510	0.00000	4684.70900
4.75893	0.00000	4684.70900
4.76277	0.00000	4684.70900
4.76660	0.00000	4693.08000
4.77043	0.00000	4693.08000
4.77426	0.00000	4693.08000
4.77809	0.00000	4693.08000
4.78193	0.00000	4693.08000
4.78576	0.00000	4693.08000
4.78959	0.00000	4723.77200
4.79342	0.00000	4723.77200
4.79725	0.00000	4723.77200
4.80111	0.00000	4723.77200
4.80494	0.00000	4723.77200
4.80878	0.00000	4723.77200
4.81260	0.00000	4723.77200
4.81642	0.00000	4723.77200
4.82027	0.00000	4723.77200
4.82409	0.00000	4723.77200
4.82793	0.00000	4723.77200
4.83175	0.00000	4738.32800
4.83557	0.00000	4738.32800
4.83940	0.00000	4738.32800
4.84323	0.00000	4738.32800
4.84706	0.00000	4738.32800
4.85090	0.00000	4738.32800
4.85473	0.00000	4695.87000
4.85856	0.00000	4695.87000
4.86239	0.00000	4695.87000
4.86622	0.00000	4695.87000
4.87005	0.00000	4695.87000
4.87389	0.00000	4695.87000
4.87772	0.00000	4720.98200
4.88155	0.00000	4720.98200
4.88538	0.00000	4720.98200
4.88922	0.00000	4720.98200
4.89305	0.00000	4720.98200
4.89688	0.00000	4720.98200
4.90071	0.00000	4729.35200
4.90454	0.00000	4729.35200
4.90838	0.00000	4729.35200
4.91221	0.00000	4729.35200
4.91604	0.00000	4729.35200
4.91987	0.00000	4695.87000
4.92370	0.00000	4695.87000
4.92753	0.00000	4695.87000
4.93137	0.00000	4695.87000
4.93520	0.00000	4695.87000
4.93903	0.00000	4695.87000
4.94286	0.00000	4726.56200
4.94670	0.00000	4726.56200
4.95052	0.00000	4726.56200
4.95435	0.00000	4726.56200
4.95817	0.00000	4726.56200
4.96201	0.00000	4726.56200
4.96584	0.00000	4726.56200
4.96968	0.00000	4726.56200
4.97350	0.00000	4726.56200
4.97734	0.00000	4726.56200
4.98117	0.00000	4726.56200
4.98499	0.00000	4726.56200
4.98882	0.00000	4715.40200
4.99266	0.00000	4715.40200
4.99649	0.00000	4715.40200
5.00081	0.00000	4715.40200
5.00468	0.00000	4715.40200
5.00854	0.00000	4704.24100
5.01239	0.00000	4704.24100
5.01626	0.00000	4704.24100
5.02010	0.00000	4704.24100
5.02395	0.00000	4704.24100
5.02779	0.00000	4704.24100
5.03168	0.00000	4882.37300
5.03555	0.00000	4882.37300
5.03938	0.00000	4882.37300
5.04322	0.00000	4882.37300
5.04707	0.00000	4882.37300
5.05090	0.00000	4882.37300
5.05475	0.00000	4882.37300
5.05859	0.00000	5214.23900
5.06242	0.00000	5214.23900
5.06626	0.00000	5214.23900
5.07010	0.00000	5214.23900
5.07393	0.00000	5214.23900
5.07777	0.00000	5214.23900
5.08160	0.00000	5214.23900
5.08544	0.00000	5526.19500
5.08929	0.00000	5526.19500
5.09313	0.00000	5526.19500
5.09697	0.00000	5526.19500
5.10081	0.00000	5526.19500
5.10468	0.00000	5526.19500
5.10853	0.00000	5526.19500
5.11237	0.00000	5651.28500
5.11623	0.00000	5651.28500
5.12006	0.00000	5651.28500
5.12390	0.00000	5651.28500
5.12774	0.00000	5651.28500
5.13159	0.00000	5651.28500
5.13542	0.00000	5651.28500
5.13926	0.00000	5730.57400
5.14310	0.00000	5730.57400
5.14695	0.00000	5730.57400
5.15079	0.00000	5730.57400
5.15463	0.00000	5730.57400
5.15847	0.00000	5730.57400
5.16231	0.00000	5730.57400
5.16615	0.00000	5730.57400
5.17000	0.00000	5809.59600
5.17385	0.00000	5809.59600
5.17769	0.00000	5809.59600
5.18153	0.00000	5809.59600
5.18538	0.00000	5809.59600
5.18924	0.00000	5809.59600
5.19309	0.00000	5809.59600
5.19693	0.00000	5809.59600
5.20078	0.00000	5836.95600
5.20463	0.00000	5836.95600
5.20846	0.00000	5836.95600
5.21231	0.00000	5836.95600
5.21615	0.00000	5836.95600
5.21999	0.00000	5836.95600
5.22383	0.00000	5836.95600
5.22767	0.00000	5836.95600
5.23151	0.00000	5843.21100
5.23535	0.00000	5843.21100
5.23919	0.00000	5843.21100
5.24303	0.00000	5843.21100
5.24687	0.00000	5843.21100
5.25071	0.00000	5843.21100
5.25454	0.00000	5843.21100
5.25838	0.00000	5847.25200
5.26220	0.00000	5847.25200
5.26606	0.00000	5847.25200
5.26992	0.00000	5847.25200
5.27376	0.00000	5847.25200
5.27761	0.00000	5847.25200
5.28145	0.00000	5847.25200
5.28530	0.00000	5847.25200
5.28913	0.00000	5869.47700
5.29300	0.00000	5869.47700
5.29686	0.00000	5869.47700
5.30071	0.00000	5869.47700
5.30456	0.00000	5869.47700
5.30840	0.00000	5869.47700
5.31225	0.00000	5869.47700
5.31609	0.00000	5869.47700
5.31993	0.00000	5913.92800
5.32377	0.00000	5913.92800
5.32760	0.00000	5913.92800
5.33144	0.00000	5913.92800
5.33528	0.00000	5913.92800
5.33912	0.00000	5913.92800
5.34296	0.00000	5913.92800
5.34680	0.00000	5913.92800
5.35064	0.00000	5922.00900
5.35448	0.00000	5922.00900
5.35832	0.00000	5922.00900
5.36217	0.00000	5922.00900
5.36602	0.00000	5922.00900
5.36986	0.00000	5922.00900
5.37370	0.00000	5922.00900
5.37755	0.00000	5922.00900
5.38138	0.00000	5871.39400
5.38522	0.00000	5871.39400
5.38908	0.00000	5871.39400
5.39292	0.00000	5871.39400
5.39675	0.00000	5871.39400
5.40059	0.00000	5871.39400
5.40442	0.00000	5871.39400
5.40826	0.00000	5871.39400
5.41210	0.00000	5875.40100
5.41594	0.00000	5875.40100
5.41979	0.00000	5875.40100
5.42362	0.00000	5875.40100
5.42746	0.00000	5875.40100
5.43128	0.00000	5875.40100
5.43514	0.00000	5875.40100
5.43899	0.00000	5875.40100
5.44283	0.00000	5930.09100
5.44668	0.00000	5930.09100
5.45052	0.00000	5930.09100
5.45436	0.00000	5930.09100
5.45821	0.00000	5930.09100
5.46206	0.00000	5930.09100
5.46590	0.00000	5930.09100
5.46975	0.00000	5930.09100
5.47358	0.00000	5924.03000
5.47741	0.00000	5924.03000
5.48126	0.00000	5924.03000
5.48510	0.00000	5924.03000
5.48893	0.00000	5924.03000
5.49277	0.00000	5924.03000
5.49661	0.00000	5924.03000
5.50046	0.00000	5897.76400
5.50430	0.00000	5897.76400
5.50815	0.00000	5897.76400
5.51199	0.00000	5897.76400
5.51584	0.00000	5897.76400
5.51968	0.00000	5897.76400
5.52353	0.00000	5897.76400
5.52738	0.00000	5897.76400
5.53122	0.00000	5924.03000
5.53509	0.00000	5924.03000
5.53893	0.00000	5924.03000
5.54277	0.00000	5924.03000
5.54661	0.00000	5924.03000
5.55045	0.00000	5924.03000
5.55429	0.00000	5924.03000
5.55813	0.00000	5924.03000
5.56198	0.00000	5883.41300
5.56581	0.00000	5883.41300
5.56966	0.00000	5883.41300
5.57350	0.00000	5883.41300
5.57736	0.00000	5883.41300
5.58120	0.00000	5883.41300
5.58505	0.00000	5883.41300
5.58889	0.00000	5883.41300
5.59274	0.00000	5889.42300
5.59657	0.00000	5889.42300
5.60042	0.00000	5889.42300
5.60427	0.00000	5889.42300
5.60810	0.00000	5889.42300
5.61194	0.00000	5889.42300
5.61579	0.00000	5889.42300
5.61966	0.00000	5889.42300
5.62350	0.00000	5887.42000
5.62735	0.00000	5887.42000
5.63119	0.00000	5887.42000
5.63503	0.00000	5887.42000
5.63889	0.00000	5887.42000
5.64273	0.00000	5887.42000
5.64657	0.00000	5887.42000
5.65042	0.00000	5887.42000
5.65428	0.00000	5889.42300
5.65812	0.00000	5889.42300
5.66196	0.00000	5889.42300
5.66579	0.00000	5889.42300
5.66964	0.00000	5889.42300
5.67348	0.00000	5889.42300
5.67731	0.00000	5889.42300
5.68116	0.00000	5889.42300
5.68500	0.00000	5889.42300
5.68884	0.00000	5889.42300
5.69268	0.00000	5889.42300
5.69653	0.00000	5889.42300
5.70036	0.00000	5889.42300
5.70420	0.00000	5889.42300
5.70804	0.00000	5889.42300
5.71189	0.00000	5889.42300
5.71573	0.00000	5887.42000
5.71957	0.00000	5887.42000
5.72342	0.00000	5887.42000
5.72726	0.00000	5887.42000
5.73110	0.00000	5887.42000
5.73494	0.00000	5887.42000
5.73878	0.00000	5887.42000
5.74261	0.00000	5913.92800
5.74643	0.00000	5913.92800
5.75027	0.00000	5913.92800
5.75412	0.00000	5913.92800
5.75797	0.00000	5913.92800
5.76181	0.00000	5913.92800
5.76565	0.00000	5913.92800
5.76948	0.00000	5913.92800
5.77333	0.00000	5911.90700
5.77721	0.00000	5911.90700
5.78105	0.00000	5911.90700
5.78489	0.00000	5911.90700
5.78873	0.00000	5911.90700
5.79256	0.00000	5911.90700
5.79641	0.00000	5911.90700
5.80025	0.00000	5911.90700
5.80408	0.00000	5899.43900
5.80792	0.00000	5899.43900
5.81176	0.00000	5899.43900
5.81559	0.00000	5899.43900
5.81944	0.00000	5899.43900
5.82327	0.00000	5899.43900
5.82711	0.00000	5899.43900
5.83096	0.00000	5899.43900
5.83479	0.00000	5897.43600
5.83863	0.00000	5897.43600
5.84249	0.00000	5897.43600
5.84634	0.00000	5897.43600
5.85018	0.00000	5897.43600
5.85401	0.00000	5897.43600
5.85785	0.00000	5897.43600
5.86169	0.00000	5897.43600
5.86554	0.00000	5893.42900
5.86937	0.00000	5893.42900
5.87320	0.00000	5893.42900
5.87705	0.00000	5893.42900
5.88088	0.00000	5893.42900
5.88472	0.00000	5893.42900
5.88856	0.00000	5893.42900
5.89241	0.00000	5893.42900
5.89625	0.00000	5897.43600
5.90009	0.00000	5897.43600
5.90394	0.00000	5897.43600
5.90779	0.00000	5897.43600
5.91163	0.00000	5897.43600
5.91548	0.00000	5897.43600
5.91927	0.00000	5897.43600
5.92311	0.00000	5897.43600
5.92694	0.00000	5895.43200
5.93078	0.00000	5895.43200
5.93461	0.00000	5895.43200
5.93845	0.00000	5895.43200
5.94229	0.00000	5895.43200
5.94614	0.00000	5895.43200
5.94998	0.00000	5895.43200
5.95382	0.00000	5895.43200
5.95766	0.00000	5893.42900
5.96150	0.00000	5893.42900
5.96534	0.00000	5893.42900
5.96918	0.00000	5893.42900
5.97303	0.00000	5893.42900
5.97687	0.00000	5893.42900
5.98072	0.00000	5893.42900
5.98456	0.00000	5893.42900
5.98841	0.00000	5895.43200
5.99225	0.00000	5895.43200
5.99608	0.00000	5895.43200
5.99992	0.00000	5895.43200
6.00375	0.00000	5895.43200
6.00759	0.00000	5895.43200
6.01142	0.00000	5895.43200
6.01526	0.00000	5895.43200
6.01910	0.00000	5883.41300
6.02295	0.00000	5883.41300
6.02678	0.00000	5883.41300
6.03062	0.00000	5883.41300
6.03446	0.00000	5883.41300
6.03830	0.00000	5883.41300
6.04215	0.00000	5883.41300
6.04599	0.00000	5917.96900
6.04984	0.00000	5917.96900
6.05368	0.00000	5917.96900
6.05752	0.00000	5917.96900
6.06136	0.00000	5917.96900
6.06520	0.00000	5917.96900
6.06904	0.00000	5917.96900
6.07288	0.00000	5917.96900
6.07671	0.00000	5930.09100
6.08057	0.00000	5930.09100
6.08441	0.00000	5930.09100
6.08826	0.00000	5930.09100
6.09209	0.00000	5930.09100
6.09594	0.00000	5930.09100
6.09977	0.00000	5930.09100
6.10363	0.00000	5930.09100
6.10746	0.00000	5897.43600
6.11127	0.00000	5897.43600
6.11512	0.00000	5897.43600
6.11897	0.00000	5897.43600
6.12281	0.00000	5897.43600
6.12665	0.00000	5897.43600
6.13050	0.00000	5897.43600
6.13435	0.00000	5897.43600
6.13818	0.00000	5946.25500
6.14202	0.00000	5946.25500
6.14585	0.00000	5946.25500
6.14968	0.00000	5946.25500
6.15352	0.00000	5946.25500
6.15736	0.00000	5946.25500
6.16120	0.00000	5946.25500
6.16504	0.00000	5946.25500
6.16889	0.00000	5893.42900
6.17273	0.00000	5893.42900
6.17658	0.00000	5893.42900
6.18043	0.00000	5893.42900
6.18427	0.00000	5893.42900
6.18812	0.00000	5893.42900
6.19197	0.00000	5893.42900
6.19580	0.00000	5893.42900
6.19964	0.00000	5899.43900
6.20347	0.00000	5899.43900
6.20727	0.00000	5899.43900
6.21111	0.00000	5899.43900
6.21495	0.00000	5899.43900
6.21879	0.00000	5899.43900
6.22264	0.00000	5899.43900
6.22648	0.00000	5899.43900
6.23032	0.00000	5897.43600
6.23416	0.00000	5897.43600
6.23799	0.00000	5897.43600
6.24184	0.00000	5897.43600
6.24568	0.00000	5897.43600
6.24953	0.00000	5897.43600
6.25337	0.00000	5897.43600
6.25721	0.00000	5897.43600
6.26104	0.00000	5891.42600
6.26488	0.00000	5891.42600
6.26872	0.00000	5891.42600
6.27257	0.00000	5891.42600
6.27640	0.00000	5891.42600
6.28023	0.00000	5891.42600
6.28409	0.00000	5891.42600
6.28792	0.00000	5891.42600
6.29177	0.00000	5899.43900
6.29562	0.00000	5899.43900
6.29946	0.00000	5899.43900
6.30327	0.00000	5899.43900
6.30712	0.00000	5899.43900
6.31095	0.00000	5899.43900
6.31481	0.00000	5899.43900
6.31865	0.00000	5915.94800
6.32250	0.00000	5915.94800
6.32634	0.00000	5915.94800
6.33018	0.00000	5915.94800
6.33402	0.00000	5915.94800
6.33786	0.00000	5915.94800
6.34169	0.00000	5915.94800
6.34553	0.00000	5915.94800
6.34937	0.00000	5917.96900
6.35328	0.00000	5917.96900
6.35713	0.00000	5917.96900
6.36098	0.00000	5917.96900
6.36483	0.00000	5917.96900
6.36869	0.00000	5917.96900
6.37253	0.00000	5917.96900
6.37638	0.00000	5917.96900
6.38023	0.00000	5889.42300
6.38407	0.00000	5889.42300
6.38790	0.00000	5889.42300
6.39174	0.00000	5889.42300
6.39559	0.00000	5889.42300
6.39943	0.00000	5889.42300
6.40326	0.00000	5889.42300
6.40711	0.00000	5889.42300
6.41094	0.00000	5891.42600
6.41479	0.00000	5891.42600
6.41863	0.00000	5891.42600
6.42246	0.00000	5891.42600
6.42631	0.00000	5891.42600
6.43015	0.00000	5891.42600
6.43400	0.00000	5891.42600
6.43786	0.00000	5891.42600
6.44171	0.00000	5899.43900
6.44557	0.00000	5899.43900
6.44941	0.00000	5899.43900
6.45326	0.00000	5899.43900
6.45710	0.00000	5899.43900
6.46094	0.00000	5899.43900
6.46477	0.00000	5899.43900
6.46860	0.00000	5899.43900
6.47244	0.00000	5895.43200
6.47629	0.00000	5895.43200
6.48013	0.00000	5895.43200
6.48396	0.00000	5895.43200
6.48780	0.00000	5895.43200
6.49165	0.00000	5895.43200
6.49549	0.00000	5895.43200
6.49933	0.00000	5895.43200
6.50318	0.00000	5901.44200
6.50703	0.00000	5901.44200
6.51086	0.00000	5901.44200
6.51470	0.00000	5901.44200
6.51854	0.00000	5901.44200
6.52237	0.00000	5901.44200
6.52622	0.00000	5901.44200
6.53006	0.00000	5901.44200
6.53389	0.00000	5901.44200
6.53774	0.00000	5901.44200
6.54157	0.00000	5901.44200
6.54541	0.00000	5901.44200
6.54924	0.00000	5901.44200
6.55309	0.00000	5901.44200
6.55693	0.00000	5901.44200
6.56077	0.00000	5901.44200
6.56460	0.00000	5895.43200
6.56846	0.00000	5895.43200
6.57230	0.00000	5895.43200
6.57614	0.00000	5895.43200
6.57997	0.00000	5895.43200
6.58382	0.00000	5895.43200
6.58766	0.00000	5895.43200
6.59150	0.00000	5895.43200
6.59532	0.00000	5928.07100
6.59916	0.00000	5928.07100
6.60300	0.00000	5928.07100
6.60684	0.00000	5928.07100
6.61068	0.00000	5928.07100
6.61451	0.00000	5928.07100
6.61836	0.00000	5928.07100
6.62220	0.00000	5909.88600
6.62606	0.00000	5909.88600
6.62991	0.00000	5909.88600
6.63375	0.00000	5909.88600
6.63760	0.00000	5909.88600
6.64144	0.00000	5909.88600
6.64527	0.00000	5909.88600
6.64911	0.00000	5909.88600
6.65295	0.00000	5889.42300
6.65678	0.00000	5889.42300
6.66062	0.00000	5889.42300
6.66446	0.00000	5889.42300
6.66830	0.00000	5889.42300
6.67215	0.00000	5889.42300
6.67599	0.00000	5889.42300
6.67984	0.00000	5889.42300
6.68367	0.00000	5895.43200
6.68752	0.00000	5895.43200
6.69136	0.00000	5895.43200
6.69521	0.00000	5895.43200
6.69904	0.00000	5895.43200
6.70288	0.00000	5895.43200
6.70673	0.00000	5895.43200
6.71057	0.00000	5895.43200
6.71442	0.00000	5895.43200
6.71827	0.00000	5895.43200
6.72211	0.00000	5895.43200
6.72595	0.00000	5895.43200
6.72979	0.00000	5895.43200
6.73364	0.00000	5895.43200
6.73748	0.00000	5895.43200
6.74132	0.00000	5895.43200
6.74516	0.00000	5901.44200
6.74902	0.00000	5901.44200
6.75286	0.00000	5901.44200
6.75671	0.00000	5901.44200
6.76055	0.00000	5901.44200
6.76439	0.00000	5901.44200
6.76823	0.00000	5901.44200
6.77208	0.00000	5901.44200
6.77591	0.00000	5895.43200
6.77976	0.00000	5895.43200
6.78361	0.00000	5895.43200
6.78745	0.00000	5895.43200
6.79128	0.00000	5895.43200
6.79513	0.00000	5895.43200
6.79897	0.00000	5895.43200
6.80282	0.00000	5895.43200
6.80665	0.00000	5891.42600
6.81050	0.00000	5891.42600
6.81434	0.00000	5891.42600
6.81819	0.00000	5891.42600
6.82203	0.00000	5891.42600
6.82588	0.00000	5891.42600
6.82972	0.00000	5891.42600
6.83357	0.00000	5891.42600
6.83740	0.00000	5893.42900
6.84124	0.00000	5893.42900
6.84507	0.00000	5893.42900
6.84891	0.00000	5893.42900
6.85274	0.00000	5893.42900
6.85657	0.00000	5893.42900
6.86042	0.00000	5893.42900
6.86425	0.00000	5893.42900
6.86808	0.00000	5879.40700
6.87192	0.00000	5879.40700
6.87575	0.00000	5879.40700
6.87960	0.00000	5879.40700
6.88343	0.00000	5879.40700
6.88727	0.00000	5879.40700
6.89110	0.00000	5879.40700
6.89494	0.00000	5917.96900
6.89879	0.00000	5917.96900
6.90263	0.00000	5917.96900
6.90646	0.00000	5917.96900
6.91031	0.00000	5917.96900
6.91415	0.00000	5917.96900
6.91799	0.00000	5917.96900
6.92183	0.00000	5917.96900
6.92566	0.00000	5928.07100
6.92952	0.00000	5928.07100
6.93336	0.00000	5928.07100
6.93719	0.00000	5928.07100
6.94103	0.00000	5928.07100
6.94487	0.00000	5928.07100
6.94871	0.00000	5928.07100
6.95255	0.00000	5928.07100
6.95640	0.00000	5895.43200
6.96024	0.00000	5895.43200
6.96409	0.00000	5895.43200
6.96794	0.00000	5895.43200
6.97178	0.00000	5895.43200
6.97562	0.00000	5895.43200
6.97945	0.00000	5895.43200
6.98327	0.00000	5895.43200
6.98710	0.00000	5940.19400
6.99094	0.00000	5940.19400
6.99478	0.00000	5940.19400
6.99861	0.00000	5940.19400
7.00247	0.00000	5940.19400
7.00634	0.00000	5940.19400
7.01019	0.00000	5940.19400
7.01402	0.00000	5940.19400
7.01787	0.00000	5889.42300
7.02172	0.00000	5889.42300
7.02556	0.00000	5889.42300
7.02941	0.00000	5889.42300
7.03326	0.00000	5889.42300
7.03710	0.00000	5889.42300
7.04095	0.00000	5889.42300
7.04479	0.00000	5889.42300
7.04862	0.00000	5897.43600
7.05245	0.00000	5897.43600
7.05628	0.00000	5897.43600
7.06012	0.00000	5897.43600
7.06396	0.00000	5897.43600
7.06779	0.00000	5897.43600
7.07163	0.00000	5897.43600
7.07548	0.00000	5897.43600
7.07928	0.00000	5891.42600
7.08312	0.00000	5891.42600
7.08696	0.00000	5891.42600
7.09080	0.00000	5891.42600
7.09463	0.00000	5891.42600
7.09848	0.00000	5891.42600
7.10233	0.00000	5891.42600
7.10618	0.00000	5891.42600
7.11003	0.00000	5887.42000
7.11387	0.00000	5887.42000
7.11771	0.00000	5887.42000
7.12155	0.00000	5887.42000
7.12539	0.00000	5887.42000
7.12923	0.00000	5887.42000
7.13306	0.00000	5887.42000
7.13692	0.00000	5887.42000
7.14075	0.00000	5885.41600
7.14458	0.00000	5885.41600
7.14841	0.00000	5885.41600
7.15225	0.00000	5885.41600
7.15609	0.00000	5885.41600
7.15993	0.00000	5885.41600
7.16378	0.00000	5885.41600
7.16763	0.00000	5907.86600
7.17147	0.00000	5907.86600
7.17528	0.00000	5907.86600
7.17912	0.00000	5907.86600
7.18296	0.00000	5907.86600
7.18680	0.00000	5907.86600
7.19062	0.00000	5907.86600
7.19448	0.00000	5907.86600
7.19832	0.00000	5865.38400
7.20216	0.00000	5865.38400
7.20601	0.00000	5865.38400
7.20984	0.00000	5865.38400
7.21368	0.00000	5865.38400
7.21753	0.00000	5865.38400
7.22136	0.00000	5865.38400
7.22521	0.00000	5865.38400
7.22904	0.00000	5887.42000
7.23289	0.00000	5887.42000
7.23673	0.00000	5887.42000
7.24057	0.00000	5887.42000
7.24441	0.00000	5887.42000
7.24825	0.00000	5887.42000
7.25210	0.00000	5887.42000
7.25594	0.00000	5887.42000
7.25978	0.00000	5940.19400
7.26361	0.00000	5940.19400
7.26746	0.00000	5940.19400
7.27128	0.00000	5940.19400
7.27511	0.00000	5940.19400
7.27894	0.00000	5940.19400
7.28278	0.00000	5940.19400
7.28665	0.00000	5940.19400
7.29048	0.00000	5889.42300
7.29432	0.00000	5889.42300
7.29817	0.00000	5889.42300
7.30201	0.00000	5889.42300
7.30586	0.00000	5889.42300
7.30970	0.00000	5889.42300
7.31355	0.00000	5889.42300
7.31740	0.00000	5889.42300
7.32125	0.00000	5936.15300
7.32509	0.00000	5936.15300
7.32894	0.00000	5936.15300
7.33278	0.00000	5936.15300
7.33662	0.00000	5936.15300
7.34045	0.00000	5936.15300
7.34429	0.00000	5936.15300
7.34813	0.00000	5936.15300
7.35197	0.00000	5885.41600
7.35582	0.00000	5885.41600
7.35972	0.00000	5885.41600
7.36366	0.00000	5885.41600
7.36756	0.00000	5885.41600
7.37141	0.00000	5885.41600
7.37526	0.00000	5885.41600
7.37911	0.00000	5885.41600
7.38295	0.00000	5879.40700
7.38679	0.00000	5879.40700
7.39063	0.00000	5879.40700
7.39447	0.00000	5879.40700
7.39831	0.00000	5879.40700
7.40215	0.00000	5879.40700
7.40600	0.00000	5879.40700
7.40984	0.00000	5903.82500
7.41367	0.00000	5903.82500
7.41752	0.00000	5903.82500
7.42136	0.00000	5903.82500
7.42521	0.00000	5903.82500
7.42905	0.00000	5903.82500
7.43289	0.00000	5903.82500
7.43674	0.00000	5903.82500
7.44058	0.00000	5907.86600
7.44442	0.00000	5907.86600
7.44826	0.00000	5907.86600
7.45209	0.00000	5907.86600
7.45593	0.00000	5907.86600
7.45977	0.00000	5907.86600
7.46361	0.00000	5907.86600
7.46744	0.00000	5907.86600
7.47127	0.00000	5936.15300
7.47511	0.00000	5936.15300
7.47896	0.00000	5936.15300
7.48279	0.00000	5936.15300
7.48664	0.00000	5936.15300
7.49048	0.00000	5936.15300
7.49433	0.00000	5936.15300
7.49817	0.00000	5936.15300
7.50202	0.00000	5879.40700
7.50587	0.00000	5879.40700
7.50971	0.00000	5879.40700
7.51355	0.00000	5879.40700
7.51739	0.00000	5879.40700
7.52123	0.00000	5879.40700
7.52506	0.00000	5879.40700
7.52889	0.00000	5879.40700
7.53273	0.00000	5879.40700
7.53657	0.00000	5879.40700
7.54041	0.00000	5879.40700
7.54425	0.00000	5879.40700
7.54809	0.00000	5879.40700
7.55193	0.00000	5879.40700
7.55577	0.00000	5879.40700
7.55961	0.00000	5879.40700
7.56346	0.00000	5932.11200
7.56728	0.00000	5932.11200
7.57113	0.00000	5932.11200
7.57497	0.00000	5932.11200
7.57881	0.00000	5932.11200
7.58264	0.00000	5932.11200
7.58648	0.00000	5932.11200
7.59033	0.00000	5932.11200
7.59417	0.00000	5881.41000
7.59800	0.00000	5881.41000
7.60185	0.00000	5881.41000
7.60568	0.00000	5881.41000
7.60952	0.00000	5881.41000
7.61336	0.00000	5881.41000
7.61720	0.00000	5881.41000
7.62105	0.00000	5881.41000
7.62489	0.00000	5887.42000
7.62873	0.00000	5887.42000
7.63258	0.00000	5887.42000
7.63642	0.00000	5887.42000
7.64026	0.00000	5887.42000
7.64409	0.00000	5887.42000
7.64793	0.00000	5887.42000
7.65178	0.00000	5887.42000
7.65560	0.00000	5922.00900
7.65943	0.00000	5922.00900
7.66325	0.00000	5922.00900
7.66709	0.00000	5922.00900
7.67091	0.00000	5922.00900
7.67477	0.00000	5922.00900
7.67860	0.00000	5922.00900
7.68244	0.00000	5897.76400
7.68628	0.00000	5897.76400
7.69012	0.00000	5897.76400
7.69395	0.00000	5897.76400
7.69778	0.00000	5897.76400
7.70161	0.00000	5897.76400
7.70545	0.00000	5897.76400
7.70927	0.00000	5897.76400
7.71311	0.00000	5913.92800
7.71697	0.00000	5913.92800
7.72080	0.00000	5913.92800
7.72464	0.00000	5913.92800
7.72847	0.00000	5913.92800
7.73230	0.00000	5913.92800
7.73614	0.00000	5913.92800
7.73998	0.00000	5913.92800
7.74383	0.00000	5934.13300
7.74767	0.00000	5934.13300
7.75150	0.00000	5934.13300
7.75536	0.00000	5934.13300
7.75920	0.00000	5934.13300
7.76303	0.00000	5934.13300
7.76686	0.00000	5934.13300
7.77069	0.00000	5934.13300
7.77452	0.00000	5879.40700
7.77836	0.00000	5879.40700
7.78220	0.00000	5879.40700
7.78604	0.00000	5879.40700
7.78988	0.00000	5879.40700
7.79372	0.00000	5879.40700
7.79757	0.00000	5879.40700
7.80142	0.00000	5879.40700
7.80526	0.00000	5877.40400
7.80911	0.00000	5877.40400
7.81295	0.00000	5877.40400
7.81680	0.00000	5877.40400
7.82064	0.00000	5877.40400
7.82448	0.00000	5877.40400
7.82832	0.00000	5877.40400
7.83216	0.00000	5877.40400
7.83600	0.00000	5932.11200
7.83984	0.00000	5932.11200
7.84368	0.00000	5932.11200
7.84753	0.00000	5932.11200
7.85137	0.00000	5932.11200
7.85521	0.00000	5932.11200
7.85906	0.00000	5932.11200
7.86291	0.00000	5932.11200
7.86676	0.00000	5875.40100
7.87060	0.00000	5875.40100
7.87445	0.00000	5875.40100
7.87830	0.00000	5875.40100
7.88215	0.00000	5875.40100
7.88599	0.00000	5875.40100
7.88983	0.00000	5875.40100
7.89367	0.00000	5875.40100
7.89751	0.00000	5877.40400
7.90134	0.00000	5877.40400
7.90518	0.00000	5877.40400
7.90902	0.00000	5877.40400
7.91287	0.00000	5877.40400
7.91671	0.00000	5877.40400
7.92055	0.00000	5877.40400
7.92439	0.00000	5895.74300
7.92823	0.00000	5895.74300
7.93206	0.00000	5895.74300
7.93592	0.00000	5895.74300
7.93976	0.00000	5895.74300
7.94361	0.00000	5895.74300
7.94745	0.00000	5895.74300
7.95127	0.00000	5895.74300
7.95512	0.00000	5901.80400
7.95897	0.00000	5901.80400
7.96280	0.00000	5901.80400
7.96664	0.00000	5901.80400
7.97048	0.00000	5901.80400
7.97432	0.00000	5901.80400
7.97816	0.00000	5901.80400
7.98199	0.00000	5901.80400
7.98582	0.00000	5873.39700
7.98966	0.00000	5873.39700
7.99349	0.00000	5873.39700
7.99733	0.00000	5873.39700
8.00117	0.00000	5873.39700
8.00503	0.00000	5873.39700
8.00887	0.00000	5873.39700
8.01272	0.00000	5873.39700
8.01656	0.00000	5932.11200
8.02041	0.00000	5932.11200
8.02426	0.00000	5932.11200
8.02810	0.00000	5932.11200
8.03195	0.00000	5932.11200
8.03579	0.00000	5932.11200
8.03964	0.00000	5932.11200
8.04348	0.00000	5932.11200
8.04727	0.00000	5875.40100
8.05112	0.00000	5875.40100
8.05495	0.00000	5875.40100
8.05880	0.00000	5875.40100
8.06264	0.00000	5875.40100
8.06648	0.00000	5875.40100
8.07031	0.00000	5875.40100
8.07415	0.00000	5875.40100
8.07798	0.00000	5873.39700
8.08182	0.00000	5873.39700
8.08566	0.00000	5873.39700
8.08952	0.00000	5873.39700
8.09337	0.00000	5873.39700
8.09721	0.00000	5873.39700
8.10105	0.00000	5873.39700
8.10489	0.00000	5873.39700
8.10874	0.00000	5875.40100
8.11261	0.00000	5875.40100
8.11645	0.00000	5875.40100
8.12031	0.00000	5875.40100
8.12415	0.00000	5875.40100
8.12799	0.00000	5875.40100
8.13184	0.00000	5875.40100
8.13568	0.00000	5875.40100
8.13952	0.00000	5917.96900
8.14336	0.00000	5917.96900
8.14720	0.00000	5917.96900
8.15104	0.00000	5917.96900
8.15488	0.00000	5917.96900
8.15871	0.00000	5917.96900
8.16256	0.00000	5917.96900
8.16642	0.00000	5891.70200
8.17024	0.00000	5891.70200
8.17409	0.00000	5891.70200
8.17794	0.00000	5891.70200
8.18178	0.00000	5891.70200
8.18562	0.00000	5891.70200
8.18947	0.00000	5891.70200
8.19330	0.00000	5891.70200
8.19714	0.00000	5899.78400
8.20099	0.00000	5899.78400
8.20483	0.00000	5899.78400
8.20866	0.00000	5899.78400
8.21249	0.00000	5899.78400
8.21633	0.00000	5899.78400
8.22016	0.00000	5899.78400
8.22400	0.00000	5899.78400
8.22784	0.00000	5877.40400
8.23169	0.00000	5877.40400
8.23552	0.00000	5877.40400
8.23935	0.00000	5877.40400
8.24319	0.00000	5877.40400
8.24704	0.00000	5877.40400
8.25088	0.00000	5877.40400
8.25472	0.00000	5877.40400
8.25857	0.00000	5926.05100
8.26243	0.00000	5926.05100
8.26627	0.00000	5926.05100
8.27010	0.00000	5926.05100
8.27394	0.00000	5926.05100
8.27777	0.00000	5926.05100
8.28163	0.00000	5926.05100
8.28547	0.00000	5926.05100
8.28931	0.00000	5877.40400
8.29316	0.00000	5877.40400
8.29699	0.00000	5877.40400
8.30083	0.00000	5877.40400
8.30467	0.00000	5877.40400
8.30851	0.00000	5877.40400
8.31236	0.00000	5877.40400
8.31620	0.00000	5877.40400
8.32004	0.00000	5877.40400
8.32389	0.00000	5877.40400
8.32774	0.00000	5877.40400
8.33158	0.00000	5877.40400
8.33543	0.00000	5877.40400
8.33928	0.00000	5877.40400
8.34312	0.00000	5877.40400
8.34695	0.00000	5877.40400
8.35079	0.00000	5930.09100
8.35464	0.00000	5930.09100
8.35851	0.00000	5930.09100
8.36235	0.00000	5930.09100
8.36620	0.00000	5930.09100
8.37004	0.00000	5930.09100
8.37390	0.00000	5930.09100
8.37774	0.00000	5930.09100
8.38159	0.00000	5922.00900
8.38543	0.00000	5922.00900
8.38928	0.00000	5922.00900
8.39312	0.00000	5922.00900
8.39696	0.00000	5922.00900
8.40082	0.00000	5922.00900
8.40466	0.00000	5922.00900
8.40849	0.00000	5893.72300
8.41232	0.00000	5893.72300
8.41618	0.00000	5893.72300
8.42001	0.00000	5893.72300
8.42385	0.00000	5893.72300
8.42768	0.00000	5893.72300
8.43155	0.00000	5893.72300
8.43539	0.00000	5893.72300
8.43925	0.00000	5901.80400
8.44312	0.00000	5901.80400
8.44696	0.00000	5901.80400
8.45081	0.00000	5901.80400
8.45465	0.00000	5901.80400
8.45850	0.00000	5901.80400
8.46234	0.00000	5901.80400
8.46618	0.00000	5901.80400
8.47002	0.00000	5926.05100
8.47386	0.00000	5926.05100
8.47770	0.00000	5926.05100
8.48154	0.00000	5926.05100
8.48537	0.00000	5926.05100
8.48921	0.00000	5926.05100
8.49305	0.00000	5926.05100
8.49689	0.00000	5926.05100
8.50072	0.00000	5875.40100
8.50456	0.00000	5875.40100
8.50840	0.00000	5875.40100
8.51225	0.00000	5875.40100
8.51610	0.00000	5875.40100
8.51995	0.00000	5875.40100
8.52379	0.00000	5875.40100
8.52764	0.00000	5875.40100
8.53148	0.00000	5869.39000
8.53532	0.00000	5869.39000
8.53918	0.00000	5869.39000
8.54302	0.00000	5869.39000
8.54686	0.00000	5869.39000
8.55071	0.00000	5869.39000
8.55454	0.00000	5869.39000
8.55838	0.00000	5869.39000
8.56222	0.00000	5871.39400
8.56606	0.00000	5871.39400
8.56989	0.00000	5871.39400
8.57372	0.00000	5871.39400
8.57756	0.00000	5871.39400
8.58140	0.00000	5871.39400
8.58525	0.00000	5871.39400
8.58909	0.00000	5871.39400
8.59295	0.00000	5919.98900
8.59679	0.00000	5919.98900
8.60063	0.00000	5919.98900
8.60448	0.00000	5919.98900
8.60836	0.00000	5919.98900
8.61221	0.00000	5919.98900
8.61605	0.00000	5919.98900
8.61989	0.00000	5919.98900
8.62372	0.00000	5901.80400
8.62756	0.00000	5901.80400
8.63139	0.00000	5901.80400
8.63523	0.00000	5901.80400
8.63908	0.00000	5901.80400
8.64292	0.00000	5901.80400
8.64677	0.00000	5901.80400
8.65062	0.00000	5891.70200
8.65447	0.00000	5891.70200
8.65831	0.00000	5891.70200
8.66216	0.00000	5891.70200
8.66600	0.00000	5891.70200
8.66985	0.00000	5891.70200
8.67370	0.00000	5891.70200
8.67754	0.00000	5891.70200
8.68138	0.00000	5865.38400
8.68522	0.00000	5865.38400
8.68907	0.00000	5865.38400
8.69290	0.00000	5865.38400
8.69673	0.00000	5865.38400
8.70058	0.00000	5865.38400
8.70441	0.00000	5865.38400
8.70825	0.00000	5865.38400
8.71209	0.00000	5917.96900
8.71593	0.00000	5917.96900
8.71977	0.00000	5917.96900
8.72361	0.00000	5917.96900
8.72745	0.00000	5917.96900
8.73127	0.00000	5917.96900
8.73511	0.00000	5917.96900
8.73895	0.00000	5917.96900
8.74279	0.00000	5915.94800
8.74664	0.00000	5915.94800
8.75048	0.00000	5915.94800
8.75433	0.00000	5915.94800
8.75818	0.00000	5915.94800
8.76202	0.00000	5915.94800
8.76586	0.00000	5915.94800
8.76971	0.00000	5915.94800
8.77355	0.00000	5913.92800
8.77738	0.00000	5913.92800
8.78122	0.00000	5913.92800
8.78505	0.00000	5913.92800
8.78889	0.00000	5913.92800
8.79272	0.00000	5913.92800
8.79655	0.00000	5913.92800
8.80038	0.00000	5913.92800
8.80422	0.00000	5865.38400
8.80806	0.00000	5865.38400
8.81190	0.00000	5865.38400
8.81574	0.00000	5865.38400
8.81957	0.00000	5865.38400
8.82341	0.00000	5865.38400
8.82724	0.00000	5865.38400
8.83109	0.00000	5865.38400
8.83493	0.00000	5861.37800
8.83878	0.00000	5861.37800
8.84261	0.00000	5861.37800
8.84646	0.00000	5861.37800
8.85030	0.00000	5861.37800
8.85415	0.00000	5861.37800
8.85799	0.00000	5861.37800
8.86184	0.00000	5885.64100
8.86566	0.00000	5885.64100
8.86950	0.00000	5885.64100
8.87334	0.00000	5885.64100
8.87717	0.00000	5885.64100
8.88102	0.00000	5885.64100
8.88486	0.00000	5885.64100
8.88869	0.00000	5885.64100
8.89253	0.00000	5887.66100
8.89639	0.00000	5887.66100
8.90023	0.00000	5887.66100
8.90407	0.00000	5887.66100
8.90791	0.00000	5887.66100
8.91175	0.00000	5887.66100
8.91559	0.00000	5887.66100
8.91943	0.00000	5887.66100
8.92327	0.00000	5917.96900
8.92712	0.00000	5917.96900
8.93097	0.00000	5917.96900
8.93480	0.00000	5917.96900
8.93865	0.00000	5917.96900
8.94249	0.00000	5917.96900
8.94633	0.00000	5917.96900
8.95017	0.00000	5917.96900
8.95401	0.00000	5915.94800
8.95784	0.00000	5915.94800
8.96167	0.00000	5915.94800
8.96551	0.00000	5915.94800
8.96934	0.00000	5915.94800
8.97318	0.00000	5915.94800
8.97701	0.00000	5915.94800
8.98085	0.00000	5915.94800
8.98468	0.00000	5913.92800
8.98852	0.00000	5913.92800
8.99235	0.00000	5913.92800
8.99619	0.00000	5913.92800
9.00002	0.00000	5913.92800
9.00385	0.00000	5913.92800
9.00770	0.00000	5913.92800
9.01155	0.00000	5913.92800
9.01539	0.00000	5865.38400
9.01923	0.00000	5865.38400
9.02307	0.00000	5865.38400
9.02691	0.00000	5865.38400
9.03074	0.00000	5865.38400
9.03458	0.00000	5865.38400
9.03842	0.00000	5865.38400
9.04225	0.00000	5865.38400
9.04609	0.00000	5865.38400
9.04992	0.00000	5865.38400
9.05378	0.00000	5865.38400
9.05762	0.00000	5865.38400
9.06145	0.00000	5865.38400
9.06528	0.00000	5865.38400
9.06911	0.00000	5865.38400
9.07294	0.00000	5865.38400
9.07678	0.00000	5859.37500
9.08062	0.00000	5859.37500
9.08446	0.00000	5859.37500
9.08830	0.00000	5859.37500
9.09213	0.00000	5859.37500
9.09597	0.00000	5859.37500
9.09982	0.00000	5859.37500
9.10366	0.00000	5879.57900
9.10750	0.00000	5879.57900
9.11134	0.00000	5879.57900
9.11518	0.00000	5879.57900
9.11902	0.00000	5879.57900
9.12286	0.00000	5879.57900
9.12670	0.00000	5879.57900
9.13054	0.00000	5879.57900
9.13438	0.00000	5899.78400
9.13822	0.00000	5899.78400
9.14205	0.00000	5899.78400
9.14588	0.00000	5899.78400
9.14972	0.00000	5899.78400
9.15355	0.00000	5899.78400
9.15739	0.00000	5899.78400
9.16122	0.00000	5899.78400
9.16505	0.00000	5922.00900
9.16890	0.00000	5922.00900
9.17274	0.00000	5922.00900
9.17658	0.00000	5922.00900
9.18042	0.00000	5922.00900
9.18426	0.00000	5922.00900
9.18810	0.00000	5922.00900
9.19194	0.00000	5922.00900
9.19579	0.00000	5873.39700
9.19963	0.00000	5873.39700
9.20347	0.00000	5873.39700
9.20728	0.00000	5873.39700
9.21112	0.00000	5873.39700
9.21498	0.00000	5873.39700
9.21881	0.00000	5873.39700
9.22265	0.00000	5873.39700
9.22648	0.00000	5871.39400
9.23034	0.00000	5871.39400
9.23417	0.00000	5871.39400
9.23801	0.00000	5871.39400
9.24185	0.00000	5871.39400
9.24570	0.00000	5871.39400
9.24954	0.00000	5871.39400
9.25338	0.00000	5871.39400
9.25722	0.00000	5869.39000
9.26107	0.00000	5869.39000
9.26491	0.00000	5869.39000
9.26874	0.00000	5869.39000
9.27259	0.00000	5869.39000
9.27644	0.00000	5869.39000
9.28027	0.00000	5869.39000
9.28411	0.00000	5869.39000
9.28796	0.00000	5922.00900
9.29180	0.00000	5922.00900
9.29564	0.00000	5922.00900
9.29949	0.00000	5922.00900
9.30328	0.00000	5922.00900
9.30712	0.00000	5922.00900
9.31096	0.00000	5922.00900
9.31479	0.00000	5922.00900
9.31862	0.00000	5911.90700
9.32248	0.00000	5911.90700
9.32631	0.00000	5911.90700
9.33015	0.00000	5911.90700
9.33399	0.00000	5911.90700
9.33782	0.00000	5911.90700
9.34166	0.00000	5911.90700
9.34550	0.00000	5881.60000
9.34933	0.00000	5881.60000
9.35318	0.00000	5881.60000
9.35702	0.00000	5881.60000
9.36087	0.00000	5881.60000
9.36472	0.00000	5881.60000
9.36858	0.00000	5881.60000
9.37242	0.00000	5881.60000
9.37626	0.00000	5901.80400
9.38013	0.00000	5901.80400
9.38396	0.00000	5901.80400
9.38779	0.00000	5901.80400
9.39163	0.00000	5901.80400
9.39547	0.00000	5901.80400
9.39928	0.00000	5901.80400
9.40311	0.00000	5901.80400
9.40694	0.00000	5867.38700
9.41077	0.00000	5867.38700
9.41461	0.00000	5867.38700
9.41845	0.00000	5867.38700
9.42229	0.00000	5867.38700
9.42614	0.00000	5867.38700
9.42997	0.00000	5867.38700
9.43382	0.00000	5867.38700
9.43767	0.00000	5915.94800
9.44153	0.00000	5915.94800
9.44540	0.00000	5915.94800
9.44924	0.00000	5915.94800
9.45310	0.00000	5915.94800
9.45694	0.00000	5915.94800
9.46078	0.00000	5915.94800
9.46462	0.00000	5915.94800
9.46845	0.00000	5926.05100
9.47229	0.00000	5926.05100
9.47613	0.00000	5926.05100
9.47996	0.00000	5926.05100
9.48380	0.00000	5926.05100
9.48764	0.00000	5926.05100
9.49148	0.00000	5926.05100
9.49532	0.00000	5926.05100
9.49916	0.00000	5871.39400
9.50300	0.00000	5871.39400
9.50685	0.00000	5871.39400
9.51069	0.00000	5871.39400
9.51454	0.00000	5871.39400
9.51838	0.00000	5871.39400
9.52223	0.00000	5871.39400
9.52607	0.00000	5871.39400
9.52992	0.00000	5869.39000
9.53376	0.00000	5869.39000
9.53760	0.00000	5869.39000
9.54144	0.00000	5869.39000
9.54527	0.00000	5869.39000
9.54910	0.00000	5869.39000
9.55294	0.00000	5869.39000
9.55677	0.00000	5869.39000
9.56059	0.00000	5855.36800
9.56443	0.00000	5855.36800
9.56828	0.00000	5855.36800
9.57212	0.00000	5855.36800
9.57596	0.00000	5855.36800
9.57981	0.00000	5855.36800
9.58365	0.00000	5855.36800
9.58749	0.00000	5887.66100
9.59135	0.00000	5887.66100
9.59520	0.00000	5887.66100
9.59904	0.00000	5887.66100
9.60288	0.00000	5887.66100
9.60673	0.00000	5887.66100
9.61056	0.00000	5887.66100
9.61440	0.00000	5887.66100
9.61824	0.00000	5915.94800
9.62209	0.00000	5915.94800
9.62593	0.00000	5915.94800
9.62976	0.00000	5915.94800
9.63361	0.00000	5915.94800
9.63745	0.00000	5915.94800
9.64128	0.00000	5915.94800
9.64511	0.00000	5915.94800
9.64897	0.00000	5867.38700
9.65280	0.00000	5867.38700
9.65665	0.00000	5867.38700
9.66050	0.00000	5867.38700
9.66433	0.00000	5867.38700
9.66818	0.00000	5867.38700
9.67202	0.00000	5867.38700
9.67587	0.00000	5867.38700
9.67971	0.00000	5869.39000
9.68355	0.00000	5869.39000
9.68739	0.00000	5869.39000
9.69123	0.00000	5869.39000
9.69508	0.00000	5869.39000
9.69892	0.00000	5869.39000
9.70276	0.00000	5869.39000
9.70659	0.00000	5869.39000
9.71042	0.00000	5867.38700
9.71426	0.00000	5867.38700
9.71810	0.00000	5867.38700
9.72193	0.00000	5867.38700
9.72577	0.00000	5867.38700
9.72962	0.00000	5867.38700
9.73347	0.00000	5867.38700
9.73730	0.00000	5867.38700
9.74115	0.00000	5917.96900
9.74498	0.00000	5917.96900
9.74883	0.00000	5917.96900
9.75267	0.00000	5917.96900
9.75651	0.00000	5917.96900
9.76036	0.00000	5917.96900
9.76420	0.00000	5917.96900
9.76805	0.00000	5917.96900
9.77188	0.00000	5915.94800
9.77573	0.00000	5915.94800
9.77956	0.00000	5915.94800
9.78339	0.00000	5915.94800
9.78724	0.00000	5915.94800
9.79108	0.00000	5915.94800
9.79491	0.00000	5915.94800
9.79875	0.00000	5885.64100
9.80258	0.00000	5885.64100
9.80642	0.00000	5885.64100
9.81025	0.00000	5885.64100
9.81409	0.00000	5885.64100
9.81793	0.00000	5885.64100
9.82177	0.00000	5885.64100
9.82561	0.00000	5885.64100
9.82946	0.00000	5899.78400
9.83332	0.00000	5899.78400
9.83716	0.00000	5899.78400
9.84100	0.00000	5899.78400
9.84485	0.00000	5899.78400
9.84869	0.00000	5899.78400
9.85252	0.00000	5899.78400
9.85637	0.00000	5899.78400
9.86021	0.00000	5865.38400
9.86404	0.00000	5865.38400
9.86788	0.00000	5865.38400
9.87172	0.00000	5865.38400
9.87555	0.00000	5865.38400
9.87938	0.00000	5865.38400
9.88321	0.00000	5865.38400
9.88705	0.00000	5865.38400
9.89088	0.00000	5913.92800
9.89472	0.00000	5913.92800
9.89855	0.00000	5913.92800
9.90240	0.00000	5913.92800
9.90624	0.00000	5913.92800
9.91010	0.00000	5913.92800
9.91394	0.00000	5913.92800
9.91779	0.00000	5913.92800
9.92162	0.00000	5917.96900
9.92547	0.00000	5917.96900
9.92931	0.00000	5917.96900
9.93315	0.00000	5917.96900
9.93699	0.00000	5917.96900
9.94082	0.00000	5917.96900
9.94466	0.00000	5917.96900
9.94851	0.00000	5917.96900
9.95234	0.00000	5919.98900
9.95618	0.00000	5919.98900
9.96002	0.00000	5919.98900
9.96386	0.00000	5919.98900
9.96771	0.00000	5919.98900
9.97154	0.00000	5919.98900
9.97538	0.00000	5919.98900
9.97921	0.00000	5919.98900
9.98305	0.00000	5863.38100
9.98690	0.00000	5863.38100
9.99074	0.00000	5863.38100
9.99458	0.00000	5863.38100
9.99842	0.00000	5863.38100
