Time (s)   roll (deg)
0.00027	1.26776
0.01927	1.91580
0.03825	1.80294
0.05725	3.09404
0.07615	1.98158
0.09502	1.73717
0.11389	1.80683
0.13274	2.62982
0.15127	2.95890
0.17013	1.69424
0.18902	2.69410
0.20802	2.22146
0.22680	3.62735
0.24547	3.23502
0.26434	2.23622
0.28319	4.23500
0.30205	3.00188
0.32109	3.21191
0.34000	2.51013
0.35854	3.14773
0.37738	2.32226
0.39623	3.98273
0.41507	3.55114
0.43390	2.47721
0.45255	2.97984
0.47122	3.17579
0.49010	2.45127
0.50895	2.32006
0.52780	2.97765
0.54664	2.45569
0.56554	3.06880
0.58407	2.79424
0.60293	4.11986
0.62176	3.35627
0.64060	4.66504
0.65945	2.55896
0.67792	3.53227
0.69676	3.07448
0.71558	4.03019
0.73442	2.33929
0.75325	4.15791
0.77207	2.84894
0.79054	4.10711
0.80938	3.92609
0.82823	3.04964
0.84706	3.60071
0.86589	3.20511
0.88485	4.27914
0.90342	2.65128
0.92227	3.61021
0.94112	3.55651
0.95997	5.10007
0.97880	3.27683
0.99764	4.43319
1.01614	3.53648
1.03498	3.58387
1.05382	3.57764
1.07265	3.40627
1.09147	3.82253
1.10995	3.50704
1.12878	3.23896
1.14761	3.52390
1.16644	3.90424
1.18527	3.61034
1.20410	4.75786
1.22287	3.65538
1.24185	4.76115
1.26073	3.42080
1.27958	3.91133
1.29843	2.19379
1.31728	4.56225
1.33582	4.14753
1.35466	2.98391
1.37350	3.53227
1.39234	3.62681
1.41118	3.79367
1.43002	1.89822
1.44863	3.38456
1.46727	3.66205
1.48621	3.21142
1.50509	1.92069
1.52395	4.23931
1.54247	3.84123
1.56141	3.36757
1.58034	3.05127
1.59921	2.78506
1.61809	3.95116
1.63695	3.63444
1.65548	3.33995
1.67431	2.82926
1.69314	2.48071
1.71200	2.76954
1.73083	2.50635
1.74968	2.26441
1.76817	1.33634
1.78700	2.99971
1.80584	1.99804
1.82468	3.37118
1.84350	2.51465
1.86233	2.54303
1.88135	2.76462
1.90018	2.63286
1.91901	2.51067
1.93783	2.30751
1.95667	3.11228
1.97520	2.12623
1.99406	1.50820
2.01290	2.83023
2.03174	2.06265
2.05056	2.22875
2.06940	3.34423
2.08788	2.21987
2.10672	2.87760
2.12557	2.11291
2.14440	2.26512
2.16324	2.06419
2.18209	1.42114
2.20058	1.01986
2.21953	1.72479
2.23864	2.24260
2.25765	3.01190
2.27657	2.35688
2.29510	1.82541
2.31399	1.78456
2.33287	1.10707
2.35172	2.53749
2.37057	2.61102
2.38941	2.24932
2.40790	2.24810
2.42674	2.05260
2.44559	0.23572
2.46426	2.87155
2.48322	2.36685
2.50216	1.73593
2.52095	2.97357
2.53985	2.26772
2.55875	2.92851
2.57763	2.54453
2.59649	2.06563
2.61534	3.29479
2.63383	2.40304
2.65272	3.68266
2.67157	3.32270
2.69042	3.62515
2.70926	1.96083
2.72777	3.92298
2.74661	3.07212
2.76544	3.87450
2.78427	2.56000
2.80310	1.40976
2.82194	3.66124
2.84042	3.94394
2.85926	3.92813
2.87809	3.93529
2.89692	3.91344
2.91577	2.90400
2.93467	3.47658
2.95330	2.36486
2.97217	2.77132
2.99101	3.55432
3.00985	3.50983
3.02870	2.89264
3.04754	2.69001
3.06602	2.66132
3.08485	2.54407
3.10369	2.85551
3.12252	2.67437
3.14140	4.69418
3.15992	1.74646
3.17875	3.32158
3.19759	1.73184
3.21643	2.23891
3.23544	3.38596
3.25438	2.16758
3.27293	2.73355
3.29178	1.91761
3.31062	3.53243
3.32979	1.63717
3.34866	2.58777
3.36752	1.86978
3.38602	3.33412
3.40486	2.17665
3.42370	3.28098
3.44254	2.70246
3.46158	1.56025
3.48054	1.27842
3.49962	1.96016
3.51851	2.60803
3.53737	1.90438
3.55627	2.33689
3.57516	2.15396
3.59368	1.96283
3.61258	1.94017
3.63154	3.59074
3.65043	2.02534
3.66929	1.81851
3.68815	2.62180
3.70667	1.98256
3.72552	2.62281
3.74437	1.95759
3.76321	2.50164
3.78206	1.66032
3.80091	2.87810
3.81940	2.21211
3.83823	2.28826
3.85707	1.66966
3.87593	2.17873
3.89477	2.24149
3.91326	2.07809
3.93211	3.18691
3.95095	2.46669
3.96978	3.61806
3.98862	0.19805
4.00747	3.01411
4.02596	1.60607
4.04479	2.70001
4.06362	2.01857
4.08245	2.45211
4.10128	2.98270
4.12012	2.20311
4.13860	2.27856
4.15744	2.38010
4.17629	3.59761
4.19513	3.85830
4.21402	4.00705
4.23254	2.44197
4.25157	3.99706
4.27051	2.27805
4.28939	2.49282
4.30833	1.45714
4.32731	2.83374
4.34590	2.74365
4.36476	2.53970
4.38361	2.37856
4.40246	2.91604
4.42131	3.60892
4.44015	2.01813
4.45897	3.44072
4.47793	3.26372
4.49680	5.01347
4.51564	2.07702
4.53449	3.22817
4.55336	1.26289
4.57188	2.68636
4.59073	2.63429
4.60960	2.15505
4.62846	1.83172
4.64729	4.01213
4.66613	2.61511
4.68461	2.48743
4.70346	2.04736
4.72229	1.79308
4.74115	1.59925
4.76000	2.78738
4.77848	2.18082
4.79731	1.46116
4.81613	2.99141
4.83496	3.11433
4.85379	2.76546
4.87262	2.41100
4.89111	1.55286
4.90994	2.75692
4.92877	3.13754
4.94760	2.46533
4.96642	2.14677
4.98529	2.65759
5.00394	1.19362
5.02284	2.43108
5.04168	0.92718
5.06054	1.99531
5.07938	1.40465
5.09822	2.37214
5.11671	1.12944
5.13555	2.05048
5.15441	2.50199
5.17325	2.07700
5.19209	2.69635
5.21057	1.21401
5.22981	2.19809
5.24877	1.17213
5.26764	2.76447
5.28649	1.71754
5.30536	3.85874
5.32393	1.19748
5.34283	2.84792
5.36170	1.60352
5.38055	2.37357
5.39939	1.93706
5.41823	3.22091
5.43674	2.31787
5.45549	2.52841
5.47444	3.76582
5.49331	2.63518
5.51216	2.34594
5.53104	1.57360
5.55018	1.73950
5.56907	1.10707
5.58791	3.45858
5.60676	2.36612
5.62561	2.56488
5.64411	3.14778
5.66295	2.74054
5.68184	2.51813
5.70075	2.76983
5.71961	1.53381
5.73853	2.45976
5.75708	2.78518
5.77592	1.02162
5.79476	3.57842
5.81361	2.58052
5.83245	3.56480
5.85129	3.01698
5.86978	3.89873
5.88864	3.15088
5.90751	3.91556
5.92636	3.15414
5.94521	3.10012
5.96369	2.38113
5.98253	2.47049
6.00137	2.95541
6.02021	2.22522
6.03905	2.47698
6.05789	1.50557
6.07638	2.63221
6.09521	2.73600
6.11406	3.84810
6.13290	2.57294
6.15181	3.26978
6.17070	2.11988
6.18926	2.27262
6.20818	3.44528
6.22682	2.49715
6.24579	2.11807
6.26469	2.39682
6.28356	2.96037
6.30209	2.01537
6.32100	2.94170
6.33990	2.55701
6.35880	3.34134
6.37774	2.95759
6.39632	2.32079
6.41517	1.17359
6.43406	1.58725
6.45302	2.04810
6.47200	2.70698
6.49096	2.88942
6.50955	2.00190
6.52842	2.65300
6.54727	2.44552
6.56614	2.48541
6.58501	1.87823
6.60386	2.46943
6.62237	2.70933
6.64122	1.92490
6.66008	2.01435
6.67895	2.49769
6.69784	0.97434
6.71688	1.69517
6.73564	1.60341
6.75425	1.01720
6.77285	1.98342
6.79162	2.76336
6.81027	1.95247
6.82903	1.87128
6.84806	2.95399
6.86714	2.04814
6.88579	1.21485
6.90480	2.28422
6.92385	2.15215
6.94250	1.99213
6.96137	0.97571
6.98023	2.44286
6.99915	2.24976
7.01815	2.75044
7.03713	0.52992
7.05590	2.64936
7.07496	1.83947
7.09398	2.72624
7.11296	1.98000
7.13196	3.02209
7.15098	3.08046
7.16964	2.08584
7.18857	3.32533
7.20751	3.35282
7.22666	2.58535
7.24535	2.72987
7.26429	2.48529
7.28349	2.63820
7.30209	3.64573
7.32107	1.97185
7.33986	3.08201
7.35891	2.84548
7.37769	3.70058
7.39638	3.42529
7.41550	3.85372
7.43419	3.48112
7.45332	3.76904
7.47203	2.47268
7.49047	3.54465
7.50971	3.64684
7.52879	3.40303
7.54789	3.73639
7.56702	3.80136
7.58615	3.81893
7.60494	3.11052
7.62408	4.47749
7.64333	3.40799
7.66198	4.01942
7.68086	3.40652
7.70029	4.07730
7.71914	3.71952
7.73817	3.32706
7.75712	3.43264
7.77608	3.56706
7.79497	3.14052
7.81385	4.39607
7.83242	3.90771
7.85136	5.00902
7.87031	4.14627
7.88924	3.70472
7.90825	3.44484
7.92692	3.81280
7.94590	4.12861
7.96485	4.39146
7.98381	4.48551
8.00275	4.71476
8.02171	4.79920
8.04038	4.15256
8.05938	4.69278
8.07833	3.97060
8.09728	4.52463
8.11623	4.03298
8.13522	4.65108
8.15396	4.59586
8.17294	5.53907
8.19193	3.21642
8.21089	4.48861
8.22951	4.32968
8.24814	3.82825
8.26714	3.63183
8.28589	4.11645
8.30450	3.11386
8.32329	2.79679
8.34163	3.86511
8.36034	2.80996
8.37877	3.44880
8.39735	2.38371
8.41635	3.45917
8.43531	2.87155
8.45425	3.29304
8.47288	4.60239
8.49174	3.40571
8.51059	2.83441
8.52944	2.25904
8.54808	3.10287
8.56709	2.85682
8.58541	3.52253
8.60401	2.72886
8.62262	1.89309
8.64157	2.46994
8.66052	2.00693
8.67943	3.01933
8.69854	1.72078
8.71741	1.84574
8.73626	1.80396
8.75511	2.73013
8.77397	1.36820
8.79283	2.89211
8.81132	1.38284
8.83016	2.09290
8.84900	2.04261
8.86783	2.39540
8.88668	0.94249
8.90521	1.97644
8.92409	1.37617
8.94296	1.72727
8.96182	2.74686
8.98067	2.85634
8.99954	1.64737
9.01811	2.06920
9.03697	1.67197
9.05582	2.63949
9.07466	1.48770
9.09350	1.70277
9.11241	2.98956
9.13104	2.23820
9.14996	1.56506
9.16885	1.41057
9.18773	2.21968
9.20661	1.50557
9.22556	1.68067
9.24427	1.88732
9.26315	2.14282
9.28201	1.92743
9.30085	1.80075
9.31968	2.32313
9.33824	1.12910
9.35711	2.06154
9.37595	2.29382
9.39493	2.30778
9.41382	2.71433
9.43321	3.18517
9.45168	2.34317
9.47080	1.81686
9.48961	2.09059
9.50881	2.13409
9.52782	0.99819
9.54682	3.19472
9.56609	2.00358
9.58510	2.72655
9.60391	2.07956
9.62250	1.95025
9.64127	2.14870
9.66035	3.11547
9.67905	3.42439
9.69803	2.43727
9.71700	1.52175
9.73595	3.73310
9.75502	3.21078
9.77411	2.41305
9.79339	1.73791
9.81237	1.59696
9.83133	2.42183
9.85031	2.22826
9.86927	2.89134
9.88797	3.74962
9.90701	3.24176
9.92601	2.67875
9.94497	2.72607
9.96394	0.71269
9.98290	2.72758
